413.262512	761.876221
420.179001	758.975830
427.095490	756.075439


413.594851	762.687382
420.558118	759.901167
427.521385	757.114951


413.913801	763.503901
420.921961	760.832615
427.930121	758.161329


414.219274	764.325556
421.270432	761.769923
428.321589	759.214289


414.511190	765.152126
421.603436	762.712836
428.695681	760.273547


414.789468	765.983386
421.920883	763.661101
429.052297	761.338816


415.054034	766.819111
422.222687	764.614459
429.391340	762.409807


415.304815	767.659076
422.508767	765.572653
429.712718	763.486230


415.541744	768.503053
422.779044	766.535424
430.016345	764.567795


415.764757	769.350813
423.033447	767.502511
430.302138	765.654209


415.973793	770.202127
423.271906	768.473652
430.570019	766.745177


416.168796	771.056765
423.494356	769.448585
430.819917	767.840405


416.349713	771.914495
423.700738	770.427045
431.051763	768.939595


416.516494	772.775085
423.890995	771.408768
431.265496	770.042450


416.669096	773.638303
424.065076	772.393488
431.461056	771.148673


416.807477	774.503914
424.222934	773.380938
431.638391	772.257963


416.931598	775.371684
424.364526	774.370852
431.797454	773.370020


417.041428	776.241379
424.489814	775.362961
431.938201	774.484543


417.136935	777.112764
424.598764	776.356997
432.060593	775.601231


417.218093	777.985601
424.691346	777.352691
432.164599	776.719781


417.284882	778.859655
424.767536	778.349773
432.250189	777.839891


417.337283	779.734690
424.827312	779.347974
432.317341	778.961258


417.375282	780.610469
424.870659	780.347023
432.366036	780.083577


417.398868	781.486754
424.897565	781.346650
432.396261	781.206546


417.408035	782.363308
424.908022	782.346584
432.408009	782.329860


417.402781	783.239895
424.902028	783.346555
432.401275	783.453215


417.383107	784.116277
424.879584	784.346292
432.376062	784.576307


417.349018	784.992216
424.840697	785.345524
432.332376	785.698832


417.300524	785.867476
424.785377	786.343982
432.270230	786.820487


417.237637	786.741820
424.713639	787.341394
432.189640	787.940968


417.160376	787.615011
424.625501	788.337491
432.090627	789.059971


417.068760	788.486813
424.520990	789.332004
431.973220	790.177195


0.654871	15.000000
0.654871	7.500000
0.654871	0.000000


1.654871	15.000000
1.654871	7.500000
1.654871	0.000000


2.654871	15.000000
2.654871	7.500000
2.654871	0.000000


3.654871	15.000000
3.654871	7.500000
3.654871	0.000000


4.654871	15.000000
4.654871	7.500000
4.654871	0.000000


5.654871	15.000000
5.654871	7.500000
5.654871	0.000000


6.654871	15.000000
6.654871	7.500000
6.654871	0.000000


7.654871	15.000000
7.654871	7.500000
7.654871	0.000000


8.654871	15.000000
8.654871	7.500000
8.654871	0.000000


9.654871	15.000000
9.654871	7.500000
9.654871	0.000000


10.654871	15.000000
10.654871	7.500000
10.654871	0.000000


11.654871	15.000000
11.654871	7.500000
11.654871	0.000000


12.654871	15.000000
12.654871	7.500000
12.654871	0.000000


13.654871	15.000000
13.654871	7.500000
13.654871	0.000000


14.654871	15.000000
14.654871	7.500000
14.654871	0.000000


15.654871	15.000000
15.654871	7.500000
15.654871	0.000000


16.654871	15.000000
16.654871	7.500000
16.654871	0.000000


17.654871	15.000000
17.654871	7.500000
17.654871	0.000000


18.654871	15.000000
18.654871	7.500000
18.654871	0.000000


19.654871	15.000000
19.654871	7.500000
19.654871	0.000000


20.654871	15.000000
20.654871	7.500000
20.654871	0.000000


21.654871	15.000000
21.654871	7.500000
21.654871	0.000000


22.654871	15.000000
22.654871	7.500000
22.654871	0.000000


23.654871	15.000000
23.654871	7.500000
23.654871	0.000000


24.654871	15.000000
24.654871	7.500000
24.654871	0.000000


25.654871	15.000000
25.654871	7.500000
25.654871	0.000000


26.654871	15.000000
26.654871	7.500000
26.654871	0.000000


27.654871	15.000000
27.654871	7.500000
27.654871	0.000000


28.654871	15.000000
28.654871	7.500000
28.654871	0.000000


29.654871	15.000000
29.654871	7.500000
29.654871	0.000000


30.654871	15.000000
30.654871	7.500000
30.654871	0.000000


31.654871	15.000000
31.654871	7.500000
31.654871	0.000000


32.654871	15.000000
32.654871	7.500000
32.654871	0.000000


33.654871	15.000000
33.654871	7.500000
33.654871	0.000000


34.654871	15.000000
34.654871	7.500000
34.654871	0.000000


35.654871	15.000000
35.654871	7.500000
35.654871	0.000000


36.654871	15.000000
36.654871	7.500000
36.654871	0.000000


37.654871	15.000000
37.654871	7.500000
37.654871	0.000000


38.654871	15.000000
38.654871	7.500000
38.654871	0.000000


39.654871	15.000000
39.654871	7.500000
39.654871	0.000000


40.654871	15.000000
40.654871	7.500000
40.654871	0.000000


41.654871	15.000000
41.654871	7.500000
41.654871	0.000000


42.654871	15.000000
42.654871	7.500000
42.654871	0.000000


43.654871	15.000000
43.654871	7.500000
43.654871	0.000000


44.654871	15.000000
44.654871	7.500000
44.654871	0.000000


45.654871	15.000000
45.654871	7.500000
45.654871	0.000000


46.654871	15.000000
46.654871	7.500000
46.654871	0.000000


47.654871	15.000000
47.654871	7.500000
47.654871	0.000000


48.654871	15.000000
48.654871	7.500000
48.654871	0.000000


49.654871	15.000000
49.654871	7.500000
49.654871	0.000000


50.654871	15.000000
50.654871	7.500000
50.654871	0.000000


51.654871	15.000000
51.654871	7.500000
51.654871	0.000000


52.654871	15.000000
52.654871	7.500000
52.654871	0.000000


53.654871	15.000000
53.654871	7.500000
53.654871	0.000000


54.654871	15.000000
54.654871	7.500000
54.654871	0.000000


55.654871	15.000000
55.654871	7.500000
55.654871	0.000000


56.654871	15.000000
56.654871	7.500000
56.654871	0.000000


57.654871	15.000000
57.654871	7.500000
57.654871	0.000000


58.654871	15.000000
58.654871	7.500000
58.654871	0.000000


59.654871	15.000000
59.654871	7.500000
59.654871	0.000000


60.654871	15.000000
60.654871	7.500000
60.654871	0.000000


61.654871	15.000000
61.654871	7.500000
61.654871	0.000000


62.654871	15.000000
62.654871	7.500000
62.654871	0.000000


63.654871	15.000000
63.654871	7.500000
63.654871	0.000000


64.654871	15.000000
64.654871	7.500000
64.654871	0.000000


65.654871	15.000000
65.654871	7.500000
65.654871	0.000000


66.654871	15.000000
66.654871	7.500000
66.654871	0.000000


67.654871	15.000000
67.654871	7.500000
67.654871	0.000000


68.654871	15.000000
68.654871	7.500000
68.654871	0.000000


69.654871	15.000000
69.654871	7.500000
69.654871	0.000000


70.654871	15.000000
70.654871	7.500000
70.654871	0.000000


71.654871	15.000000
71.654871	7.500000
71.654871	0.000000


72.654871	15.000000
72.654871	7.500000
72.654871	0.000000


73.654871	15.000000
73.654871	7.500000
73.654871	0.000000


74.654871	15.000000
74.654871	7.500000
74.654871	0.000000


75.654871	15.000000
75.654871	7.500000
75.654871	0.000000


76.654871	15.000000
76.654871	7.500000
76.654871	0.000000


77.654871	15.000000
77.654871	7.500000
77.654871	0.000000


78.654871	15.000000
78.654871	7.500000
78.654871	0.000000


79.654871	15.000000
79.654871	7.500000
79.654871	0.000000


80.654871	15.000000
80.654871	7.500000
80.654871	0.000000


81.654871	15.000000
81.654871	7.500000
81.654871	0.000000


82.654871	15.000000
82.654871	7.500000
82.654871	0.000000


83.654871	15.000000
83.654871	7.500000
83.654871	0.000000


84.654871	15.000000
84.654871	7.500000
84.654871	0.000000


85.654871	15.000000
85.654871	7.500000
85.654871	0.000000


86.654871	15.000000
86.654871	7.500000
86.654871	0.000000


87.654871	15.000000
87.654871	7.500000
87.654871	0.000000


88.654871	15.000000
88.654871	7.500000
88.654871	0.000000


89.654871	15.000000
89.654871	7.500000
89.654871	0.000000


90.654871	15.000000
90.654871	7.500000
90.654871	0.000000


91.654871	15.000000
91.654871	7.500000
91.654871	0.000000


92.654871	15.000000
92.654871	7.500000
92.654871	0.000000


93.654871	15.000000
93.654871	7.500000
93.654871	0.000000


94.654871	15.000000
94.654871	7.500000
94.654871	0.000000


95.654871	15.000000
95.654871	7.500000
95.654871	0.000000


96.654871	15.000000
96.654871	7.500000
96.654871	0.000000


97.654871	15.000000
97.654871	7.500000
97.654871	0.000000


98.654871	15.000000
98.654871	7.500000
98.654871	0.000000


99.654871	15.000000
99.654871	7.500000
99.654871	0.000000


100.654871	15.000000
100.654871	7.500000
100.654871	0.000000


101.654871	15.000000
101.654871	7.500000
101.654871	0.000000


102.654871	15.000000
102.654871	7.500000
102.654871	0.000000


103.654871	15.000000
103.654871	7.500000
103.654871	0.000000


104.654871	15.000000
104.654871	7.500000
104.654871	0.000000


105.654871	15.000000
105.654871	7.500000
105.654871	0.000000


106.654871	15.000000
106.654871	7.500000
106.654871	0.000000


107.654871	15.000000
107.654871	7.500000
107.654871	0.000000


108.654871	15.000000
108.654871	7.500000
108.654871	0.000000


109.654871	15.000000
109.654871	7.500000
109.654871	0.000000


110.654871	15.000000
110.654871	7.500000
110.654871	0.000000


111.654871	15.000000
111.654871	7.500000
111.654871	0.000000


112.654871	15.000000
112.654871	7.500000
112.654871	0.000000


113.654871	15.000000
113.654871	7.500000
113.654871	0.000000


114.366361	15.012962
114.654634	7.518505
114.942907	0.024047


115.065619	15.053854
115.652862	7.576880
116.240105	0.099906


115.762687	15.122630
116.647964	7.675061
117.533240	0.227492


116.456453	15.219180
117.638352	7.812891
118.820252	0.406602


117.145812	15.343350
118.622449	7.990150
120.099086	0.636951


117.829664	15.494942
119.598684	8.206556
121.367705	0.918171


118.506918	15.673715
120.565502	8.461764
122.624085	1.249813


119.176496	15.879383
121.521360	8.755366
123.866224	1.631349


119.837329	16.111618
122.464734	9.086895
125.092140	2.062171


120.488364	16.370051
123.394121	9.455821
126.299879	2.541591


121.128562	16.654269
124.308039	9.861557
127.487516	3.068846


121.756903	16.963818
125.205030	10.303456
128.653156	3.643094


122.372385	17.298207
126.083663	10.780813
129.794941	4.263420


122.974027	17.656900
126.942539	11.292867
130.911051	4.928835


123.560869	18.039327
127.780288	11.838802
131.999706	5.638277


124.131976	18.444877
128.595573	12.417746
133.059170	6.390616


124.686436	18.872904
129.387095	13.028778
134.087754	7.184652


125.223367	19.322725
130.153592	13.670922
135.083818	8.019119


125.741911	19.793624
130.893842	14.343155
136.045773	8.892687


126.241242	20.284849
131.606664	15.044405
136.972086	9.803962


126.720564	20.795617
132.290922	15.773554
137.861280	10.751492


127.179113	21.325114
132.945525	16.529439
138.711937	11.733765


127.616157	21.872495
133.569428	17.310855
139.522700	12.749216


128.121027	22.553725
134.165556	18.113717
140.210085	13.673710


128.713028	23.359662
134.757557	18.919655
140.802086	14.479647


129.305029	24.165599
135.349558	19.725592
141.394087	15.285585


129.897030	24.971536
135.941559	20.531529
141.986088	16.091522


130.489031	25.777474
136.533560	21.337467
142.578089	16.897459


131.081032	26.583411
137.125561	22.143404
143.170090	17.703397


131.673033	27.389348
137.717562	22.949341
143.762091	18.509334


132.265034	28.195286
138.309563	23.755278
144.354092	19.315271


132.857035	29.001223
138.901564	24.561216
144.946093	20.121208


133.449036	29.807160
139.493565	25.367153
145.538094	20.927146


134.041037	30.613097
140.085566	26.173090
146.130095	21.733083


134.633038	31.419035
140.677567	26.979027
146.722096	22.539020


135.225039	32.224972
141.269568	27.784965
147.314097	23.344957


135.817040	33.030909
141.861569	28.590902
147.906098	24.150895


136.409041	33.836846
142.453570	29.396839
148.498099	24.956832


137.001042	34.642784
143.045571	30.202776
149.090099	25.762769


137.593044	35.448721
143.637572	31.008714
149.682100	26.568707


138.185045	36.254658
144.229573	31.814651
150.274101	27.374644


138.777046	37.060596
144.821574	32.620588
150.866102	28.180581


139.369047	37.866533
145.413575	33.426526
151.458103	28.986518


139.961048	38.672470
146.005576	34.232463
152.050104	29.792456


140.553049	39.478407
146.597577	35.038400
152.642105	30.598393


141.145050	40.284345
147.189578	35.844337
153.234106	31.404330


141.737051	41.090282
147.781579	36.650275
153.826107	32.210267


142.329052	41.896219
148.373580	37.456212
154.418108	33.016205


142.921053	42.702156
148.965581	38.262149
155.010109	33.822142


143.513054	43.508094
149.557582	39.068086
155.602110	34.628079


144.105055	44.314031
150.149583	39.874024
156.194111	35.434017


144.697056	45.119968
150.741584	40.679961
156.786112	36.239954


145.289057	45.925905
151.333585	41.485898
157.378113	37.045891


145.881058	46.731843
151.925586	42.291836
157.970114	37.851828


146.473059	47.537780
152.517587	43.097773
158.562115	38.657766


147.065060	48.343717
153.109588	43.903710
159.154116	39.463703


147.657061	49.149655
153.701589	44.709647
159.746117	40.269640


148.249062	49.955592
154.293590	45.515585
160.338118	41.075577


148.841063	50.761529
154.885591	46.321522
160.930119	41.881515


149.433064	51.567466
155.477592	47.127459
161.522120	42.687452


150.025065	52.373404
156.069593	47.933396
162.114121	43.493389


150.617066	53.179341
156.661594	48.739334
162.706122	44.299326


151.209067	53.985278
157.253595	49.545271
163.298123	45.105264


151.801068	54.791215
157.845596	50.351208
163.890124	45.911201


152.393069	55.597153
158.437597	51.157146
164.482124	46.717138


152.985070	56.403090
159.029598	51.963083
165.074125	47.523076


153.577071	57.209027
159.621599	52.769020
165.666126	48.329013


154.169072	58.014965
160.213600	53.574957
166.258127	49.134950


154.761073	58.820902
160.805601	54.380895
166.850128	49.940887


155.353074	59.626839
161.397602	55.186832
167.442129	50.746825


155.945075	60.432776
161.989603	55.992769
168.034130	51.552762


156.537076	61.238714
162.581604	56.798706
168.626131	52.358699


157.129077	62.044651
163.173605	57.604644
169.218132	53.164636


157.721078	62.850588
163.765606	58.410581
169.810133	53.970574


158.313079	63.656525
164.357607	59.216518
170.402134	54.776511


158.905080	64.462463
164.949608	60.022455
170.994135	55.582448


159.497081	65.268400
165.541609	60.828393
171.586136	56.388386


160.089082	66.074337
166.133610	61.634330
172.178137	57.194323


160.681083	66.880275
166.725611	62.440267
172.770138	58.000260


161.273084	67.686212
167.317612	63.246205
173.362139	58.806197


161.865085	68.492149
167.909613	64.052142
173.954140	59.612135


162.457086	69.298086
168.501614	64.858079
174.546141	60.418072


163.049087	70.104024
169.093615	65.664016
175.138142	61.224009


163.641088	70.909961
169.685616	66.469954
175.730143	62.029946


164.233089	71.715898
170.277617	67.275891
176.322144	62.835884


164.825090	72.521835
170.869618	68.081828
176.914145	63.641821


165.417092	73.327773
171.461619	68.887765
177.506146	64.447758


166.009093	74.133710
172.053620	69.693703
178.098147	65.253696


166.601094	74.939647
172.645621	70.499640
178.690148	66.059633


167.193095	75.745584
173.237622	71.305577
179.282149	66.865570


167.785096	76.551522
173.829623	72.111515
179.874149	67.671507


168.377097	77.357459
174.421624	72.917452
180.466150	68.477445


168.969098	78.163396
175.013625	73.723389
181.058151	69.283382


169.561099	78.969334
175.605626	74.529326
181.650152	70.089319


170.153100	79.775271
176.197627	75.335264
182.242153	70.895256


170.745101	80.581208
176.789628	76.141201
182.834154	71.701194


171.337102	81.387145
177.381628	76.947138
183.426155	72.507131


171.929103	82.193083
177.973629	77.753075
184.018156	73.313068


172.521104	82.999020
178.565630	78.559013
184.610157	74.119005


173.113105	83.804957
179.157631	79.364950
185.202158	74.924943


173.705106	84.610894
179.749632	80.170887
185.794159	75.730880


174.297107	85.416832
180.341633	80.976825
186.386160	76.536817


174.889108	86.222769
180.933634	81.782762
186.978161	77.342755


175.481109	87.028706
181.525635	82.588699
187.570162	78.148692


176.073110	87.834644
182.117636	83.394636
188.162163	78.954629


176.665111	88.640581
182.709637	84.200574
188.754164	79.760566


177.257112	89.446518
183.301638	85.006511
189.346165	80.566504


177.849113	90.252455
183.893639	85.812448
189.938166	81.372441


178.441114	91.058393
184.485640	86.618385
190.530167	82.178378


179.033115	91.864330
185.077641	87.424323
191.122168	82.984315


179.625116	92.670267
185.669642	88.230260
191.714169	83.790253


180.217117	93.476204
186.261643	89.036197
192.306170	84.596190


180.809118	94.282142
186.853644	89.842134
192.898171	85.402127


181.401119	95.088079
187.445645	90.648072
193.490172	86.208065


181.993120	95.894016
188.037646	91.454009
194.082173	87.014002


182.585121	96.699954
188.629647	92.259946
194.674174	87.819939


183.177122	97.505891
189.221648	93.065884
195.266174	88.625876


183.769123	98.311828
189.813649	93.871821
195.858175	89.431814


184.361124	99.117765
190.405650	94.677758
196.450176	90.237751


184.953125	99.923703
190.997651	95.483695
197.042177	91.043688


185.545126	100.729640
191.589652	96.289633
197.634178	91.849625


186.137127	101.535577
192.181653	97.095570
198.226179	92.655563


186.729128	102.341514
192.773654	97.901507
198.818180	93.461500


187.321129	103.147452
193.365655	98.707444
199.410181	94.267437


187.913130	103.953389
193.957656	99.513382
200.002182	95.073375


188.505131	104.759326
194.549657	100.319319
200.594183	95.879312


189.097132	105.565263
195.141658	101.125256
201.186184	96.685249


189.689133	106.371201
195.733659	101.931194
201.778185	97.491186


190.281134	107.177138
196.325660	102.737131
202.370186	98.297124


190.873135	107.983075
196.917661	103.543068
202.962187	99.103061


191.465136	108.789013
197.509662	104.349005
203.554188	99.908998


192.057137	109.594950
198.101663	105.154943
204.146189	100.714935


192.649138	110.400887
198.693664	105.960880
204.738190	101.520873


193.241140	111.206824
199.285665	106.766817
205.330191	102.326810


193.833141	112.012762
199.877666	107.572754
205.922192	103.132747


194.425142	112.818699
200.469667	108.378692
206.514193	103.938685


195.017143	113.624636
201.061668	109.184629
207.106194	104.744622


195.609144	114.430573
201.653669	109.990566
207.698195	105.550559


196.201145	115.236511
202.245670	110.796504
208.290196	106.356496


196.793146	116.042448
202.837671	111.602441
208.882197	107.162434


197.385147	116.848385
203.429672	112.408378
209.474198	107.968371


197.977148	117.654323
204.021673	113.214315
210.066199	108.774308


198.569149	118.460260
204.613674	114.020253
210.658199	109.580245


199.161150	119.266197
205.205675	114.826190
211.250200	110.386183


199.753151	120.072134
205.797676	115.632127
211.842201	111.192120


200.345152	120.878072
206.389677	116.438064
212.434202	111.998057


200.937153	121.684009
206.981678	117.244002
213.026203	112.803994


201.529154	122.489946
207.573679	118.049939
213.618204	113.609932


202.121155	123.295883
208.165680	118.855876
214.210205	114.415869


202.713156	124.101821
208.757681	119.661813
214.802206	115.221806


203.305157	124.907758
209.349682	120.467751
215.394207	116.027744


203.946567	125.772513
209.945389	121.270947
215.944212	116.769381


204.602693	126.636631
210.550117	122.067373
216.497541	117.498114


205.268570	127.493258
211.163832	122.856894
217.059093	118.220530


205.944112	128.342283
211.786454	123.639410
217.628795	118.936536


206.629233	129.183599
212.417904	124.414820
218.206575	119.646040


207.323843	130.017097
213.058101	125.183024
218.792358	120.348951


208.027854	130.842669
213.706962	125.943923
219.386070	121.045178


208.741176	131.660210
214.364404	126.697421
219.987633	121.734632


209.463717	132.469615
215.030343	127.443420
220.596970	122.417225


210.195383	133.270780
215.704694	128.181824
221.214004	123.092869


210.936082	134.063602
216.387369	128.912539
221.838655	123.761476


211.685718	134.847979
217.078281	129.635471
222.470843	124.422962


212.444195	135.623811
217.777341	130.350526
223.110487	125.077242


213.211415	136.390997
218.484460	131.057614
223.757504	125.724230


213.987280	137.149440
219.199546	131.756643
224.411811	126.363845


214.771691	137.899042
219.922508	132.447523
225.073325	126.996004


215.564545	138.639706
220.653253	133.130166
225.741960	127.620626


216.365742	139.371337
221.391686	133.804484
226.417631	128.237630


217.175179	140.093842
222.137715	134.470390
227.100250	128.846938


217.992752	140.807128
222.891241	135.127799
227.789731	129.448471


218.818355	141.511103
223.652170	135.776627
228.485984	130.042151


219.651883	142.205677
224.420402	136.416790
229.188920	130.627904


220.493229	142.890760
225.195839	137.048206
229.898449	131.205653


221.342285	143.566264
225.978382	137.670794
230.614480	131.775324


222.198941	144.232104
226.767931	138.284474
231.336921	132.336844


223.063087	144.888193
227.564383	138.889167
232.065679	132.890141


223.934614	145.534446
228.367637	139.484795
232.800660	133.435144


224.813407	146.170782
229.177589	140.071282
233.541770	133.971782


225.699356	146.797118
229.994135	140.648553
234.288914	134.499988


226.592346	147.413373
230.817171	141.216533
235.041995	135.019693


227.492262	148.019470
231.646590	141.775150
235.800918	135.530830


228.398989	148.615329
232.482287	142.324332
236.565585	136.033334


229.312410	149.200875
233.324153	142.864008
237.335897	136.527140


230.232408	149.776031
234.172082	143.394108
238.111756	137.012185


231.158865	150.340725
235.025963	143.914566
238.893061	137.488407


232.091661	150.894884
235.885687	144.425314
239.679713	137.955743


233.030678	151.438436
236.751145	144.926286
240.471611	138.414136


233.872919	151.918888
237.619714	145.421849
241.366510	138.924811


234.659235	152.378599
238.482997	145.926559
242.306759	139.474518


235.440030	152.847625
239.340218	146.441495
243.240407	140.035364


236.215195	153.325900
240.191259	146.966584
244.167322	140.607268


236.984620	153.813355
241.035997	147.501753
245.087374	141.190150


237.748195	154.309922
241.874313	148.046925
246.000431	141.783928


238.505815	154.815531
242.706090	148.602024
246.906366	142.388517


239.257370	155.330110
243.531210	149.166972
247.805050	143.003833


240.002755	155.853586
244.349556	149.741687
248.696356	143.629788


240.741866	156.385886
245.161012	150.326090
249.580159	144.266294


241.474596	156.926935
245.965464	150.920098
250.456332	144.913262


242.200843	157.476655
246.762798	151.523627
251.324753	145.570598


242.920504	158.034969
247.552901	152.136590
252.185299	146.238211


243.633477	158.601799
248.335663	152.758903
253.037848	146.916007


244.339662	159.177064
249.110971	153.390476
253.882280	147.603889


245.038959	159.760683
249.878717	154.031221
254.718475	148.301760


245.731269	160.352573
250.638792	154.681047
255.546315	149.009522


246.416494	160.952651
251.391089	155.339863
256.365683	149.727074


247.094538	161.560832
252.135501	156.007574
257.176464	150.454316


247.765304	162.177030
252.871923	156.684087
257.978543	151.191145


248.428697	162.801158
253.600252	157.369307
258.771806	151.937456


249.084625	163.433128
254.320384	158.063136
259.556142	152.693143


249.732994	164.072850
255.032217	158.765476
260.331439	153.458101


250.373713	164.720235
255.735651	159.476228
261.097589	154.232221


251.006691	165.375190
256.430586	160.195292
261.854482	155.015394


251.631838	166.037623
257.116925	160.922565
262.602012	155.807508


252.249067	166.707440
257.794570	161.657947
263.340073	156.608453


252.858291	167.384547
258.463426	162.401331
264.068561	157.418115


253.459422	168.068849
259.123397	163.152614
264.787372	158.236379


254.052376	168.760247
259.774391	163.911688
265.496407	159.063129


254.637070	169.458646
260.416316	164.678448
266.195563	159.898250


255.213420	170.163945
261.049081	165.452784
266.884743	160.741623


255.781346	170.876046
261.672597	166.234587
267.563849	161.593128


256.340766	171.594847
262.286775	167.023747
268.232784	162.452647


256.891603	172.320248
262.891529	167.820152
268.891456	163.320056


257.433778	173.052145
263.486773	168.623689
269.539769	164.195233


257.967214	173.790436
264.072424	169.434246
270.177634	165.078056


258.491836	174.535015
264.648398	170.251707
270.804959	165.968398


259.007570	175.285778
265.214613	171.075956
271.421656	166.866135


259.514344	176.042619
265.770991	171.906879
272.027638	167.771139


260.012085	176.805430
266.317452	172.744356
272.622820	168.683282


260.500723	177.574104
266.853919	173.588270
273.207116	169.602436


260.980189	178.348533
267.380317	174.438502
273.780445	170.528471


261.450415	179.128606
267.896571	175.294931
274.342726	171.461255


261.911336	179.914213
268.402607	176.157436
274.893878	172.400658


262.362885	180.705245
268.898355	177.025895
275.433825	173.346546


262.804999	181.501588
269.383745	177.900186
275.962490	174.298785


263.237616	182.303130
269.858707	178.780186
276.479798	175.257242


263.660674	183.109758
270.323175	179.665769
276.985676	176.221780


264.074113	183.921358
270.777083	180.556811
277.480053	177.192263


264.477876	184.737815
271.220367	181.453185
277.962858	178.168555


264.871905	185.559015
271.652965	182.354766
278.434025	179.150517


265.256144	186.384840
272.074814	183.261425
278.893485	180.138010


265.630540	187.215174
272.485857	184.173035
279.341174	181.130895


265.995038	188.049900
272.886033	185.089466
279.777028	182.129032


266.349589	188.888900
273.275288	186.010590
280.200987	183.132279


266.694141	189.732056
273.653566	186.936276
280.612991	184.140495


267.028645	190.579247
274.020813	187.866393
281.012980	185.153538


267.353056	191.430355
274.376977	188.800809
281.400899	186.171263


267.667326	192.285260
274.722009	189.739394
281.776692	187.193528


267.971412	193.143839
275.055860	190.682014
282.140307	188.220188


268.265270	194.005973
275.378481	191.628535
282.491693	189.251098


268.548859	194.871539
275.689829	192.578825
282.830798	190.286112


268.822139	195.740415
275.989858	193.532749
283.157577	191.325083


269.085071	196.612477
276.278526	194.490172
283.471982	192.367866


269.337618	197.487604
276.555794	195.450959
283.773969	193.414313


269.579745	198.365671
276.821620	196.414973
284.063496	194.464275


269.811416	199.246555
277.075968	197.382080
284.340520	195.517605


270.032600	200.130130
277.318802	198.352141
284.605005	196.574153


270.243266	201.016271
277.550088	199.325021
284.856911	197.633771


270.443382	201.904855
277.769793	200.300581
285.096203	198.696308


270.632922	202.795754
277.977885	201.278685
285.322848	199.761615


270.811858	203.688844
278.174336	202.259192
285.536814	200.829541


270.980165	204.583997
278.359117	203.241966
285.738069	201.899934


271.137819	205.481088
278.532203	204.226866
285.926587	202.972645


271.284799	206.379990
278.693569	205.213755
286.102340	204.047520


271.421082	207.280575
278.843193	206.202492
286.265303	205.124409


271.546651	208.182716
278.981052	207.192938
286.415453	206.203159


271.661487	209.086287
279.107128	208.184952
286.552770	207.283618


271.765573	209.991159
279.221403	209.178395
286.677233	208.365632


271.858896	210.897204
279.323861	210.173127
286.788825	209.449050


271.941442	211.804294
279.414487	211.169006
286.887531	210.533717


272.013200	212.712302
279.493268	212.165892
286.973336	211.619481


272.074159	213.621099
279.560194	213.163644
287.046228	212.706189


272.124310	214.530556
279.615254	214.162121
287.106198	213.793686


272.163647	215.440544
279.658441	215.161182
287.153236	214.881819


272.197919	216.420720
279.693402	216.160581
287.188885	215.900441


272.232604	217.420118
279.728088	217.159979
287.223571	216.899840


272.267290	218.419516
279.762774	218.159377
287.258257	217.899238


272.301976	219.418914
279.797460	219.158775
287.292943	218.898636


272.336662	220.418312
279.832146	220.158173
287.327629	219.898034


272.371348	221.417710
279.866831	221.157571
287.362315	220.897433


272.406034	222.417108
279.901517	222.156970
287.397001	221.896831


272.440720	223.416506
279.936203	223.156368
287.431687	222.896229


272.475406	224.415904
279.970889	224.155766
287.466373	223.895628


272.510092	225.415302
280.005575	225.155164
287.501058	224.895026


272.544777	226.414700
280.040261	226.154562
287.535744	225.894424


272.579463	227.414098
280.074947	227.153960
287.570430	226.893822


272.614149	228.413496
280.109633	228.153358
287.605116	227.893221


272.648835	229.412894
280.144319	229.152756
287.639802	228.892619


272.683521	230.412292
280.179004	230.152155
287.674488	229.892017


272.718207	231.411690
280.213690	231.151553
287.709174	230.891416


272.752893	232.411088
280.248376	232.150951
287.743860	231.890814


272.787579	233.410486
280.283062	233.150349
287.778546	232.890212


272.822265	234.409884
280.317748	234.149747
287.813231	233.889611


272.856950	235.409282
280.352434	235.149145
287.847917	234.889009


272.891636	236.408680
280.387120	236.148543
287.882603	235.888407


272.926322	237.408078
280.421806	237.147942
287.917289	236.887805


272.961008	238.407476
280.456492	238.147340
287.951975	237.887204


272.995694	239.406874
280.491177	239.146738
287.986661	238.886602


273.030380	240.406272
280.525863	240.146136
288.021347	239.886000


273.065066	241.405670
280.560549	241.145534
288.056033	240.885399


273.099752	242.405068
280.595235	242.144932
288.090718	241.884797


273.134438	243.404466
280.629921	243.144330
288.125404	242.884195


273.169123	244.403864
280.664607	244.143729
288.160090	243.883593


273.203809	245.403262
280.699293	245.143127
288.194776	244.882992


273.238495	246.402660
280.733979	246.142525
288.229462	245.882390


273.273181	247.402058
280.768665	247.141923
288.264148	246.881788


273.307867	248.401456
280.803350	248.141321
288.298834	247.881187


273.342553	249.400854
280.838036	249.140719
288.333520	248.880585


273.377239	250.400252
280.872722	250.140117
288.368206	249.879983


273.411925	251.399650
280.907408	251.139515
288.402891	250.879381


273.446611	252.399048
280.942094	252.138914
288.437577	251.878780


273.481296	253.398446
280.976780	253.138312
288.472263	252.878178


273.515982	254.397844
281.011466	254.137710
288.506949	253.877576


273.550668	255.397242
281.046152	255.137108
288.541635	254.876975


273.585354	256.396640
281.080838	256.136506
288.576321	255.876373


273.620040	257.396038
281.115523	257.135904
288.611007	256.875771


273.654726	258.395435
281.150209	258.135302
288.645693	257.875169


273.689412	259.394833
281.184895	259.134701
288.680379	258.874568


273.724098	260.394231
281.219581	260.134099
288.715064	259.873966


273.758784	261.393629
281.254267	261.133497
288.749750	260.873364


273.793469	262.393027
281.288953	262.132895
288.784436	261.872763


273.828155	263.392425
281.323639	263.132293
288.819122	262.872161


273.862841	264.391823
281.358325	264.131691
288.853808	263.871559


273.897527	265.391221
281.393011	265.131089
288.888494	264.870957


273.932213	266.390619
281.427696	266.130488
288.923180	265.870356


273.966899	267.390018
281.462382	267.129886
288.957866	266.869754


274.001585	268.389416
281.497068	268.129284
288.992552	267.869152


274.036271	269.388814
281.531754	269.128683
289.027237	268.868551


274.070956	270.388213
281.566440	270.128081
289.061923	269.867949


274.105642	271.387611
281.601126	271.127479
289.096609	270.867348


274.140328	272.387010
281.635812	272.126878
289.131295	271.866746


274.175014	273.386408
281.670497	273.126276
289.165981	272.866144


274.209700	274.385806
281.705183	274.125675
289.200667	273.865543


274.244386	275.385205
281.739869	275.125073
289.235353	274.864941


274.279072	276.384603
281.774555	276.124471
289.270038	275.864339


274.313757	277.384001
281.809241	277.123870
289.304724	276.863738


274.348443	278.383400
281.843927	278.123268
289.339410	277.863136


274.383129	279.382798
281.878613	279.122666
289.374096	278.862535


274.417815	280.382197
281.913298	280.122065
289.408782	279.861933


274.452501	281.381595
281.947984	281.121463
289.443468	280.861331


274.487187	282.380993
281.982670	282.120862
289.478154	281.860730


274.521873	283.380392
282.017356	283.120260
289.512839	282.860128


274.556558	284.379790
282.052042	284.119658
289.547525	283.859526


274.591244	285.379188
282.086728	285.119057
289.582211	284.858925


274.625930	286.378587
282.121414	286.118455
289.616897	285.858323


274.660616	287.377985
282.156099	287.117853
289.651583	286.857722


274.695302	288.377384
282.190785	288.117252
289.686269	287.857120


274.729988	289.376782
282.225471	289.116650
289.720955	288.856518


274.764674	290.376180
282.260157	290.116048
289.755640	289.855917


274.799359	291.375579
282.294843	291.115447
289.790326	290.855315


274.834045	292.374977
282.329529	292.114845
289.825012	291.854713


274.868731	293.374375
282.364215	293.114244
289.859698	292.854112


274.903417	294.373774
282.398900	294.113642
289.894384	293.853510


274.938103	295.373172
282.433586	295.113040
289.929070	294.852909


274.972789	296.372571
282.468272	296.112439
289.963756	295.852307


275.007475	297.371969
282.502958	297.111837
289.998441	296.851705


275.042160	298.371367
282.537644	298.111235
290.033127	297.851104


275.076846	299.370766
282.572330	299.110634
290.067813	298.850502


275.111532	300.370164
282.607016	300.110032
290.102499	299.849900


275.146218	301.369562
282.641701	301.109431
290.137185	300.849299


275.180904	302.368961
282.676387	302.108829
290.171871	301.848697


275.215590	303.368359
282.711073	303.108227
290.206557	302.848096


275.250276	304.367758
282.745759	304.107626
290.241242	303.847494


275.284961	305.367156
282.780445	305.107024
290.275928	304.846892


275.319647	306.366554
282.815131	306.106422
290.310614	305.846291


275.354333	307.365953
282.849817	307.105821
290.345300	306.845689


275.389019	308.365351
282.884502	308.105219
290.379986	307.845087


275.423705	309.364749
282.919188	309.104618
290.414672	308.844486


275.458391	310.364148
282.953874	310.104016
290.449358	309.843884


275.493077	311.363546
282.988560	311.103414
290.484043	310.843282


275.527762	312.362945
283.023246	312.102813
290.518729	311.842681


275.562448	313.362343
283.057932	313.102211
290.553415	312.842079


275.597134	314.361741
283.092618	314.101609
290.588101	313.841478


275.631820	315.361140
283.127303	315.101008
290.622787	314.840876


275.666506	316.360538
283.161989	316.100406
290.657473	315.840274


275.701192	317.359936
283.196675	317.099805
290.692159	316.839673


275.735878	318.359335
283.231361	318.099203
290.726844	317.839071


275.770563	319.358733
283.266047	319.098601
290.761530	318.838469


275.805249	320.358132
283.300733	320.098000
290.796216	319.837868


275.839935	321.357530
283.335419	321.097398
290.830902	320.837266


275.874621	322.356928
283.370104	322.096796
290.865588	321.836665


275.909307	323.356327
283.404790	323.096195
290.900274	322.836063


275.943993	324.355725
283.439476	324.095593
290.934960	323.835461


275.978679	325.355123
283.474162	325.094992
290.969645	324.834860


276.013365	326.354522
283.508848	326.094390
291.004331	325.834258


276.048050	327.353920
283.543534	327.093788
291.039017	326.833656


276.082736	328.353319
283.578220	328.093187
291.073703	327.833055


276.117422	329.352717
283.612905	329.092585
291.108389	328.832453


276.152108	330.352115
283.647591	330.091983
291.143075	329.831852


276.186794	331.351514
283.682277	331.091382
291.177761	330.831250


276.221480	332.350912
283.716963	332.090780
291.212446	331.830648


276.256166	333.350310
283.751649	333.090179
291.247132	332.830047


276.290851	334.349709
283.786335	334.089577
291.281818	333.829445


276.325537	335.349107
283.821021	335.088975
291.316504	334.828843


276.360223	336.348506
283.855706	336.088374
291.351190	335.828242


276.394909	337.347904
283.890392	337.087772
291.385876	336.827640


276.429595	338.347302
283.925078	338.087170
291.420562	337.827039


276.464281	339.346701
283.959764	339.086569
291.455247	338.826437


276.498967	340.346099
283.994450	340.085967
291.489933	339.825835


276.533652	341.345497
284.029136	341.085366
291.524619	340.825234


276.568338	342.344896
284.063822	342.084764
291.559305	341.824632


276.603024	343.344294
284.098507	343.084162
291.593991	342.824030


276.637710	344.343692
284.133193	344.083561
291.628677	343.823429


276.672396	345.343091
284.167879	345.082959
291.663363	344.822827


276.707082	346.342489
284.202565	346.082357
291.698048	345.822226


276.741768	347.341888
284.237251	347.081756
291.732734	346.821624


276.776453	348.341286
284.271937	348.081154
291.767420	347.821022


276.811139	349.340684
284.306623	349.080553
291.802106	348.820421


276.845825	350.340083
284.341309	350.079951
291.836792	349.819819


276.880511	351.339481
284.375994	351.079349
291.871478	350.819217


276.915197	352.338879
284.410680	352.078748
291.906164	351.818616


276.949883	353.338278
284.445366	353.078146
291.940849	352.818014


276.984569	354.337676
284.480052	354.077544
291.975535	353.817413


277.019254	355.337075
284.514738	355.076943
292.010221	354.816811


277.053940	356.336473
284.549424	356.076341
292.044907	355.816209


277.088626	357.335871
284.584110	357.075740
292.079593	356.815608


277.123312	358.335270
284.618795	358.075138
292.114279	357.815006


277.157998	359.334668
284.653481	359.074536
292.148965	358.814404


277.192684	360.334066
284.688167	360.073935
292.183650	359.813803


277.227370	361.333465
284.722853	361.073333
292.218336	360.813201


277.262055	362.332863
284.757539	362.072731
292.253022	361.812600


277.296741	363.332262
284.792225	363.072130
292.287708	362.811998


277.331427	364.331660
284.826911	364.071528
292.322394	363.811396


277.366113	365.331058
284.861596	365.070926
292.357080	364.810795


277.400799	366.330457
284.896282	366.070325
292.391766	365.810193


277.435485	367.329855
284.930968	367.069723
292.426451	366.809591


277.470171	368.329253
284.965654	368.069122
292.461137	367.808990


277.504856	369.328652
285.000340	369.068520
292.495823	368.808388


277.539542	370.328050
285.035026	370.067918
292.530509	369.807787


277.574228	371.327449
285.069712	371.067317
292.565195	370.807185


277.608914	372.326847
285.104397	372.066715
292.599881	371.806583


277.643600	373.326245
285.139083	373.066113
292.634567	372.805982


277.678286	374.325644
285.173769	374.065512
292.669252	373.805380


277.712972	375.325042
285.208455	375.064910
292.703938	374.804778


277.747657	376.324441
285.243141	376.064309
292.738624	375.804177


277.782343	377.323839
285.277827	377.063707
292.773310	376.803575


277.817029	378.323238
285.312512	378.063106
292.807996	377.802974


277.851715	379.322636
285.347198	379.062504
292.842682	378.802372


277.886401	380.322035
285.381884	380.061903
292.877368	379.801771


277.921087	381.321433
285.416570	381.061301
292.912053	380.801169


277.955772	382.320832
285.451256	382.060700
292.946739	381.800568


277.990458	383.320230
285.485942	383.060098
292.981425	382.799966


278.025144	384.319629
285.520628	384.059497
293.016111	383.799365


278.059830	385.319027
285.555313	385.058895
293.050797	384.798763


278.094516	386.318426
285.589999	386.058294
293.085483	385.798162


278.129202	387.317824
285.624685	387.057692
293.120169	386.797561


278.163888	388.317223
285.659371	388.057091
293.154854	387.796959


278.198573	389.316621
285.694057	389.056489
293.189540	388.796358


278.233259	390.316020
285.728743	390.055888
293.224226	389.795756


278.267945	391.315418
285.763429	391.055286
293.258912	390.795155


278.302631	392.314817
285.798114	392.054685
293.293598	391.794553


278.337317	393.314215
285.832800	393.054083
293.328284	392.793952


278.372003	394.313614
285.867486	394.053482
293.362969	393.793350


278.406689	395.313012
285.902172	395.052880
293.397655	394.792749


278.441374	396.312411
285.936858	396.052279
293.432341	395.792147


278.476060	397.311809
285.971544	397.051677
293.467027	396.791546


278.510746	398.311208
286.006229	398.051076
293.501713	397.790944


278.545432	399.310606
286.040915	399.050474
293.536399	398.790343


278.580118	400.310005
286.075601	400.049873
293.571085	399.789741


278.614804	401.309403
286.110287	401.049271
293.605770	400.789140


278.649489	402.308802
286.144973	402.048670
293.640456	401.788538


278.684175	403.308200
286.179659	403.048068
293.675142	402.787937


278.718861	404.307599
286.214345	404.047467
293.709828	403.787335


278.753547	405.306997
286.249030	405.046866
293.744514	404.786734


278.788233	406.306396
286.283716	406.046264
293.779200	405.786132


278.822919	407.305794
286.318402	407.045663
293.813885	406.785531


278.857605	408.305193
286.353088	408.045061
293.848571	407.784929


278.892290	409.304591
286.387774	409.044460
293.883257	408.784328


278.926976	410.303990
286.422460	410.043858
293.917943	409.783726


278.961662	411.303388
286.457145	411.043257
293.952629	410.783125


278.996348	412.302787
286.491831	412.042655
293.987315	411.782523


279.031034	413.302185
286.526517	413.042054
294.022001	412.781922


279.065720	414.301584
286.561203	414.041452
294.056686	413.781320


279.100405	415.300982
286.595889	415.040851
294.091372	414.780719


279.135091	416.300381
286.630575	416.040249
294.126058	415.780117


279.169777	417.299779
286.665261	417.039648
294.160744	416.779516


279.204463	418.299178
286.699946	418.039046
294.195430	417.778914


279.239149	419.298576
286.734632	419.038445
294.230116	418.778313


279.273835	420.297975
286.769318	420.037843
294.264801	419.777711


279.308521	421.297373
286.804004	421.037242
294.299487	420.777110


279.343206	422.296772
286.838690	422.036640
294.334173	421.776508


279.377892	423.296171
286.873376	423.036039
294.368859	422.775907


279.412578	424.295569
286.908061	424.035437
294.403545	423.775305


279.447264	425.294968
286.942747	425.034836
294.438231	424.774704


279.481950	426.294366
286.977433	426.034234
294.472917	425.774102


279.516636	427.293765
287.012119	427.033633
294.507602	426.773501


279.551321	428.293163
287.046805	428.033031
294.542288	427.772899


279.586007	429.292562
287.081491	429.032430
294.576974	428.772298


279.620693	430.291960
287.116177	430.031828
294.611660	429.771696


279.655379	431.291359
287.150862	431.031227
294.646346	430.771095


279.690065	432.290757
287.185548	432.030625
294.681032	431.770493


279.724751	433.290156
287.220234	433.030024
294.715717	432.769892


279.759437	434.289554
287.254920	434.029422
294.750403	433.769290


279.794122	435.288953
287.289606	435.028821
294.785089	434.768689


279.828808	436.288351
287.324292	436.028219
294.819775	435.768087


279.863494	437.287750
287.358977	437.027618
294.854461	436.767486


279.898180	438.287148
287.393663	438.027016
294.889147	437.766884


279.932866	439.286547
287.428349	439.026415
294.923833	438.766283


279.967552	440.285945
287.463035	440.025813
294.958518	439.765682


280.002237	441.285344
287.497721	441.025212
294.993204	440.765080


280.036923	442.284742
287.532407	442.024610
295.027890	441.764479


280.071609	443.284141
287.567093	443.024009
295.062576	442.763877


280.106295	444.283539
287.601778	444.023407
295.097262	443.763276


280.140981	445.282938
287.636464	445.022806
295.131948	444.762674


280.175667	446.282336
287.671150	446.022204
295.166634	445.762073


280.210353	447.281735
287.705836	447.021603
295.201319	446.761471


280.245038	448.281133
287.740522	448.021001
295.236005	447.760870


280.279724	449.280532
287.775208	449.020400
295.270691	448.760268


280.314410	450.279930
287.809893	450.019798
295.305377	449.759667


280.349096	451.279329
287.844579	451.019197
295.340063	450.759065


280.383782	452.278727
287.879265	452.018595
295.374749	451.758464


280.418468	453.278126
287.913951	453.017994
295.409434	452.757862


280.453153	454.277524
287.948637	454.017392
295.444120	453.757261


280.487839	455.276923
287.983323	455.016791
295.478806	454.756659


280.522525	456.276321
288.018009	456.016189
295.513492	455.756058


280.557211	457.275720
288.052694	457.015588
295.548178	456.755456


280.591897	458.275118
288.087380	458.014987
295.582864	457.754855


280.626583	459.274517
288.122066	459.014385
295.617550	458.754253


280.661269	460.273915
288.156752	460.013784
295.652235	459.753652


280.696341	461.283042
288.191481	461.013181
295.686620	460.743319


280.748902	462.429296
288.237286	462.012115
295.725670	461.594934


280.823990	463.574294
288.302724	463.009955
295.781458	462.445616


280.921577	464.717594
288.387769	464.006316
295.853961	463.295037


281.041625	465.858755
288.492388	465.000812
295.943152	464.142869


281.184088	466.997335
288.616542	465.993059
296.048995	464.988783


281.348910	468.132893
288.760180	466.982673
296.171451	465.832452


281.536028	469.264991
288.923250	467.969271
296.310472	466.673550


281.745369	470.393192
289.105686	468.952472
296.466003	467.511752


281.976853	471.517057
289.307419	469.931896
296.637986	468.346734


282.230390	472.636155
289.528371	470.907164
296.826352	469.178173


282.505882	473.750050
289.768456	471.877899
297.031031	470.005748


282.803222	474.858314
290.027582	472.843726
297.251942	470.829138


283.122295	475.960517
290.305647	473.804271
297.488999	471.648026


283.462979	477.056233
290.602546	474.759163
297.742112	472.462094


283.825141	478.145039
290.918162	475.708033
298.011183	473.271028


284.208642	479.226513
291.252375	476.650514
298.296107	474.074515


284.613333	480.300238
291.605054	477.586241
298.596774	474.872244


285.039057	481.365798
291.976063	478.514853
298.913069	475.663907


285.485650	482.422781
292.365259	479.435990
299.244868	476.449199


285.952940	483.470779
292.772492	480.349297
299.592043	477.227814


286.440745	484.509386
293.197603	481.254420
299.954461	477.999453


286.948877	485.538202
293.640429	482.151009
300.331981	478.763817


287.477140	486.556827
294.100799	483.038718
300.724457	479.520609


288.025330	487.564869
294.578534	483.917204
301.131738	480.269539


288.593233	488.561937
295.073449	484.786126
301.553665	481.010316


289.180632	489.547646
295.585354	485.645150
301.990076	481.742654


289.787298	490.521615
296.114050	486.493942
302.440802	482.466269


290.412997	491.483467
296.659333	487.332174
302.905669	483.180882


291.057488	492.432830
297.220992	488.159523
303.384497	483.886216


291.720521	493.369338
297.798811	488.975669
303.877101	484.582000


292.401839	494.292628
298.392564	489.780296
304.383290	485.267963


293.101179	495.202344
299.002024	490.573092
304.902869	485.943841


293.818272	496.098133
299.626954	491.353752
305.435637	486.609372


294.552839	496.979649
300.267113	492.121974
305.981388	487.264298


295.304596	497.846551
300.922253	492.877460
306.539910	487.908368


296.073254	498.698505
301.592121	493.619918
307.110988	488.541331


296.858514	499.535180
302.276458	494.349062
307.694402	489.162943


297.660074	500.356254
302.974999	495.064609
308.289925	489.772964


298.477622	501.161408
303.687475	495.766283
308.897327	490.371158


299.310844	501.950332
304.413609	496.453813
309.516374	490.957293


300.159416	502.722721
305.153121	497.126932
310.146826	491.531143


301.023012	503.478275
305.905725	497.785380
310.788439	492.092485


301.901296	504.216703
306.671131	498.428904
311.440965	492.641104


302.793930	504.937719
307.449041	499.057253
312.104152	493.176787


303.700568	505.641044
308.239156	499.670185
312.777744	493.699326


304.620860	506.326408
309.041170	500.267464
313.461480	494.208520


305.554450	506.993543
309.854772	500.848857
314.155095	494.704171


306.500976	507.642193
310.679649	501.414141
314.858322	495.186089


307.232133	508.139860
311.506276	501.976922
315.780419	495.813983


307.942486	508.641697
312.323011	502.553913
316.703536	496.466130


308.644017	509.155794
313.129603	503.145001
317.615189	497.134209


309.336514	509.681996
313.925808	503.750008
318.515102	497.818019


310.019769	510.220145
314.711386	504.368750
319.403004	498.517354


310.693575	510.770079
315.486101	505.001041
320.278627	499.232003


311.357729	511.331631
316.249719	505.646691
321.141708	499.961751


312.012031	511.904632
317.002008	506.305504
321.991986	500.706377


312.656283	512.488909
317.742744	506.977283
322.829204	501.465656


313.290292	513.084287
318.471701	507.661824
323.653110	502.239361


313.913865	513.690585
319.188661	508.358921
324.463456	503.027257


314.526816	514.307621
319.893406	509.068364
325.259997	503.829107


315.128958	514.935208
320.585725	509.789938
326.042492	504.644668


315.720111	515.573157
321.265409	510.523427
326.810707	505.473696


316.300096	516.221277
321.932252	511.268608
327.564408	506.315939


316.868739	516.879371
322.586054	512.025258
328.303369	507.171145


317.425866	517.547240
323.226617	512.793147
329.027367	508.039054


317.971312	518.224684
323.853748	513.572045
329.736184	508.919406


318.504911	518.911498
324.467258	514.361716
330.429606	509.811934


319.026502	519.607476
325.066962	515.161923
331.107423	510.716369


319.535927	520.312406
325.652679	515.972423
331.769431	511.632440


320.033034	521.026077
326.224233	516.792973
332.415431	512.559869


320.517673	521.748273
326.781450	517.623324
333.045228	513.498376


320.989696	522.478776
327.324164	518.463228
333.658631	514.447679


321.448963	523.217367
327.852209	519.312429
334.255456	515.407491


321.895333	523.963821
328.365428	520.170672
334.835523	516.377524


322.328673	524.717915
328.863665	521.037699
335.398657	517.357483


322.748852	525.479421
329.346770	521.913248
335.944687	518.347074


323.155744	526.248109
329.814597	522.797054
336.473450	519.345999


323.549224	527.023747
330.267005	523.688851
336.984786	520.353955


323.929176	527.806101
330.703858	524.588370
337.478540	521.370639


324.295484	528.594935
331.125024	525.495340
337.954564	522.395745


324.648037	529.390012
331.530375	526.409487
338.412713	523.428962


324.986730	530.191092
331.919791	527.330536
338.852851	524.469981


325.311460	530.997932
332.293152	528.258209
339.274844	525.518485


325.622130	531.810291
332.650347	529.192225
339.678565	526.574160


325.918645	532.627921
332.991268	530.132304
340.063891	527.636687


326.200916	533.450578
333.315812	531.078162
340.430708	528.705745


326.468858	534.278013
333.623881	532.029513
340.778904	529.781012


326.722391	535.109976
333.915382	532.986070
341.108374	530.862164


326.961437	535.946217
334.190228	533.947546
341.419019	531.948875


327.185925	536.786483
334.448335	534.913649
341.710745	533.040816


327.395787	537.630520
334.689626	535.884090
341.983465	534.137659


327.590959	538.478075
334.914027	536.858574
342.237095	535.239073


327.771383	539.328891
335.121471	537.836808
342.471559	536.344725


327.937005	540.182712
335.311896	538.818497
342.686788	537.454282


328.087774	541.039281
335.485245	539.803345
342.882715	538.567409


328.223645	541.898339
335.641463	540.791055
343.059282	539.683771


328.344577	542.759627
335.780506	541.781329
343.216435	540.803031


328.450534	543.622885
335.902331	542.773868
343.354127	541.924851


328.541483	544.487853
336.006900	543.768373
343.472317	543.048894


328.617397	545.354270
336.094183	544.764544
343.570969	544.174819


328.678253	546.221875
336.164153	545.762081
343.650053	545.302288


328.724033	547.090405
336.216789	546.760682
343.709545	546.430960


328.754724	547.959600
336.252076	547.760047
343.749428	547.560495


328.770315	548.829197
336.270001	548.759874
343.769688	548.690552


328.770802	549.698933
336.270562	549.759862
343.770321	549.820791


328.756185	550.568546
336.253756	550.759708
343.751326	550.950870


328.726468	551.437775
336.219589	551.759112
343.712709	552.080449


328.681661	552.306356
336.168071	552.757772
343.654481	553.209187


328.621777	553.174029
336.099218	553.755386
343.576660	554.336744


328.546833	554.040530
336.013051	554.751654
343.479269	555.462779


328.456853	554.905599
335.909596	555.746276
343.362338	556.586953


328.351864	555.768976
335.788883	556.738951
343.225902	557.708927


328.231897	556.630398
335.650950	557.729380
343.070003	558.828362


328.096988	557.489608
335.495837	558.717264
342.894686	559.944921


327.947179	558.346345
335.323592	559.702306
342.700006	561.058267


327.782514	559.200351
335.134267	560.684208
342.486020	562.168064


327.603042	560.051369
334.927918	561.662674
342.252794	563.273978


327.408820	560.899142
334.704609	562.637409
342.000397	564.375675


327.199903	561.743414
334.464405	563.608118
341.728907	565.472823


326.976357	562.583931
334.207380	564.574511
341.438404	566.565090


326.738248	563.420439
333.933612	565.536293
341.128976	567.652148


326.485647	564.252685
333.643182	566.493177
340.800717	568.733668


326.218632	565.080420
333.336179	567.444872
340.453726	569.809325


325.937283	565.903392
333.012695	568.391093
340.088106	570.878793


325.641684	566.721355
332.672827	569.331553
339.703970	571.941751


325.331924	567.534060
332.316678	570.265969
339.301432	572.997877


325.008098	568.341264
331.944356	571.194059
338.880614	574.046854


324.670303	569.142723
331.555973	572.115543
338.441642	575.088364


324.318640	569.938194
331.151645	573.030144
337.984650	576.122094


323.953217	570.727439
330.731495	573.937585
337.509774	577.147732


323.574142	571.510218
330.295650	574.837593
337.017159	578.164969


323.162564	572.324113
329.844581	575.730075
336.526598	579.136036


322.644494	573.368951
329.400362	576.625969
336.156229	579.882988


322.149709	574.425014
328.976109	577.531490
335.802508	580.637966


321.678454	575.491786
328.572031	578.446192
335.465608	581.400599


321.230959	576.568740
328.188327	579.369625
335.145694	582.170511


320.807445	577.655348
327.825184	580.301337
334.842924	582.947325


320.408119	578.751077
327.482783	581.240868
334.557446	583.730659


320.033178	579.855388
327.161289	582.187758
334.289401	584.520129


319.682806	580.967737
326.860863	583.141541
334.038920	585.315345


319.357176	582.087580
326.581651	584.101749
333.806126	586.115918


319.056446	583.214364
326.323790	585.067909
333.591134	586.921455


318.780765	584.347538
326.087408	586.039548
333.394050	587.731558


318.530269	585.486544
325.872619	587.016187
333.214970	588.545831


318.305080	586.630822
325.679531	587.997347
333.053982	589.363873


318.105309	587.779810
325.508237	588.982546
332.911166	590.185283


317.931054	588.932944
325.358822	589.971300
332.786590	591.009656


317.782402	590.089657
325.231360	590.963122
332.680318	591.836588


317.659424	591.249380
325.125912	591.957526
332.592401	592.665672


317.562181	592.411545
325.042531	592.954023
332.522882	593.496501


317.490722	593.575579
324.981258	593.952123
332.471795	594.328667


317.445080	594.740911
324.942123	594.951336
332.439165	595.161761


317.425280	595.906969
324.925144	595.951171
332.425009	595.995373


317.431330	597.073179
324.930331	596.951137
332.429333	596.829095


317.463227	598.238968
324.957681	597.950742
332.452136	597.662515


317.520956	599.403764
325.007180	598.949495
332.493405	598.495226


317.604488	600.566995
325.078805	599.946906
332.553122	599.326817


317.713783	601.728088
325.172519	600.942484
332.631255	600.156881


317.848786	602.886473
325.288277	601.935741
332.727768	600.985008


318.009431	604.041581
325.426022	602.926187
332.842613	601.810793


318.195640	605.192845
325.585686	603.913338
332.975732	602.633830


318.407321	606.339699
325.767191	604.896706
333.127062	603.453714


318.644369	607.481579
325.970448	605.875811
333.296526	604.270042


318.906669	608.617925
326.195356	606.850169
333.484043	605.082413


319.194091	609.748177
326.441806	607.819303
333.689520	605.890429


319.506495	610.871781
326.709676	608.782737
333.912857	606.693692


319.843726	611.988185
326.998834	609.739996
334.153942	607.491807


320.205620	613.096840
327.309139	610.690611
334.412658	608.284382


320.591998	614.197201
327.640438	611.634115
334.688878	609.071029


321.002670	615.288728
327.992568	612.570044
334.982467	609.851359


321.437435	616.370884
328.365357	613.497938
335.293279	610.624991


321.896079	617.443138
328.758620	614.417341
335.621162	611.391544


322.378376	618.504962
329.172165	615.327801
335.965955	612.150640


322.884091	619.555836
329.605789	616.228872
336.327488	612.901908


323.412973	620.595242
330.059279	617.120110
336.705585	613.644978


323.964764	621.622671
330.532411	618.001078
337.100058	614.379485


324.539192	622.637616
331.024954	618.871343
337.510715	615.105069


325.135975	623.639581
331.536665	619.730476
337.937354	615.821371


325.754820	624.628071
332.067292	620.578056
338.379764	616.528042


326.395423	625.602602
332.616576	621.413667
338.837729	617.224733


327.057468	626.562695
333.184246	622.236898
339.311024	617.911101


327.740632	627.507877
333.770024	623.047344
339.799416	618.586811


328.444577	628.437686
334.373621	623.844608
340.302664	619.251530


329.168958	629.351663
334.994740	624.628297
340.820523	619.904931


329.871196	630.201700
335.631801	625.399057
341.392405	620.596415


330.511549	630.969781
336.272154	626.167138
342.032758	621.364495


331.151902	631.737862
336.912507	626.935219
342.673111	622.132575


331.792255	632.505943
337.552860	627.703300
343.313464	622.900656


332.432608	633.274024
338.193213	628.471380
343.953817	623.668736


333.072962	634.042105
338.833566	629.239461
344.594170	624.436817


333.713315	634.810186
339.473919	630.007542
345.234523	625.204897


334.353668	635.578267
340.114272	630.775622
345.874875	625.972978


334.994021	636.346348
340.754625	631.543703
346.515228	626.741058


335.634374	637.114429
341.394978	632.311784
347.155581	627.509138


336.274727	637.882510
342.035331	633.079865
347.795934	628.277219


336.915080	638.650591
342.675684	633.847945
348.436287	629.045299


337.555433	639.418672
343.316037	634.616026
349.076640	629.813380


338.195787	640.186753
343.956390	635.384107
349.716992	630.581460


338.836140	640.954834
344.596743	636.152187
350.357345	631.349540


339.476493	641.722915
345.237096	636.920268
350.997698	632.117621


340.116846	642.490996
345.877449	637.688349
351.638051	632.885701


340.757199	643.259077
346.517802	638.456430
352.278404	633.653782


341.397552	644.027158
347.158155	639.224510
352.918757	634.421862


342.037905	644.795239
347.798508	639.992591
353.559110	635.189943


342.678259	645.563320
348.438860	640.760672
354.199462	635.958023


343.318612	646.331401
349.079213	641.528752
354.839815	636.726103


343.958965	647.099482
349.719566	642.296833
355.480168	637.494184


344.599318	647.867563
350.359919	643.064914
356.120521	638.262264


345.239671	648.635644
351.000272	643.832995
356.760874	639.030345


345.880024	649.403725
351.640625	644.601075
357.401227	639.798425


346.520377	650.171806
352.280978	645.369156
358.041579	640.566506


347.160731	650.939887
352.921331	646.137237
358.681932	641.334586


347.801084	651.707968
353.561684	646.905317
359.322285	642.102666


348.441437	652.476049
354.202037	647.673398
359.962638	642.870747


349.081790	653.244130
354.842390	648.441479
360.602991	643.638827


349.722143	654.012211
355.482743	649.209560
361.243344	644.406908


350.362496	654.780292
356.123096	649.977640
361.883697	645.174988


351.002849	655.548373
356.763449	650.745721
362.524049	645.943068


351.643202	656.316454
357.403802	651.513802
363.164402	646.711149


352.283556	657.084535
358.044155	652.281882
363.804755	647.479229


352.923909	657.852616
358.684508	653.049963
364.445108	648.247310


353.564262	658.620697
359.324861	653.818044
365.085461	649.015390


354.204615	659.388778
359.965214	654.586125
365.725814	649.783471


354.844968	660.156859
360.605567	655.354205
366.366166	650.551551


355.485321	660.924940
361.245920	656.122286
367.006519	651.319631


356.125674	661.693021
361.886273	656.890367
367.646872	652.087712


356.766028	662.461102
362.526626	657.658447
368.287225	652.855792


357.406381	663.229183
363.166979	658.426528
368.927578	653.623873


358.046734	663.997264
363.807332	659.194609
369.567931	654.391953


358.687087	664.765345
364.447685	659.962689
370.208284	655.160034


359.327440	665.533426
365.088038	660.730770
370.848636	655.928114


359.967793	666.301507
365.728391	661.498851
371.488989	656.696194


360.608146	667.069588
366.368744	662.266932
372.129342	657.464275


361.248500	667.837669
367.009097	663.035012
372.769695	658.232355


361.888853	668.605750
367.649450	663.803093
373.410048	659.000436


362.529206	669.373831
368.289803	664.571174
374.050401	659.768516


363.169559	670.141912
368.930156	665.339254
374.690753	660.536596


363.809912	670.909993
369.570509	666.107335
375.331106	661.304677


364.450265	671.678074
370.210862	666.875416
375.971459	662.072757


365.090618	672.446155
370.851215	667.643497
376.611812	662.840838


365.730971	673.214236
371.491568	668.411577
377.252165	663.608918


366.371325	673.982317
372.131921	669.179658
377.892518	664.376999


367.011678	674.750398
372.772274	669.947739
378.532871	665.145079


367.652031	675.518479
373.412627	670.715819
379.173223	665.913159


368.292384	676.286560
374.052980	671.483900
379.813576	666.681240


368.932737	677.054641
374.693333	672.251981
380.453929	667.449320


369.573090	677.822722
375.333686	673.020062
381.094282	668.217401


370.213443	678.590803
375.974039	673.788142
381.734635	668.985481


370.853797	679.358884
376.614392	674.556223
382.374988	669.753562


371.494150	680.126965
377.254745	675.324304
383.015340	670.521642


372.134503	680.895046
377.895098	676.092384
383.655693	671.289722


372.774856	681.663127
378.535451	676.860465
384.296046	672.057803


373.415209	682.431208
379.175804	677.628546
384.936399	672.825883


374.055562	683.199289
379.816157	678.396627
385.576752	673.593964


374.695915	683.967370
380.456510	679.164707
386.217105	674.362044


375.336268	684.735451
381.096863	679.932788
386.857458	675.130125


375.976622	685.503532
381.737216	680.700869
387.497810	675.898205


376.616975	686.271613
382.377569	681.468949
388.138163	676.666285


377.257328	687.039694
383.017922	682.237030
388.778516	677.434366


377.897681	687.807775
383.658275	683.005111
389.418869	678.202446


378.538034	688.575856
384.298628	683.773192
390.059222	678.970527


379.178387	689.343937
384.938981	684.541272
390.699575	679.738607


379.818740	690.112018
385.579334	685.309353
391.339927	680.506687


380.459094	690.880099
386.219687	686.077434
391.980280	681.274768


381.099447	691.648180
386.860040	686.845514
392.620633	682.042848


381.739800	692.416261
387.500393	687.613595
393.260986	682.810929


382.380153	693.184342
388.140746	688.381676
393.901339	683.579009


383.020506	693.952423
388.781099	689.149757
394.541692	684.347090


383.660859	694.720504
389.421452	689.917837
395.182045	685.115170


384.301212	695.488585
390.061805	690.685918
395.822397	685.883250


384.941566	696.256666
390.702158	691.453999
396.462750	686.651331


385.581919	697.024747
391.342511	692.222079
397.103103	687.419411


386.222272	697.792828
391.982864	692.990160
397.743456	688.187492


386.862625	698.560909
392.623217	693.758241
398.383809	688.955572


387.502978	699.328990
393.263570	694.526321
399.024162	689.723653


388.143331	700.097071
393.903923	695.294402
399.664514	690.491733


388.783684	700.865152
394.544276	696.062483
400.304867	691.259813


389.424037	701.633233
395.184629	696.830564
400.945220	692.027894


390.064391	702.401314
395.824982	697.598644
401.585573	692.795974


390.704744	703.169395
396.465335	698.366725
402.225926	693.564055


391.345097	703.937476
397.105688	699.134806
402.866279	694.332135


391.985450	704.705557
397.746041	699.902886
403.506632	695.100215


392.625803	705.473638
398.386394	700.670967
404.146984	695.868296


393.266156	706.241719
399.026747	701.439048
404.787337	696.636376


393.906509	707.009800
399.667100	702.207129
405.427690	697.404457


394.546863	707.777881
400.307453	702.975209
406.068043	698.172537


395.187216	708.545962
400.947806	703.743290
406.708396	698.940618


395.827569	709.314043
401.588159	704.511371
407.348749	699.708698


396.467922	710.082124
402.228512	705.279451
407.989102	700.476778


397.108275	710.850205
402.868865	706.047532
408.629454	701.244859


397.681272	711.544989
403.505011	706.819089
409.328750	702.093189


398.229812	712.232191
404.128852	707.600626
410.027893	702.969062


398.767222	712.928131
404.740036	708.392102
410.712849	703.856072


399.293363	713.632630
405.338403	709.193311
411.383442	704.753991


399.808098	714.345506
405.923798	710.004046
412.039498	705.662586


400.311293	715.066573
406.496070	710.824097
412.680846	706.581621


400.802819	715.795644
407.055070	711.653251
413.307321	707.510858


401.282548	716.532531
407.600654	712.491294
413.918761	708.450057


401.750356	717.277044
408.132681	713.338009
414.515006	709.398975


402.206122	718.028988
408.651012	714.193177
415.095903	710.357365


402.649727	718.788170
409.155514	715.056575
415.661301	711.324980


403.081057	719.554393
409.646055	715.927981
416.211053	712.301569


403.500001	720.327458
410.122510	716.807168
416.745018	713.286878


403.906449	721.107165
410.584753	717.693909
417.263057	714.280653


404.300296	721.893312
411.032666	718.587974
417.765036	715.282637


404.681440	722.685696
411.466132	719.489132
418.250824	716.292569


405.049783	723.484111
411.885040	720.397149
418.720297	717.310188


405.405230	724.288350
412.289280	721.311790
419.173331	718.335231


405.747687	725.098206
412.678749	722.232819
419.609811	719.367432


406.077066	725.913468
413.053344	723.159995
420.029622	720.406523


406.393283	726.733925
413.412970	724.093081
420.432657	721.452236


406.696255	727.559365
413.757533	725.031833
420.818811	722.504300


406.985904	728.389574
414.086943	725.976008
421.187983	723.562443


407.262154	729.224336
414.401116	726.925363
421.540079	724.626389


407.524934	730.063437
414.699970	727.879650
421.875006	725.695864


407.774177	730.906657
414.983428	728.838624
422.192679	726.770591


408.009817	731.753780
415.251416	729.802035
422.493015	727.850290


408.231793	732.604585
415.503865	730.769634
422.775936	728.934684


408.440049	733.458853
415.740709	731.741171
423.041368	730.023490


408.634529	734.316361
415.961887	732.716394
423.289244	731.116426


408.815184	735.176888
416.167342	733.695049
423.519499	732.213211


408.981967	736.040211
416.357020	734.676885
423.732073	733.313559


409.134835	736.906106
416.530873	735.661645
423.926912	734.417185


409.273748	737.774349
416.688856	736.649077
424.103964	735.523804


409.398670	738.644715
416.830927	737.638922
424.263184	736.633129


409.509568	739.516979
416.957049	738.630926
424.404530	737.744873


409.606415	740.390915
417.067191	739.624831
424.527967	738.858748


409.689184	741.266296
417.161323	740.620380
424.633462	739.974464


409.757855	742.142896
417.239421	741.617315
424.720987	741.091735


409.812410	743.020488
417.301466	742.615378
424.790521	742.210269


409.852835	743.898843
417.347440	743.614310
424.842045	743.329777


409.879118	744.777736
417.377332	744.613853
424.875545	744.449969


409.892688	745.720260
417.391935	745.613787
424.891183	745.507314


409.926699	746.928838
417.420065	746.613359
424.913430	746.297879


409.994388	748.135999
417.476047	747.611758
424.957706	747.087517


410.095701	749.340803
417.559839	748.608208
425.023977	747.875613


410.230559	750.542315
417.671375	749.601935
425.112191	748.661556


410.398858	751.739600
417.810569	750.592168
425.222279	749.444735


410.600467	752.931729
417.977312	751.578135
425.354156	750.224540


410.835230	754.117775
418.171475	752.559071
425.507720	751.000366


411.102963	755.296815
418.392907	753.534213
425.682851	751.771610


411.403459	756.467934
418.641436	754.502803
425.879413	752.537673


411.736484	757.630222
418.916868	755.464090
426.097253	753.297958


412.101779	758.782774
419.218991	756.417325
426.336202	754.051875


412.499061	759.924696
419.547568	757.361767
426.596075	754.798839


