537.314697	620.397095
544.646332	618.816833
551.977966	617.236572


537.493090	621.258296
544.849168	619.796035
552.205246	618.333774


537.657623	622.122252
545.036245	620.778369
552.414867	619.434486


537.808253	622.988741
545.207515	621.763583
552.606777	620.538424


537.944942	623.857537
545.362934	622.751420
552.780925	621.645303


538.067655	624.728418
545.502461	623.741628
552.937266	622.754837


538.176360	625.601158
545.626060	624.733949
553.075761	623.866740


538.271028	626.475532
545.733700	625.728128
553.196373	624.980724


538.351636	627.351314
545.825353	626.723908
553.299071	626.096503


538.418162	628.228278
545.900995	627.721032
553.383828	627.213787


538.470590	629.106197
545.960607	628.719243
553.450624	628.332289


538.508905	629.984846
546.004172	629.718283
553.499440	629.451720


538.533098	630.863997
546.031681	630.717894
553.530264	630.571790


538.543163	631.743423
546.043126	631.717817
553.543088	631.692212


538.539097	632.622897
546.038503	632.717796
553.537909	632.812694


538.520902	633.502193
546.017815	633.717571
553.514727	633.932949


538.488581	634.381082
545.981065	634.716885
553.473550	635.052687


538.442143	635.259339
545.928265	635.715479
553.414388	636.171619


538.381600	636.136737
545.859428	636.713096
553.337255	637.289455


538.306968	637.013048
545.774570	637.709478
553.242172	638.405908


538.218267	637.888047
545.673715	638.704368
553.129163	639.520690


538.115518	638.761508
545.556888	639.697510
552.998258	640.633511


537.998749	639.633206
545.424120	640.688646
552.849491	641.744086


537.867989	640.502915
545.275444	641.677521
552.682899	642.852127


537.723273	641.370410
545.110899	642.663880
552.498526	643.957349


537.564637	642.235469
544.930528	643.647467
552.296419	645.059466


537.392123	643.097867
544.734377	644.628030
552.076631	646.158193


537.205775	643.957382
544.522497	645.605315
551.839218	647.253247


537.005642	644.813792
544.294942	646.579069
551.584241	648.344345


536.791775	645.666876
544.051771	647.549041
551.311767	649.431206


536.564229	646.516414
543.793047	648.514981
551.021866	650.513548


536.323063	647.362186
543.518837	649.476640
550.714612	651.591094


536.068339	648.203974
543.229212	650.433769
550.390085	652.663563


535.800123	649.041561
542.924246	651.386121
550.048369	653.730680


535.518484	649.874731
542.604018	652.333450
549.689552	654.792169


535.223495	650.703268
542.268611	653.275511
549.313726	655.847755


534.915233	651.526958
541.918111	654.212063
548.920989	656.897167


534.593776	652.345589
541.552609	655.142861
548.511442	657.940134


534.259207	653.158950
541.172199	656.067668
548.085190	658.976386


533.911614	653.966830
540.776979	656.986243
547.642344	660.005655


533.551085	654.769021
540.367052	657.898349
547.183018	661.027677


533.177715	655.565316
539.942523	658.803751
546.707331	662.042186


532.791598	656.355510
539.503502	659.702216
546.215405	663.048922


532.392836	657.139397
539.050102	660.593511
545.707368	664.047625


0.560436	15.000000
0.560436	7.500000
0.560436	0.000000


1.560436	15.000000
1.560436	7.500000
1.560436	0.000000


2.560436	15.000000
2.560436	7.500000
2.560436	0.000000


3.560436	15.000000
3.560436	7.500000
3.560436	0.000000


4.560436	15.000000
4.560436	7.500000
4.560436	0.000000


5.560436	15.000000
5.560436	7.500000
5.560436	0.000000


6.560436	15.000000
6.560436	7.500000
6.560436	0.000000


7.560436	15.000000
7.560436	7.500000
7.560436	0.000000


8.560436	15.000000
8.560436	7.500000
8.560436	0.000000


9.560436	15.000000
9.560436	7.500000
9.560436	0.000000


10.560436	15.000000
10.560436	7.500000
10.560436	0.000000


11.560436	15.000000
11.560436	7.500000
11.560436	0.000000


12.560436	15.000000
12.560436	7.500000
12.560436	0.000000


13.560436	15.000000
13.560436	7.500000
13.560436	0.000000


14.560436	15.000000
14.560436	7.500000
14.560436	0.000000


15.560436	15.000000
15.560436	7.500000
15.560436	0.000000


16.560436	15.000000
16.560436	7.500000
16.560436	0.000000


17.560436	15.000000
17.560436	7.500000
17.560436	0.000000


18.560436	15.000000
18.560436	7.500000
18.560436	0.000000


19.560436	15.000000
19.560436	7.500000
19.560436	0.000000


20.560436	15.000000
20.560436	7.500000
20.560436	0.000000


21.560436	15.000000
21.560436	7.500000
21.560436	0.000000


22.560436	15.000000
22.560436	7.500000
22.560436	0.000000


23.560436	15.000000
23.560436	7.500000
23.560436	0.000000


24.560436	15.000000
24.560436	7.500000
24.560436	0.000000


25.560436	15.000000
25.560436	7.500000
25.560436	0.000000


26.560436	15.000000
26.560436	7.500000
26.560436	0.000000


27.560436	15.000000
27.560436	7.500000
27.560436	0.000000


28.560436	15.000000
28.560436	7.500000
28.560436	0.000000


29.560436	15.000000
29.560436	7.500000
29.560436	0.000000


30.560436	15.000000
30.560436	7.500000
30.560436	0.000000


31.560436	15.000000
31.560436	7.500000
31.560436	0.000000


32.560436	15.000000
32.560436	7.500000
32.560436	0.000000


33.560436	15.000000
33.560436	7.500000
33.560436	0.000000


34.560436	15.000000
34.560436	7.500000
34.560436	0.000000


35.560436	15.000000
35.560436	7.500000
35.560436	0.000000


36.560436	15.000000
36.560436	7.500000
36.560436	0.000000


37.560436	15.000000
37.560436	7.500000
37.560436	0.000000


38.560436	15.000000
38.560436	7.500000
38.560436	0.000000


39.560436	15.000000
39.560436	7.500000
39.560436	0.000000


40.560436	15.000000
40.560436	7.500000
40.560436	0.000000


41.560436	15.000000
41.560436	7.500000
41.560436	0.000000


42.560436	15.000000
42.560436	7.500000
42.560436	0.000000


43.560436	15.000000
43.560436	7.500000
43.560436	0.000000


44.560436	15.000000
44.560436	7.500000
44.560436	0.000000


45.560436	15.000000
45.560436	7.500000
45.560436	0.000000


46.560436	15.000000
46.560436	7.500000
46.560436	0.000000


47.560436	15.000000
47.560436	7.500000
47.560436	0.000000


48.560436	15.000000
48.560436	7.500000
48.560436	0.000000


49.560436	15.000000
49.560436	7.500000
49.560436	0.000000


50.560436	15.000000
50.560436	7.500000
50.560436	0.000000


51.560436	15.000000
51.560436	7.500000
51.560436	0.000000


52.560436	15.000000
52.560436	7.500000
52.560436	0.000000


53.560436	15.000000
53.560436	7.500000
53.560436	0.000000


54.560436	15.000000
54.560436	7.500000
54.560436	0.000000


55.560436	15.000000
55.560436	7.500000
55.560436	0.000000


56.560436	15.000000
56.560436	7.500000
56.560436	0.000000


57.560436	15.000000
57.560436	7.500000
57.560436	0.000000


58.560436	15.000000
58.560436	7.500000
58.560436	0.000000


59.560436	15.000000
59.560436	7.500000
59.560436	0.000000


60.560436	15.000000
60.560436	7.500000
60.560436	0.000000


61.560436	15.000000
61.560436	7.500000
61.560436	0.000000


62.560436	15.000000
62.560436	7.500000
62.560436	0.000000


63.560436	15.000000
63.560436	7.500000
63.560436	0.000000


64.560436	15.000000
64.560436	7.500000
64.560436	0.000000


65.560436	15.000000
65.560436	7.500000
65.560436	0.000000


66.560436	15.000000
66.560436	7.500000
66.560436	0.000000


67.560436	15.000000
67.560436	7.500000
67.560436	0.000000


68.560436	15.000000
68.560436	7.500000
68.560436	0.000000


69.560436	15.000000
69.560436	7.500000
69.560436	0.000000


70.560436	15.000000
70.560436	7.500000
70.560436	0.000000


71.560436	15.000000
71.560436	7.500000
71.560436	0.000000


72.560436	15.000000
72.560436	7.500000
72.560436	0.000000


73.560436	15.000000
73.560436	7.500000
73.560436	0.000000


74.560436	15.000000
74.560436	7.500000
74.560436	0.000000


75.560436	15.000000
75.560436	7.500000
75.560436	0.000000


76.560436	15.000000
76.560436	7.500000
76.560436	0.000000


77.560436	15.000000
77.560436	7.500000
77.560436	0.000000


78.560436	15.000000
78.560436	7.500000
78.560436	0.000000


79.560436	15.000000
79.560436	7.500000
79.560436	0.000000


80.560436	15.000000
80.560436	7.500000
80.560436	0.000000


81.560436	15.000000
81.560436	7.500000
81.560436	0.000000


82.560436	15.000000
82.560436	7.500000
82.560436	0.000000


83.560436	15.000000
83.560436	7.500000
83.560436	0.000000


84.560436	15.000000
84.560436	7.500000
84.560436	0.000000


85.560436	15.000000
85.560436	7.500000
85.560436	0.000000


86.560436	15.000000
86.560436	7.500000
86.560436	0.000000


87.560436	15.000000
87.560436	7.500000
87.560436	0.000000


88.560436	15.000000
88.560436	7.500000
88.560436	0.000000


89.560436	15.000000
89.560436	7.500000
89.560436	0.000000


90.560436	15.000000
90.560436	7.500000
90.560436	0.000000


91.560436	15.000000
91.560436	7.500000
91.560436	0.000000


92.560436	15.000000
92.560436	7.500000
92.560436	0.000000


93.560436	15.000000
93.560436	7.500000
93.560436	0.000000


94.560436	15.000000
94.560436	7.500000
94.560436	0.000000


95.560436	15.000000
95.560436	7.500000
95.560436	0.000000


96.560436	15.000000
96.560436	7.500000
96.560436	0.000000


97.560436	15.000000
97.560436	7.500000
97.560436	0.000000


98.560436	15.000000
98.560436	7.500000
98.560436	0.000000


99.560436	15.000000
99.560436	7.500000
99.560436	0.000000


100.560436	15.000000
100.560436	7.500000
100.560436	0.000000


101.560436	15.000000
101.560436	7.500000
101.560436	0.000000


102.560436	15.000000
102.560436	7.500000
102.560436	0.000000


103.560436	15.000000
103.560436	7.500000
103.560436	0.000000


104.560436	15.000000
104.560436	7.500000
104.560436	0.000000


105.560436	15.000000
105.560436	7.500000
105.560436	0.000000


106.560436	15.000000
106.560436	7.500000
106.560436	0.000000


107.560436	15.000000
107.560436	7.500000
107.560436	0.000000


108.560436	15.000000
108.560436	7.500000
108.560436	0.000000


109.560436	15.000000
109.560436	7.500000
109.560436	0.000000


110.560436	15.000000
110.560436	7.500000
110.560436	0.000000


111.560436	15.000000
111.560436	7.500000
111.560436	0.000000


112.560436	15.000000
112.560436	7.500000
112.560436	0.000000


113.560436	15.000000
113.560436	7.500000
113.560436	0.000000


114.560436	15.000000
114.560436	7.500000
114.560436	0.000000


115.560436	15.000000
115.560436	7.500000
115.560436	0.000000


116.560436	15.000000
116.560436	7.500000
116.560436	0.000000


117.560436	15.000000
117.560436	7.500000
117.560436	0.000000


118.560436	15.000000
118.560436	7.500000
118.560436	0.000000


119.560435	15.000000
119.560435	7.500000
119.560435	0.000000


120.560435	15.000000
120.560435	7.500000
120.560435	0.000000


121.560435	15.000000
121.560435	7.500000
121.560435	0.000000


122.560435	15.000000
122.560435	7.500000
122.560435	0.000000


123.560435	15.000000
123.560435	7.500000
123.560435	0.000000


124.560435	15.000000
124.560435	7.500000
124.560435	0.000000


125.560435	15.000000
125.560435	7.500000
125.560435	0.000000


126.560435	15.000000
126.560435	7.500000
126.560435	0.000000


127.560435	15.000000
127.560435	7.500000
127.560435	0.000000


128.560435	15.000000
128.560435	7.500000
128.560435	0.000000


129.560435	15.000000
129.560435	7.500000
129.560435	0.000000


130.560435	15.000000
130.560435	7.500000
130.560435	0.000000


131.560435	15.000000
131.560435	7.500000
131.560435	0.000000


132.560435	15.000000
132.560435	7.500000
132.560435	0.000000


133.560435	15.000000
133.560435	7.500000
133.560435	0.000000


134.560435	15.000000
134.560435	7.500000
134.560435	0.000000


135.560434	15.000000
135.560434	7.500000
135.560434	0.000000


136.560434	15.000000
136.560434	7.500000
136.560434	0.000000


137.560434	15.000000
137.560434	7.500000
137.560434	0.000000


138.560434	15.000000
138.560434	7.500000
138.560434	0.000000


139.560434	15.000000
139.560434	7.500000
139.560434	0.000000


140.560434	15.000000
140.560434	7.500000
140.560434	0.000000


141.560434	15.000000
141.560434	7.500000
141.560434	0.000000


142.560434	15.000000
142.560434	7.500000
142.560434	0.000000


143.560434	15.000000
143.560434	7.500000
143.560434	0.000000


144.560434	15.000000
144.560434	7.500000
144.560434	0.000000


145.560434	15.000000
145.560434	7.500000
145.560434	0.000000


146.560434	15.000000
146.560434	7.500000
146.560434	0.000000


147.560434	15.000000
147.560434	7.500000
147.560434	0.000000


148.560434	15.000000
148.560434	7.500000
148.560434	0.000000


149.560434	15.000000
149.560434	7.500000
149.560434	0.000000


150.560433	15.000000
150.560433	7.500000
150.560433	0.000000


151.560433	15.000000
151.560433	7.500000
151.560433	0.000000


152.560433	15.000000
152.560433	7.500000
152.560433	0.000000


153.560433	15.000000
153.560433	7.500000
153.560433	0.000000


154.560433	15.000000
154.560433	7.500000
154.560433	0.000000


155.560433	15.000000
155.560433	7.500000
155.560433	0.000000


156.560433	15.000000
156.560433	7.500000
156.560433	0.000000


157.560433	15.000000
157.560433	7.500000
157.560433	0.000000


158.560433	15.000000
158.560433	7.500000
158.560433	0.000000


159.560433	15.000000
159.560433	7.500000
159.560433	0.000000


160.560433	15.000000
160.560433	7.500000
160.560433	0.000000


161.560433	15.000000
161.560433	7.500000
161.560433	0.000000


162.560433	15.000000
162.560433	7.500000
162.560433	0.000000


163.560433	15.000000
163.560433	7.500000
163.560433	0.000000


164.560433	15.000000
164.560433	7.500000
164.560433	0.000000


165.560433	15.000000
165.560433	7.500000
165.560433	0.000000


166.560432	15.000000
166.560432	7.500000
166.560432	0.000000


167.560432	15.000000
167.560432	7.500000
167.560432	0.000000


168.560432	15.000000
168.560432	7.500000
168.560432	0.000000


169.560432	15.000000
169.560432	7.500000
169.560432	0.000000


170.560432	15.000000
170.560432	7.500000
170.560432	0.000000


171.560432	15.000000
171.560432	7.500000
171.560432	0.000000


172.560432	15.000000
172.560432	7.500000
172.560432	0.000000


173.560432	15.000000
173.560432	7.500000
173.560432	0.000000


174.560432	15.000000
174.560432	7.500000
174.560432	0.000000


175.560432	15.000000
175.560432	7.500000
175.560432	0.000000


176.560432	15.000000
176.560432	7.500000
176.560432	0.000000


177.560432	15.000000
177.560432	7.500000
177.560432	0.000000


178.560432	15.000000
178.560432	7.500000
178.560432	0.000000


179.560432	15.000000
179.560432	7.500000
179.560432	0.000000


180.560432	15.000000
180.560432	7.500000
180.560432	0.000000


181.560432	15.000000
181.560432	7.500000
181.560432	0.000000


182.560431	15.000000
182.560431	7.500000
182.560431	0.000000


183.560431	15.000000
183.560431	7.500000
183.560431	0.000000


184.560431	15.000000
184.560431	7.500000
184.560431	0.000000


185.560431	15.000000
185.560431	7.500000
185.560431	0.000000


186.560431	15.000000
186.560431	7.500000
186.560431	0.000000


187.560431	15.000000
187.560431	7.500000
187.560431	0.000000


188.560431	15.000000
188.560431	7.500000
188.560431	0.000000


189.560431	15.000000
189.560431	7.500000
189.560431	0.000000


190.560431	15.000000
190.560431	7.500000
190.560431	0.000000


191.560431	15.000000
191.560431	7.500000
191.560431	0.000000


192.560431	15.000000
192.560431	7.500000
192.560431	0.000000


193.560431	15.000000
193.560431	7.500000
193.560431	0.000000


194.560431	15.000000
194.560431	7.500000
194.560431	0.000000


195.560431	15.000000
195.560431	7.500000
195.560431	0.000000


196.560431	15.000000
196.560431	7.500000
196.560431	0.000000


197.560431	15.000000
197.560431	7.500000
197.560431	0.000000


198.560430	15.000000
198.560430	7.500000
198.560430	0.000000


199.560430	15.000000
199.560430	7.500000
199.560430	0.000000


200.560430	15.000000
200.560430	7.500000
200.560430	0.000000


201.560430	15.000000
201.560430	7.500000
201.560430	0.000000


202.560430	15.000000
202.560430	7.500000
202.560430	0.000000


203.560430	15.000000
203.560430	7.500000
203.560430	0.000000


204.560430	15.000000
204.560430	7.500000
204.560430	0.000000


205.560430	15.000000
205.560430	7.500000
205.560430	0.000000


206.560430	15.000000
206.560430	7.500000
206.560430	0.000000


207.560430	15.000000
207.560430	7.500000
207.560430	0.000000


208.560430	15.000000
208.560430	7.500000
208.560430	0.000000


209.560430	15.000000
209.560430	7.500000
209.560430	0.000000


210.560430	15.000000
210.560430	7.500000
210.560430	0.000000


211.560430	15.000000
211.560430	7.500000
211.560430	0.000000


212.560430	15.000000
212.560430	7.500000
212.560430	0.000000


213.560429	15.000000
213.560429	7.500000
213.560429	0.000000


214.560429	15.000000
214.560429	7.500000
214.560429	0.000000


215.560429	15.000000
215.560429	7.500000
215.560429	0.000000


216.560429	15.000000
216.560429	7.500000
216.560429	0.000000


217.560429	15.000000
217.560429	7.500000
217.560429	0.000000


218.560429	15.000000
218.560429	7.500000
218.560429	0.000000


219.560429	15.000000
219.560429	7.500000
219.560429	0.000000


220.560429	15.000000
220.560429	7.500000
220.560429	0.000000


221.560429	15.000000
221.560429	7.500000
221.560429	0.000000


222.560429	15.000000
222.560429	7.500000
222.560429	0.000000


223.560429	15.000000
223.560429	7.500000
223.560429	0.000000


224.560429	15.000000
224.560429	7.500000
224.560429	0.000000


225.560429	15.000000
225.560429	7.500000
225.560429	0.000000


226.560429	15.000000
226.560429	7.500000
226.560429	0.000000


227.521059	15.000375
227.560428	7.500478
227.599797	0.000582


228.304904	15.015778
228.560200	7.520124
228.815496	0.024470


229.087982	15.053743
229.558993	7.568548
230.030003	0.083353


229.869641	15.114240
230.555976	7.645710
231.242312	0.177179


230.649235	15.197218
231.550325	7.751545
232.451416	0.305873


231.426116	15.302608
232.541215	7.885967
233.656314	0.469327


232.199640	15.430323
233.527823	8.048864
234.856005	0.667405


232.969167	15.580257
234.509332	8.240100
236.049496	0.899944


233.734057	15.752285
235.484927	8.459518
237.235797	1.166751


234.493677	15.946266
236.453801	8.706934
238.413924	1.467603


235.247397	16.162038
237.415149	8.982145
239.582900	1.802253


235.994592	16.399422
238.368174	9.284922
240.741756	2.170422


236.734642	16.658221
239.312087	9.615013
241.889531	2.571805


237.466934	16.938221
240.246103	9.972145
243.025273	3.006069


238.190860	17.239190
241.169450	10.356022
244.148040	3.472854


238.905821	17.560878
242.081361	10.766326
245.256902	3.971774


239.611222	17.903019
242.981080	11.202716
246.350939	4.502413


240.306480	18.265328
243.867862	11.664831
247.429243	5.064334


240.991018	18.647505
244.740970	12.152287
248.490922	5.657068


241.664268	19.049233
245.599680	12.664680
249.535093	6.280126


242.325672	19.470180
246.443282	13.201585
250.560892	6.932990


242.974681	19.909996
247.271075	13.762557
251.567468	7.615119


243.610758	20.368316
248.082372	14.347132
252.553987	8.325947


244.233375	20.844761
248.876502	14.954823
253.519629	9.064885


244.842015	21.338935
249.652805	15.585128
254.463596	9.831320


245.436175	21.850429
250.410639	16.237523
255.385102	10.624617


246.015361	22.378818
251.149373	16.911468
256.283386	11.444118


246.579093	22.923664
251.868397	17.606404
257.157702	12.289144


247.126903	23.484516
252.567114	18.321754
258.007324	13.158993


247.658338	24.060909
253.244943	19.056926
258.831549	14.052944


248.172957	24.652364
253.901324	19.811310
259.629692	14.970256


248.670332	25.258391
254.535713	20.584280
260.401093	15.910169


249.150052	25.878487
255.147582	21.375195
261.145111	16.871903


249.611719	26.512140
255.736425	22.183400
261.861130	17.854661


250.054950	27.158822
256.301753	23.008224
262.548555	18.857627


250.479378	27.817997
256.843098	23.848984
263.206817	19.879970


250.884649	28.489120
257.360010	24.704982
263.835371	20.920843


251.270430	29.171634
257.852062	25.575508
264.433694	21.979382


251.636399	29.864972
258.318844	26.459841
265.001290	23.054710


251.982253	30.568560
258.759971	27.357247
265.537690	24.145934


252.356314	31.381136
259.178511	28.265434
266.000708	25.149732


252.771741	32.290762
259.593938	29.175061
266.416135	26.059359


253.187168	33.200389
260.009365	30.084687
266.831561	26.968985


253.602595	34.110015
260.424792	30.994314
267.246988	27.878612


254.018022	35.019642
260.840219	31.903940
267.662415	28.788239


254.433449	35.929268
261.255645	32.813567
268.077842	29.697865


254.848876	36.838895
261.671072	33.723193
268.493269	30.607492


255.264303	37.748522
262.086499	34.632820
268.908696	31.517119


255.679730	38.658148
262.501926	35.542447
269.324123	32.426745


256.095157	39.567775
262.917353	36.452073
269.739550	33.336372


256.510584	40.477401
263.332780	37.361700
270.154977	34.245998


256.926011	41.387028
263.748207	38.271326
270.570403	35.155625


257.341438	42.296654
264.163634	39.180953
270.985830	36.065252


257.756865	43.206281
264.579061	40.090580
271.401257	36.974878


258.172292	44.115907
264.994488	41.000206
271.816684	37.884505


258.587719	45.025534
265.409915	41.909833
272.232111	38.794132


259.003146	45.935161
265.825342	42.819459
272.647538	39.703758


259.418573	46.844787
266.240769	43.729086
273.062965	40.613385


259.834000	47.754414
266.656196	44.638713
273.478392	41.523011


260.249427	48.664040
267.071623	45.548339
273.893819	42.432638


260.664854	49.573667
267.487050	46.457966
274.309245	43.342265


261.080281	50.483293
267.902477	47.367592
274.724672	44.251891


261.495708	51.392920
268.317903	48.277219
275.140099	45.161518


261.911135	52.302547
268.733330	49.186846
275.555526	46.071145


262.326562	53.212173
269.148757	50.096472
275.970953	46.980771


262.741989	54.121800
269.564184	51.006099
276.386380	47.890398


263.157416	55.031426
269.979611	51.915725
276.801807	48.800024


263.572843	55.941053
270.395038	52.825352
277.217234	49.709651


263.988270	56.850679
270.810465	53.734979
277.632660	50.619278


264.403697	57.760306
271.225892	54.644605
278.048087	51.528904


264.819124	58.669933
271.641319	55.554232
278.463514	52.438531


265.234551	59.579559
272.056746	56.463858
278.878941	53.348158


265.649978	60.489186
272.472173	57.373485
279.294368	54.257784


266.065405	61.398812
272.887600	58.283111
279.709795	55.167411


266.480832	62.308439
273.303027	59.192738
280.125222	56.077037


266.896259	63.218065
273.718454	60.102365
280.540649	56.986664


267.311686	64.127692
274.133881	61.011991
280.956076	57.896291


267.727113	65.037318
274.549308	61.921618
281.371502	58.805917


268.142540	65.946945
274.964735	62.831244
281.786929	59.715544


268.557967	66.856572
275.380161	63.740871
282.202356	60.625170


268.973394	67.766198
275.795588	64.650498
282.617783	61.534797


269.388821	68.675825
276.211015	65.560124
283.033210	62.444424


269.804248	69.585451
276.626442	66.469751
283.448637	63.354050


270.219675	70.495078
277.041869	67.379377
283.864064	64.263677


270.635102	71.404704
277.457296	68.289004
284.279491	65.173304


271.050529	72.314331
277.872723	69.198631
284.694918	66.082930


271.465956	73.223958
278.288150	70.108257
285.110344	66.992557


271.881383	74.133584
278.703577	71.017884
285.525771	67.902183


272.296810	75.043211
279.119004	71.927510
285.941198	68.811810


272.712237	75.952837
279.534431	72.837137
286.356625	69.721437


273.127664	76.862464
279.949858	73.746764
286.772052	70.631063


273.543091	77.772090
280.365285	74.656390
287.187479	71.540690


273.958518	78.681717
280.780712	75.566017
287.602906	72.450317


274.373945	79.591344
281.196139	76.475643
288.018333	73.359943


274.789372	80.500970
281.611566	77.385270
288.433760	74.269570


275.204799	81.410597
282.026993	78.294897
288.849186	75.179196


275.620226	82.320223
282.442419	79.204523
289.264613	76.088823


276.035653	83.229850
282.857846	80.114150
289.680040	76.998450


276.451080	84.139476
283.273273	81.023776
290.095467	77.908076


276.866507	85.049103
283.688700	81.933403
290.510894	78.817703


277.281934	85.958729
284.104127	82.843029
290.926321	79.727330


277.697361	86.868356
284.519554	83.752656
291.341748	80.636956


278.112788	87.777983
284.934981	84.662283
291.757175	81.546583


278.528215	88.687609
285.350408	85.571909
292.172601	82.456209


278.943642	89.597236
285.765835	86.481536
292.588028	83.365836


279.359069	90.506862
286.181262	87.391162
293.003455	84.275463


279.774496	91.416489
286.596689	88.300789
293.418882	85.185089


280.189923	92.326115
287.012116	89.210416
293.834309	86.094716


280.605350	93.235742
287.427543	90.120042
294.249736	87.004342


281.020777	94.145369
287.842970	91.029669
294.665163	87.913969


281.436204	95.054995
288.258397	91.939295
295.080590	88.823596


281.851631	95.964622
288.673824	92.848922
295.496017	89.733222


282.267058	96.874248
289.089251	93.758549
295.911443	90.642849


282.682485	97.783875
289.504677	94.668175
296.326870	91.552476


283.097912	98.693501
289.920104	95.577802
296.742297	92.462102


283.513339	99.603128
290.335531	96.487428
297.157724	93.371729


283.928766	100.512755
290.750958	97.397055
297.573151	94.281355


284.344193	101.422381
291.166385	98.306682
297.988578	95.190982


284.759620	102.332008
291.581812	99.216308
298.404005	96.100609


285.175047	103.241634
291.997239	100.125935
298.819432	97.010235


285.590474	104.151261
292.412666	101.035561
299.234859	97.919862


286.005901	105.060887
292.828093	101.945188
299.650285	98.829489


286.421328	105.970514
293.243520	102.854815
300.065712	99.739115


286.836755	106.880140
293.658947	103.764441
300.481139	100.648742


287.252182	107.789767
294.074374	104.674068
300.896566	101.558368


287.667609	108.699394
294.489801	105.583694
301.311993	102.467995


288.083036	109.609020
294.905228	106.493321
301.727420	103.377622


288.498463	110.518647
295.320655	107.402948
302.142847	104.287248


288.913890	111.428273
295.736082	108.312574
302.558274	105.196875


289.329317	112.337900
296.151509	109.222201
302.973700	106.106502


289.744744	113.247526
296.566936	110.131827
303.389127	107.016128


290.160171	114.157153
296.982362	111.041454
303.804554	107.925755


290.575598	115.066780
297.397789	111.951080
304.219981	108.835381


290.991025	115.976406
297.813216	112.860707
304.635408	109.745008


291.406452	116.886033
298.228643	113.770334
305.050835	110.654635


291.821879	117.795659
298.644070	114.679960
305.466262	111.564261


292.237306	118.705286
299.059497	115.589587
305.881689	112.473888


292.652733	119.614912
299.474924	116.499213
306.297116	113.383514


293.068160	120.524539
299.890351	117.408840
306.712542	114.293141


293.483587	121.434165
300.305778	118.318467
307.127969	115.202768


293.899014	122.343792
300.721205	119.228093
307.543396	116.112394


294.314441	123.253419
301.136632	120.137720
307.958823	117.022021


294.729868	124.163045
301.552059	121.047346
308.374250	117.931648


295.145295	125.072672
301.967486	121.956973
308.789677	118.841274


295.560722	125.982298
302.382913	122.866600
309.205104	119.750901


295.976149	126.891925
302.798340	123.776226
309.620531	120.660527


296.391576	127.801551
303.213767	124.685853
310.035958	121.570154


296.807003	128.711178
303.629194	125.595479
310.451384	122.479781


297.222430	129.620805
304.044620	126.505106
310.866811	123.389407


297.637857	130.530431
304.460047	127.414733
311.282238	124.299034


298.053284	131.440058
304.875474	128.324359
311.697665	125.208661


298.468711	132.349684
305.290901	129.233986
312.113092	126.118287


298.884138	133.259311
305.706328	130.143612
312.528519	127.027914


299.299565	134.168937
306.121755	131.053239
312.943946	127.937540


299.714992	135.078564
306.537182	131.962866
313.359373	128.847167


300.130419	135.988191
306.952609	132.872492
313.774800	129.756794


300.545846	136.897817
307.368036	133.782119
314.190226	130.666420


300.961273	137.807444
307.783463	134.691745
314.605653	131.576047


301.376700	138.717070
308.198890	135.601372
315.021080	132.485674


301.792127	139.626697
308.614317	136.510998
315.436507	133.395300


302.207554	140.536323
309.029744	137.420625
315.851934	134.304927


302.622981	141.445950
309.445171	138.330252
316.267361	135.214553


303.038408	142.355576
309.860598	139.239878
316.682788	136.124180


303.453835	143.265203
310.276025	140.149505
317.098215	137.033807


303.869262	144.174830
310.691452	141.059131
317.513641	137.943433


304.284689	145.084456
311.106878	141.968758
317.929068	138.853060


304.700116	145.994083
311.522305	142.878385
318.344495	139.762687


305.115543	146.903709
311.937732	143.788011
318.759922	140.672313


305.530970	147.813336
312.353159	144.697638
319.175349	141.581940


305.946397	148.722962
312.768586	145.607264
319.590776	142.491566


306.361824	149.632589
313.184013	146.516891
320.006203	143.401193


306.777251	150.542216
313.599440	147.426518
320.421630	144.310820


307.192678	151.451842
314.014867	148.336144
320.837057	145.220446


307.608105	152.361469
314.430294	149.245771
321.252483	146.130073


308.023532	153.271095
314.845721	150.155397
321.667910	147.039699


308.438959	154.180722
315.261148	151.065024
322.083337	147.949326


308.912811	155.197661
315.683447	151.971465
322.454083	148.745268


309.408146	156.214257
316.121461	152.870418
322.834776	149.526580


309.921143	157.222056
316.575093	153.761593
323.229043	150.301130


310.451646	158.220750
317.044205	154.644717
323.636764	151.068683


310.999493	159.210037
317.528654	155.519521
324.057816	151.829005


311.564518	160.189614
318.028293	156.385740
324.492069	152.581866


312.146548	161.159183
318.542970	157.243109
324.939392	153.327034


312.745407	162.118450
319.072528	158.091367
325.399649	154.064285


313.360912	163.067122
319.616805	158.930257
325.872699	154.793393


313.992875	164.004910
320.175637	159.759523
326.358398	155.514136


314.641105	164.931529
320.748852	160.578912
326.856599	156.226295


315.305403	165.846696
321.336277	161.388174
327.367150	156.929653


315.985568	166.750134
321.937732	162.187065
327.889895	157.623995


316.681393	167.641567
322.553034	162.975339
328.424676	158.309112


317.392665	168.520723
323.181997	163.752758
328.971329	158.984793


318.119169	169.387335
323.824428	164.519084
329.529688	159.650833


318.860682	170.241139
324.480133	165.274085
330.099583	160.307030


319.616980	171.081876
325.148910	166.017530
330.680840	160.953184


320.387832	171.909289
325.830558	166.749193
331.273283	161.589097


321.173003	172.723126
326.524867	167.468851
331.876731	162.214577


321.972254	173.523139
327.231628	168.176286
332.491001	162.829432


322.785342	174.309086
327.950624	168.871281
333.115905	163.433476


323.612020	175.080726
328.681637	169.553626
333.751253	164.026525


324.452035	175.837825
329.424444	170.223112
334.396852	164.608399


325.305132	176.580152
330.178819	170.879535
335.052506	165.178919


326.171051	177.307481
330.944532	171.522697
335.718013	165.737913


327.049529	178.019592
331.721351	172.152401
336.393173	166.285210


327.940298	178.716266
332.509039	172.768454
337.077779	166.820643


328.843087	179.397292
333.307355	173.370671
337.771623	167.344050


329.757621	180.062463
334.116057	173.958867
338.474494	167.855271


330.683621	180.711575
334.934899	174.532863
339.186178	168.354151


331.620806	181.344432
335.763632	175.092485
339.906458	168.840537


332.568891	181.960841
336.602002	175.637562
340.635114	169.314282


333.527586	182.560614
337.449756	176.167928
341.371925	169.775242


334.496600	183.143568
338.306634	176.683422
342.116667	170.223275


335.475638	183.709527
339.172376	177.183886
342.869113	170.658246


336.464402	184.258317
340.046718	177.669169
343.629034	171.080022


337.462590	184.789772
340.929394	178.139123
344.396198	171.488475


338.469900	185.303729
341.820136	178.593605
345.170372	171.883480


339.486023	185.800033
342.718672	179.032475
345.951320	172.264918


340.498197	186.272963
343.624677	179.455702
346.751157	172.638442


341.407165	186.689828
344.533646	179.872567
347.660126	173.055307


342.316134	187.106693
345.442614	180.289432
348.569094	173.472172


343.225102	187.523558
346.351582	180.706297
349.478062	173.889037


344.134070	187.940423
347.260551	181.123162
350.387031	174.305902


345.043039	188.357288
348.169519	181.540027
351.295999	174.722767


345.952007	188.774153
349.078487	181.956892
352.204967	175.139632


346.860976	189.191018
349.987456	182.373757
353.113936	175.556497


347.769944	189.607883
350.896424	182.790622
354.022904	175.973362


348.678912	190.024748
351.805392	183.207487
354.931872	176.390227


349.587881	190.441613
352.714361	183.624352
355.840841	176.807092


350.496849	190.858478
353.623329	184.041217
356.749809	177.223957


351.405817	191.275343
354.532297	184.458082
357.658777	177.640822


352.314786	191.692208
355.441266	184.874947
358.567746	178.057687


353.223754	192.109073
356.350234	185.291812
359.476714	178.474552


354.132722	192.525938
357.259202	185.708677
360.385683	178.891416


355.041691	192.942803
358.168171	186.125542
361.294651	179.308281


355.950659	193.359668
359.077139	186.542407
362.203619	179.725146


356.859627	193.776533
359.986107	186.959272
363.112588	180.142011


357.768596	194.193398
360.895076	187.376137
364.021556	180.558876


358.677564	194.610263
361.804044	187.793002
364.930524	180.975741


359.586532	195.027128
362.713012	188.209867
365.839493	181.392606


360.495501	195.443993
363.621981	188.626732
366.748461	181.809471


361.404469	195.860858
364.530949	189.043597
367.657429	182.226336


362.313437	196.277723
365.439918	189.460462
368.566398	182.643201


363.222406	196.694588
366.348886	189.877327
369.475366	183.060066


364.131374	197.111453
367.257854	190.294192
370.384334	183.476931


365.040342	197.528318
368.166823	190.711057
371.293303	183.893796


365.949311	197.945183
369.075791	191.127922
372.202271	184.310661


366.858279	198.362048
369.984759	191.544787
373.111239	184.727526


367.767248	198.778913
370.893728	191.961652
374.020208	185.144391


368.676216	199.195778
371.802696	192.378517
374.929176	185.561256


369.585184	199.612643
372.711664	192.795382
375.838144	185.978121


370.494153	200.029508
373.620633	193.212247
376.747113	186.394986


371.403121	200.446373
374.529601	193.629112
377.656081	186.811851


372.312089	200.863238
375.438569	194.045977
378.565049	187.228716


373.221058	201.280103
376.347538	194.462842
379.474018	187.645581


374.130026	201.696968
377.256506	194.879707
380.382986	188.062446


375.038994	202.113833
378.165474	195.296572
381.291955	188.479311


375.947963	202.530698
379.074443	195.713437
382.200923	188.896176


376.856931	202.947563
379.983411	196.130302
383.109891	189.313041


377.765899	203.364428
380.892379	196.547167
384.018860	189.729906


378.674868	203.781293
381.801348	196.964032
384.927828	190.146771


379.583836	204.198158
382.710316	197.380897
385.836796	190.563636


380.492804	204.615023
383.619284	197.797762
386.745765	190.980501


381.401773	205.031887
384.528253	198.214627
387.654733	191.397366


382.310741	205.448752
385.437221	198.631492
388.563701	191.814231


383.219709	205.865617
386.346190	199.048357
389.472670	192.231096


384.128678	206.282482
387.255158	199.465222
390.381638	192.647961


385.037646	206.699347
388.164126	199.882087
391.290606	193.064826


385.946614	207.116212
389.073095	200.298952
392.199575	193.481691


386.855583	207.533077
389.982063	200.715817
393.108543	193.898556


387.764551	207.949942
390.891031	201.132682
394.017511	194.315421


388.673520	208.366807
391.800000	201.549547
394.926480	194.732286


389.582488	208.783672
392.708968	201.966412
395.835448	195.149151


390.491456	209.200537
393.617936	202.383277
396.744416	195.566016


391.400425	209.617402
394.526905	202.800142
397.653385	195.982881


392.309393	210.034267
395.435873	203.217007
398.562353	196.399746


393.218361	210.451132
396.344841	203.633872
399.471321	196.816611


394.127330	210.867997
397.253810	204.050737
400.380290	197.233476


395.036298	211.284862
398.162778	204.467602
401.289258	197.650341


395.945266	211.701727
399.071746	204.884466
402.198226	198.067206


396.854235	212.118592
399.980715	205.301331
403.107195	198.484071


397.763203	212.535457
400.889683	205.718196
404.016163	198.900936


398.672171	212.952322
401.798651	206.135061
404.925132	199.317801


399.581140	213.369187
402.707620	206.551926
405.834100	199.734666


400.490108	213.786052
403.616588	206.968791
406.743068	200.151531


401.399076	214.202917
404.525556	207.385656
407.652037	200.568396


402.308045	214.619782
405.434525	207.802521
408.561005	200.985261


403.217013	215.036647
406.343493	208.219386
409.469973	201.402126


404.125981	215.453512
407.252462	208.636251
410.378942	201.818991


405.034950	215.870377
408.161430	209.053116
411.287910	202.235856


405.943918	216.287242
409.070398	209.469981
412.196878	202.652721


406.852886	216.704107
409.979367	209.886846
413.105847	203.069586


407.761855	217.120972
410.888335	210.303711
414.014815	203.486451


408.670823	217.537837
411.797303	210.720576
414.923783	203.903316


409.579792	217.954702
412.706272	211.137441
415.832752	204.320181


410.488760	218.371567
413.615240	211.554306
416.741720	204.737046


411.397728	218.788432
414.524208	211.971171
417.650688	205.153910


412.306697	219.205297
415.433177	212.388036
418.559657	205.570775


413.215665	219.622162
416.342145	212.804901
419.468625	205.987640


414.124633	220.039027
417.251113	213.221766
420.377593	206.404505


415.033602	220.455892
418.160082	213.638631
421.286562	206.821370


415.942570	220.872757
419.069050	214.055496
422.195530	207.238235


416.851538	221.289622
419.978018	214.472361
423.104498	207.655100


417.760507	221.706487
420.886987	214.889226
424.013467	208.071965


418.669475	222.123352
421.795955	215.306091
424.922435	208.488830


419.578443	222.540217
422.704923	215.722956
425.831404	208.905695


420.487412	222.957082
423.613892	216.139821
426.740372	209.322560


421.396380	223.373947
424.522860	216.556686
427.649340	209.739425


422.305348	223.790812
425.431828	216.973551
428.558309	210.156290


423.214317	224.207677
426.340797	217.390416
429.467277	210.573155


424.123285	224.624542
427.249765	217.807281
430.376245	210.990020


425.032253	225.041407
428.158734	218.224146
431.285214	211.406885


425.941222	225.458272
429.067702	218.641011
432.194182	211.823750


426.850190	225.875137
429.976670	219.057876
433.103150	212.240615


427.759158	226.292002
430.885639	219.474741
434.012119	212.657480


428.668127	226.708867
431.794607	219.891606
434.921087	213.074345


429.577095	227.125732
432.703575	220.308471
435.830055	213.491210


430.486063	227.542597
433.612544	220.725336
436.739024	213.908075


431.395032	227.959462
434.521512	221.142201
437.647992	214.324940


432.304000	228.376327
435.430480	221.559066
438.556960	214.741805


433.212969	228.793192
436.339449	221.975931
439.465929	215.158670


434.121937	229.210057
437.248417	222.392796
440.374897	215.575535


435.030905	229.626922
438.157385	222.809661
441.283865	215.992400


435.912974	230.032102
439.066082	223.227117
442.219190	216.422131


436.738064	230.420316
439.970922	223.652853
443.203781	216.885391


437.558534	230.818198
440.870697	224.089194
444.182859	217.360190


438.374273	231.225695
441.765282	224.536078
445.156291	217.846461


439.185167	231.642750
442.654554	224.993444
446.123941	218.344138


439.991103	232.069305
443.538390	225.461228
447.085676	218.853151


440.791972	232.505302
444.416667	225.939367
448.041363	219.373432


441.587661	232.950680
445.289265	226.427793
448.990869	219.904907


442.378062	233.405377
446.156063	226.926440
449.934065	220.447503


443.163065	233.869332
447.016942	227.435239
450.870819	221.001146


443.942561	234.342479
447.871782	227.954119
451.801003	221.565759


444.716444	234.824754
448.720465	228.483009
452.724487	222.141264


445.484605	235.316090
449.562875	229.021835
453.641144	222.727581


446.246940	235.816419
450.398894	229.570524
454.550849	223.324629


447.003343	236.325671
451.228408	230.128999
455.453474	223.932327


447.753709	236.843778
452.051302	230.697184
456.348895	224.550590


448.497934	237.370666
452.867462	231.274999
457.236990	225.179333


449.235917	237.906264
453.676775	231.862366
458.117634	225.818469


449.967555	238.450497
454.479131	232.459203
458.990707	226.467909


450.692746	239.003290
455.274417	233.065427
459.856087	227.127564


451.411392	239.564567
456.062524	233.680955
460.713657	227.797343


452.123392	240.134251
456.843344	234.305702
461.563296	228.477154


452.828648	240.712262
457.616767	234.939582
462.404887	229.166902


453.527063	241.298521
458.382689	235.582506
463.238315	229.866492


454.218540	241.892946
459.141002	236.234387
464.063464	230.575828


454.902985	242.495457
459.891603	236.895134
464.880221	231.294812


455.580302	243.105969
460.634387	237.564656
465.688472	232.023344


456.250397	243.724398
461.369252	238.242861
466.488106	232.761324


456.913179	244.350660
462.096096	238.929655
467.279013	233.508649


457.568556	244.984666
462.814819	239.624942
468.061083	234.265218


458.216437	245.626331
463.525323	240.328628
468.834208	235.030924


458.856733	246.275564
464.227507	241.040614
469.598281	235.805663


459.489356	246.932278
464.921277	241.760803
470.353198	236.589328


460.114217	247.596380
465.606535	242.489094
471.098853	237.381809


460.731231	248.267779
466.283188	243.225389
471.835144	238.182998


461.340312	248.946383
466.951141	243.969584
472.561969	238.992785


461.941377	249.632097
467.610303	244.721577
473.279228	239.811057


462.534343	250.324827
468.260582	245.481264
473.986822	240.637701


463.119127	251.024478
468.901889	246.248540
474.684652	241.472603


463.695648	251.730952
469.534135	247.023300
475.372623	242.315648


464.263828	252.444153
470.157234	247.805436
476.050639	243.166719


464.823587	253.163981
470.771097	248.594840
476.718607	244.025700


465.374849	253.890337
471.375642	249.391404
477.376435	244.892470


465.917537	254.623122
471.970785	250.195016
478.024032	245.766911


466.451576	255.362233
472.556442	251.005567
478.661308	246.648902


466.976893	256.107569
473.132535	251.822945
479.288176	247.538321


467.493415	256.859026
473.698982	252.647036
479.904548	248.435045


468.001070	257.616502
474.255705	253.477726
480.510340	249.338950


468.499789	258.379890
474.802629	254.314901
481.105468	250.249912


468.993705	259.155640
475.339744	255.158402
481.685783	251.161164


469.526671	260.001777
475.872710	256.004539
482.218748	252.007301


470.059636	260.847914
476.405675	256.850676
482.751714	252.853438


470.592602	261.694051
476.938641	257.696813
483.284679	253.699575


471.125567	262.540188
477.471606	258.542950
483.817645	254.545712


471.658533	263.386325
478.004572	259.389087
484.350610	255.391849


472.191498	264.232462
478.537537	260.235224
484.883576	256.237986


472.724464	265.078599
479.070503	261.081361
485.416541	257.084122


473.257429	265.924736
479.603468	261.927498
485.949507	257.930259


473.790395	266.770873
480.136434	262.773635
486.482472	258.776396


474.323360	267.617010
480.669399	263.619772
487.015438	259.622533


474.856326	268.463147
481.202365	264.465909
487.548403	260.468670


475.389291	269.309284
481.735330	265.312046
488.081369	261.314807


475.922257	270.155421
482.268296	266.158183
488.614335	262.160944


476.455222	271.001558
482.801261	267.004320
489.147300	263.007081


476.988188	271.847695
483.334227	267.850457
489.680266	263.853218


477.521153	272.693832
483.867192	268.696594
490.213231	264.699355


478.054119	273.539969
484.400158	269.542731
490.746197	265.545492


478.587084	274.386106
484.933123	270.388867
491.279162	266.391629


479.120050	275.232243
485.466089	271.235004
491.812128	267.237766


479.653015	276.078380
485.999054	272.081141
492.345093	268.083903


480.185981	276.924517
486.532020	272.927278
492.878059	268.930040


480.718946	277.770654
487.064985	273.773415
493.411024	269.776177


481.251912	278.616791
487.597951	274.619552
493.943990	270.622314


481.784878	279.462928
488.130916	275.465689
494.476955	271.468451


482.317843	280.309065
488.663882	276.311826
495.009921	272.314588


482.850809	281.155202
489.196847	277.157963
495.542886	273.160725


483.383774	282.001339
489.729813	278.004100
496.075852	274.006862


483.916740	282.847476
490.262778	278.850237
496.608817	274.852999


484.449705	283.693612
490.795744	279.696374
497.141783	275.699136


484.982671	284.539749
491.328709	280.542511
497.674748	276.545273


485.515636	285.385886
491.861675	281.388648
498.207714	277.391410


486.048602	286.232023
492.394640	282.234785
498.740679	278.237547


486.581567	287.078160
492.927606	283.080922
499.273645	279.083684


487.114533	287.924297
493.460571	283.927059
499.806610	279.929821


487.647498	288.770434
493.993537	284.773196
500.339576	280.775958


488.180464	289.616571
494.526502	285.619333
500.872541	281.622095


488.713429	290.462708
495.059468	286.465470
501.405507	282.468232


489.246395	291.308845
495.592433	287.311607
501.938472	283.314369


489.779360	292.154982
496.125399	288.157744
502.471438	284.160506


490.312326	293.001119
496.658365	289.003881
503.004403	285.006643


490.845291	293.847256
497.191330	289.850018
503.537369	285.852780


491.378257	294.693393
497.724296	290.696155
504.070334	286.698917


491.911222	295.539530
498.257261	291.542292
504.603300	287.545054


492.444188	296.385667
498.790227	292.388429
505.136265	288.391191


492.977153	297.231804
499.323192	293.234566
505.669231	289.237328


493.510119	298.077941
499.856158	294.080703
506.202196	290.083465


494.043084	298.924078
500.389123	294.926840
506.735162	290.929602


494.576050	299.770215
500.922089	295.772977
507.268127	291.775739


495.109015	300.616352
501.455054	296.619114
507.801093	292.621876


495.641981	301.462489
501.988020	297.465251
508.334058	293.468013


496.174946	302.308626
502.520985	298.311388
508.867024	294.314150


496.707912	303.154763
503.053951	299.157525
509.399989	295.160287


497.240877	304.000900
503.586916	300.003662
509.932955	296.006424


497.773843	304.847037
504.119882	300.849799
510.465920	296.852561


498.306808	305.693174
504.652847	301.695936
510.998886	297.698698


498.839774	306.539311
505.185813	302.542073
511.531852	298.544835


499.372739	307.385448
505.718778	303.388210
512.064817	299.390972


499.905705	308.231585
506.251744	304.234347
512.597783	300.237109


500.438670	309.077722
506.784709	305.080484
513.130748	301.083246


500.971636	309.923859
507.317675	305.926621
513.663714	301.929383


501.504601	310.769996
507.850640	306.772758
514.196679	302.775520


502.037567	311.616133
508.383606	307.618895
514.729645	303.621657


502.570532	312.462270
508.916571	308.465032
515.262610	304.467794


503.103498	313.308407
509.449537	309.311169
515.795576	305.313931


503.636463	314.154544
509.982502	310.157306
516.328541	306.160068


504.169429	315.000681
510.515468	311.003443
516.861507	307.006205


504.702394	315.846818
511.048433	311.849580
517.394472	307.852342


505.235360	316.692955
511.581399	312.695717
517.927438	308.698479


505.768326	317.539092
512.114364	313.541854
518.460403	309.544616


506.301291	318.385229
512.647330	314.387991
518.993369	310.390753


506.834257	319.231366
513.180295	315.234128
519.526334	311.236890


507.367222	320.077503
513.713261	316.080265
520.059300	312.083027


507.900188	320.923640
514.246226	316.926402
520.592265	312.929164


508.433153	321.769777
514.779192	317.772539
521.125231	313.775301


508.966119	322.615914
515.312157	318.618676
521.658196	314.621438


509.499084	323.462051
515.845123	319.464813
522.191162	315.467574


510.032050	324.308188
516.378088	320.310950
522.724127	316.313711


510.565015	325.154325
516.911054	321.157087
523.257093	317.159848


511.097981	326.000462
517.444019	322.003224
523.790058	318.005985


511.630946	326.846599
517.976985	322.849361
524.323024	318.852122


512.163912	327.692736
518.509950	323.695498
524.855989	319.698259


512.696877	328.538873
519.042916	324.541635
525.388955	320.544396


513.229843	329.385010
519.575881	325.387772
525.921920	321.390533


513.762808	330.231147
520.108847	326.233909
526.454886	322.236670


514.295774	331.077284
520.641813	327.080046
526.987851	323.082807


514.828739	331.923421
521.174778	327.926183
527.520817	323.928944


515.361705	332.769558
521.707744	328.772319
528.053782	324.775081


515.894670	333.615695
522.240709	329.618456
528.586748	325.621218


516.427636	334.461832
522.773675	330.464593
529.119713	326.467355


516.960601	335.307969
523.306640	331.310730
529.652679	327.313492


517.493567	336.154106
523.839606	332.156867
530.185644	328.159629


518.026532	337.000243
524.372571	333.003004
530.718610	329.005766


518.559498	337.846380
524.905537	333.849141
531.251575	329.851903


519.092463	338.692517
525.438502	334.695278
531.784541	330.698040


519.625429	339.538654
525.971468	335.541415
532.317506	331.544177


520.158394	340.384791
526.504433	336.387552
532.850472	332.390314


520.691360	341.230928
527.037399	337.233689
533.383437	333.236451


521.224325	342.077064
527.570364	338.079826
533.916403	334.082588


521.757291	342.923201
528.103330	338.925963
534.449368	334.928725


522.290256	343.769338
528.636295	339.772100
534.982334	335.774862


522.823222	344.615475
529.169261	340.618237
535.515300	336.620999


523.356187	345.461612
529.702226	341.464374
536.048265	337.467136


523.889153	346.307749
530.235192	342.310511
536.581231	338.313273


524.422118	347.153886
530.768157	343.156648
537.114196	339.159410


524.955084	348.000023
531.301123	344.002785
537.647162	340.005547


525.488049	348.846160
531.834088	344.848922
538.180127	340.851684


526.021015	349.692297
532.367054	345.695059
538.713093	341.697821


526.553980	350.538434
532.900019	346.541196
539.246058	342.543958


527.086946	351.384571
533.432985	347.387333
539.779024	343.390095


527.619911	352.230708
533.965950	348.233470
540.311989	344.236232


528.152877	353.076845
534.498916	349.079607
540.844955	345.082369


528.685843	353.922982
535.031881	349.925744
541.377920	345.928506


529.218808	354.769119
535.564847	350.771881
541.910886	346.774643


529.751774	355.615256
536.097812	351.618018
542.443851	347.620780


530.284739	356.461393
536.630778	352.464155
542.976817	348.466917


530.817705	357.307530
537.163743	353.310292
543.509782	349.313054


531.350670	358.153667
537.696709	354.156429
544.042748	350.159191


531.883636	358.999804
538.229674	355.002566
544.575713	351.005328


532.416601	359.845941
538.762640	355.848703
545.108679	351.851465


532.949567	360.692078
539.295605	356.694840
545.641644	352.697602


533.482532	361.538215
539.828571	357.540977
546.174610	353.543739


534.015498	362.384352
540.361536	358.387114
546.707575	354.389876


534.548463	363.230489
540.894502	359.233251
547.240541	355.236013


535.081429	364.076626
541.427467	360.079388
547.773506	356.082150


535.614394	364.922763
541.960433	360.925525
548.306472	356.928287


536.147360	365.768900
542.493398	361.771662
548.839437	357.774424


536.680325	366.615037
543.026364	362.617799
549.372403	358.620561


537.213291	367.461174
543.559329	363.463936
549.905368	359.466698


537.746256	368.307311
544.092295	364.310073
550.438334	360.312835


538.279222	369.153448
544.625261	365.156210
550.971299	361.158972


538.812187	369.999585
545.158226	366.002347
551.504265	362.005109


539.345153	370.845722
545.691192	366.848484
552.037230	362.851246


539.878118	371.691859
546.224157	367.694621
552.570196	363.697383


540.411084	372.537996
546.757123	368.540758
553.103161	364.543520


540.944049	373.384133
547.290088	369.386895
553.636127	365.389657


541.477015	374.230270
547.823054	370.233032
554.169092	366.235794


542.009980	375.076407
548.356019	371.079169
554.702058	367.081931


542.542946	375.922544
548.888985	371.925306
555.235023	367.928068


543.075911	376.768681
549.421950	372.771443
555.767989	368.774205


543.608877	377.614818
549.954916	373.617580
556.300954	369.620342


544.141842	378.460955
550.487881	374.463717
556.833920	370.466479


544.674808	379.307092
551.020847	375.309854
557.366885	371.312616


545.207773	380.153229
551.553812	376.155991
557.899851	372.158753


545.740739	380.999366
552.086778	377.002128
558.432816	373.004890


546.273704	381.845503
552.619743	377.848265
558.965782	373.851026


546.806670	382.691640
553.152709	378.694402
559.498748	374.697163


547.322745	383.511625
553.685320	379.540761
560.047895	375.569897


547.762935	384.233400
554.205990	380.394499
560.649045	376.555598


548.188156	384.964093
554.708955	381.258786
561.229754	377.553478


548.598229	385.703394
555.194002	382.133254
561.789775	378.563114


548.992980	386.450989
555.660925	383.017533
562.328871	379.584076


549.372240	387.206560
556.109526	383.911246
562.846812	380.615931


549.735849	387.969787
556.539614	384.814013
563.343379	381.658240


550.083653	388.740344
556.951007	385.725453
563.818361	382.710561


550.415502	389.517906
557.343529	386.645177
564.271555	383.772448


550.731258	390.302141
557.717014	387.572794
564.702770	384.843448


551.030785	391.092716
558.071303	388.507912
565.111822	385.923107


551.313956	391.889297
558.406247	389.450132
565.498538	387.010967


551.580651	392.691543
558.721702	390.399054
565.862753	388.106565


551.830756	393.499116
559.017535	391.354276
566.204313	389.209436


552.064167	394.311671
559.293620	392.315391
566.523072	390.319111


552.280782	395.128863
559.549839	393.281992
566.818896	391.435120


552.480511	395.950346
559.786084	394.253668
567.091658	392.556989


552.663268	396.775771
560.002255	395.230006
567.341242	393.684240


552.828977	397.604787
560.198260	396.210591
567.567544	394.816395


552.977565	398.437041
560.374015	397.195007
567.770466	395.952973


553.108971	399.272181
560.529447	398.182837
567.949922	397.093492


553.223139	400.109851
560.664488	399.173659
568.105836	398.237467


553.320020	400.949697
560.779081	400.167054
568.238142	399.384412


553.399573	401.791360
560.873178	401.162600
568.346784	400.533840


553.461763	402.634484
560.946739	402.159874
568.431715	401.685263


553.506566	403.478711
560.999733	403.158451
568.492900	402.838191


553.533961	404.323682
561.032137	404.157909
568.530313	403.992136


553.543938	405.169038
561.043937	405.157822
568.543937	405.146606


553.536491	406.014420
561.035129	406.157766
568.533767	406.301112


553.511624	406.859468
561.005715	407.157316
568.499807	407.455164


553.469347	407.703826
560.955709	408.156048
568.442071	408.608270


553.409680	408.547132
560.885132	409.153537
568.360585	409.759942


553.332646	409.389030
560.794014	410.149360
568.255383	410.909689


553.238278	410.229161
560.682393	411.143093
568.126508	412.057025


553.126617	411.067169
560.550317	412.134315
567.974017	413.201461


552.997711	411.902699
560.397842	413.122605
567.797974	414.342512


552.851613	412.735394
560.225033	414.107543
567.598454	415.479692


552.688386	413.564902
560.031963	415.088711
567.375540	416.612519


552.508099	414.390869
559.818714	416.065691
567.129329	417.740512


552.310829	415.212946
559.585377	417.038069
566.859925	418.863191


552.096659	416.030783
559.332051	418.005432
566.567442	419.980081


551.865682	416.844033
559.058843	418.967369
566.252004	421.090705


551.617993	417.652350
558.765869	419.923472
565.913745	422.194593


551.353700	418.455392
558.453255	420.873334
565.552809	423.291276


551.072913	419.252816
558.121132	421.816551
565.169350	424.380287


550.775753	420.044284
557.769641	422.752725
564.763529	425.461165


550.462346	420.829460
557.398933	423.681455
564.335521	426.533451


550.132824	421.608011
557.009165	424.602350
563.885505	427.596688


549.787258	422.379715
556.600491	425.514969
563.413723	428.650223


549.369224	423.288146
556.182456	426.423400
562.995688	429.558654


548.951189	424.196577
555.764421	427.331831
562.577654	430.467084


548.533154	425.105007
555.346386	428.240261
562.159619	431.375515


548.115119	426.013438
554.928352	429.148692
561.741584	432.283946


547.697084	426.921869
554.510317	430.057123
561.323549	433.192377


547.279050	427.830300
554.092282	430.965554
560.905514	434.100808


546.861015	428.738731
553.674247	431.873985
560.487480	435.009238


546.442980	429.647161
553.256212	432.782415
560.069445	435.917669


546.024945	430.555592
552.838178	433.690846
559.651410	436.826100


545.606910	431.464023
552.420143	434.599277
559.233375	437.734531


545.188875	432.372454
552.002108	435.507708
558.815340	438.642962


544.770841	433.280885
551.584073	436.416139
558.397306	439.551392


544.352806	434.189315
551.166038	437.324569
557.979271	440.459823


543.934771	435.097746
550.748003	438.233000
557.561236	441.368254


543.516736	436.006177
550.329969	439.141431
557.143201	442.276685


543.098701	436.914608
549.911934	440.049862
556.725166	443.185116


542.680667	437.823039
549.493899	440.958293
556.307131	444.093546


542.262632	438.731469
549.075864	441.866723
555.889097	445.001977


541.844597	439.639900
548.657829	442.775154
555.471062	445.910408


541.426562	440.548331
548.239795	443.683585
555.053027	446.818839


541.008527	441.456762
547.821760	444.592016
554.634992	447.727270


540.590493	442.365193
547.403725	445.500447
554.216957	448.635700


540.172458	443.273623
546.985690	446.408877
553.798923	449.544131


539.754423	444.182054
546.567655	447.317308
553.380888	450.452562


539.336388	445.090485
546.149621	448.225739
552.962853	451.360993


538.918353	445.998916
545.731586	449.134170
552.544818	452.269424


538.500318	446.907347
545.313551	450.042601
552.126783	453.177854


538.082284	447.815777
544.895516	450.951031
551.708748	454.086285


537.664249	448.724208
544.477481	451.859462
551.290714	454.994716


537.246214	449.632639
544.059446	452.767893
550.872679	455.903147


536.828179	450.541070
543.641412	453.676324
550.454644	456.811578


536.410144	451.449501
543.223377	454.584755
550.036609	457.720009


535.992110	452.357931
542.805342	455.493185
549.618574	458.628439


535.574075	453.266362
542.387307	456.401616
549.200540	459.536870


535.156040	454.174793
541.969272	457.310047
548.782505	460.445301


534.738005	455.083224
541.551238	458.218478
548.364470	461.353732


534.319970	455.991655
541.133203	459.126909
547.946435	462.262163


533.901936	456.900086
540.715168	460.035339
547.528400	463.170593


533.483901	457.808516
540.297133	460.943770
547.110366	464.079024


533.065866	458.716947
539.879098	461.852201
546.692331	464.987455


532.647831	459.625378
539.461063	462.760632
546.274296	465.895886


532.229796	460.533809
539.043029	463.669063
545.856261	466.804317


531.811761	461.442240
538.624994	464.577493
545.438226	467.712747


531.393727	462.350670
538.206959	465.485924
545.020191	468.621178


530.975692	463.259101
537.788924	466.394355
544.602157	469.529609


530.557657	464.167532
537.370889	467.302786
544.184122	470.438040


530.139622	465.075963
536.952855	468.211217
543.766087	471.346471


529.721587	465.984394
536.534820	469.119647
543.348052	472.254901


529.303553	466.892824
536.116785	470.028078
542.930017	473.163332


528.885518	467.801255
535.698750	470.936509
542.511983	474.071763


528.467483	468.709686
535.280715	471.844940
542.093948	474.980194


528.049448	469.618117
534.862681	472.753371
541.675913	475.888625


527.631413	470.526548
534.444646	473.661801
541.257878	476.797055


527.213379	471.434978
534.026611	474.570232
540.839843	477.705486


526.795344	472.343409
533.608576	475.478663
540.421809	478.613917


526.377309	473.251840
533.190541	476.387094
540.003774	479.522348


525.959274	474.160271
532.772506	477.295525
539.585739	480.430779


525.541239	475.068702
532.354472	478.203955
539.167704	481.339209


525.123204	475.977132
531.936437	479.112386
538.749669	482.247640


524.705170	476.885563
531.518402	480.020817
538.331634	483.156071


524.287135	477.793994
531.100367	480.929248
537.913600	484.064502


523.869100	478.702425
530.682332	481.837679
537.495565	484.972933


523.451065	479.610856
530.264298	482.746109
537.077530	485.881363


523.033030	480.519286
529.846263	483.654540
536.659495	486.789794


522.614996	481.427717
529.428228	484.562971
536.241460	487.698225


522.185739	482.361732
529.010601	485.471589
535.835463	488.581447


521.730928	483.380628
528.602994	486.384736
535.475060	489.388845


521.291904	484.406425
528.209535	487.304068
535.127165	490.201711


520.868770	485.438878
527.830317	488.229365
534.791864	491.019853


520.461628	486.477742
527.465431	489.160408
534.469234	491.843074


520.070575	487.522768
527.114965	490.096973
534.159354	492.671178


519.695705	488.573707
526.779001	491.038838
533.862297	493.503968


519.337106	489.630310
526.457620	491.985778
533.578134	494.341246


518.994863	490.692323
526.150898	492.937567
533.306933	495.182811


518.669060	491.759494
525.858909	493.893979
533.048758	496.028464


518.359773	492.831569
525.581722	494.854785
532.803671	496.878002


518.067076	493.908291
525.319403	495.819757
532.571731	497.731223


517.791039	494.989404
525.072015	496.788664
532.352992	498.587923


517.531727	496.074650
524.839617	497.761275
532.147507	499.447899


517.289203	497.163771
524.622264	498.737358
531.955324	500.310945


517.063525	498.256507
524.420008	499.716681
531.776491	501.176855


516.854745	499.352597
524.232897	500.699010
531.611048	502.045424


516.662914	500.451779
524.060976	501.684111
531.459037	502.916443


516.488078	501.553793
523.904285	502.671750
531.320492	503.789706


516.330278	502.658375
523.762863	503.661690
531.195448	504.665004


516.189553	503.765262
523.636743	504.653695
531.083933	505.542128


516.065934	504.874190
523.525954	505.647530
530.985974	506.420870


515.959453	505.984894
523.430524	506.642956
530.901595	507.301019


515.870134	507.097110
523.350475	507.639738
530.830817	508.182366


515.797998	508.210572
523.285826	508.637637
530.773655	509.064701


515.743064	509.325015
523.236593	509.636414
530.730123	509.947813


515.705343	510.440174
523.202788	510.635833
530.700232	510.831493


515.684846	511.555783
523.184417	511.635655
530.683989	511.715528


515.681576	512.671574
523.181487	512.635642
530.681397	512.599709


515.695534	513.787284
523.193996	513.635554
530.692458	513.483824


515.726718	514.902644
523.221944	514.635154
530.717169	514.367664


515.775120	516.017391
523.265322	515.634203
530.755524	515.251016


515.840728	517.131257
523.324121	516.632464
530.807513	516.133671


515.923527	518.243977
523.398326	517.629697
530.873124	517.015418


516.023497	519.355286
523.487920	518.625666
530.952343	517.896046


516.140614	520.464919
523.592881	519.620133
531.045149	518.775347


516.274850	521.572612
523.713185	520.612861
531.151520	519.653110


516.426173	522.678100
523.848802	521.603613
531.271432	520.529126


516.594547	523.781119
523.999701	522.592152
531.404856	521.403185


516.779932	524.881407
524.165846	523.578244
531.551759	522.275081


516.982284	525.978702
524.347196	524.561653
531.712107	523.144604


517.201554	527.072742
524.543708	525.542145
531.885862	524.011548


517.421347	528.100205
524.752981	526.519974
532.084616	524.939743


517.632045	529.077756
524.963679	527.497525
532.295314	525.917294


517.842743	530.055308
525.174377	528.475076
532.506012	526.894845


518.053441	531.032859
525.385075	529.452627
532.716710	527.872396


518.264139	532.010411
525.595773	530.430179
532.927408	528.849946


518.474837	532.987962
525.806472	531.407730
533.138106	529.827497


518.685535	533.965514
526.017170	532.385281
533.348804	530.805048


518.896233	534.943066
526.227868	533.362832
533.559502	531.782599


519.106931	535.920617
526.438566	534.340384
533.770200	532.760150


519.317629	536.898169
526.649264	535.317935
533.980898	533.737701


519.528327	537.875720
526.859962	536.295486
534.191596	534.715252


519.739025	538.853272
527.070660	537.273037
534.402294	535.692803


519.949723	539.830823
527.281358	538.250589
534.612993	536.670354


520.160422	540.808375
527.492056	539.228140
534.823691	537.647905


520.371120	541.785927
527.702754	540.205691
535.034389	538.625456


520.581818	542.763478
527.913452	541.183242
535.245087	539.603007


520.792516	543.741030
528.124150	542.160794
535.455785	540.580558


521.003214	544.718581
528.334848	543.138345
535.666483	541.558109


521.213912	545.696133
528.545546	544.115896
535.877181	542.535660


521.424610	546.673684
528.756244	545.093447
536.087879	543.513210


521.635308	547.651236
528.966943	546.070999
536.298577	544.490761


521.846006	548.628788
529.177641	547.048550
536.509275	545.468312


522.056704	549.606339
529.388339	548.026101
536.719973	546.445863


522.267402	550.583891
529.599037	549.003652
536.930671	547.423414


522.478100	551.561442
529.809735	549.981204
537.141369	548.400965


522.688798	552.538994
530.020433	550.958755
537.352067	549.378516


522.899496	553.516545
530.231131	551.936306
537.562765	550.356067


523.110194	554.494097
530.441829	552.913857
537.773463	551.333618


523.320893	555.471649
530.652527	553.891409
537.984162	552.311169


523.531591	556.449200
530.863225	554.868960
538.194860	553.288720


523.742289	557.426752
531.073923	555.846511
538.405558	554.266271


523.952987	558.404303
531.284621	556.824063
538.616256	555.243822


524.163685	559.381855
531.495319	557.801614
538.826954	556.221373


524.374383	560.359407
531.706017	558.779165
539.037652	557.198924


524.585081	561.336958
531.916715	559.756716
539.248350	558.176474


524.795779	562.314510
532.127413	560.734268
539.459048	559.154025


525.006477	563.292061
532.338112	561.711819
539.669746	560.131576


525.217175	564.269613
532.548810	562.689370
539.880444	561.109127


525.427873	565.247164
532.759508	563.666921
540.091142	562.086678


525.638571	566.224716
532.970206	564.644473
540.301840	563.064229


525.849269	567.202268
533.180904	565.622024
540.512538	564.041780


526.059967	568.179819
533.391602	566.599575
540.723236	565.019331


526.270665	569.157371
533.602300	567.577126
540.933934	565.996882


526.481363	570.134922
533.812998	568.554678
541.144633	566.974433


526.692062	571.112474
534.023696	569.532229
541.355331	567.951984


526.902760	572.090025
534.234394	570.509780
541.566029	568.929535


527.113458	573.067577
534.445092	571.487331
541.776727	569.907086


527.324156	574.045129
534.655790	572.464883
541.987425	570.884637


527.534854	575.022680
534.866488	573.442434
542.198123	571.862187


527.745552	576.000232
535.077186	574.419985
542.408821	572.839738


527.956250	576.977783
535.287884	575.397536
542.619519	573.817289


528.166948	577.955335
535.498583	576.375088
542.830217	574.794840


528.377646	578.932886
535.709281	577.352639
543.040915	575.772391


528.588344	579.910438
535.919979	578.330190
543.251613	576.749942


528.799042	580.887990
536.130677	579.307741
543.462311	577.727493


529.009740	581.865541
536.341375	580.285293
543.673009	578.705044


529.220438	582.843093
536.552073	581.262844
543.883707	579.682595


529.431136	583.820644
536.762771	582.240395
544.094405	580.660146


529.641834	584.798196
536.973469	583.217946
544.305104	581.637697


529.852533	585.775747
537.184167	584.195498
544.515802	582.615248


530.063231	586.753299
537.394865	585.173049
544.726500	583.592799


530.273929	587.730851
537.605563	586.150600
544.937198	584.570350


530.484627	588.708402
537.816261	587.128151
545.147896	585.547901


530.695325	589.685954
538.026959	588.105703
545.358594	586.525451


530.906023	590.663505
538.237657	589.083254
545.569292	587.503002


531.116721	591.641057
538.448355	590.060805
545.779990	588.480553


531.327419	592.618608
538.659054	591.038356
545.990688	589.458104


531.538117	593.596160
538.869752	592.015908
546.201386	590.435655


531.748815	594.573712
539.080450	592.993459
546.412084	591.413206


531.959513	595.551263
539.291148	593.971010
546.622782	592.390757


532.170211	596.528815
539.501846	594.948561
546.833480	593.368308


532.380909	597.506366
539.712544	595.926113
547.044178	594.345859


532.591607	598.483918
539.923242	596.903664
547.254876	595.323410


532.802305	599.461469
540.133940	597.881215
547.465574	596.300961


533.013004	600.439021
540.344638	598.858766
547.676273	597.278512


533.223702	601.416573
540.555336	599.836318
547.886971	598.256063


533.434400	602.394124
540.766034	600.813869
548.097669	599.233614


533.645098	603.371676
540.976732	601.791420
548.308367	600.211165


533.855796	604.349227
541.187430	602.768971
548.519065	601.188715


534.066494	605.326779
541.398128	603.746523
548.729763	602.166266


534.277192	606.304331
541.608826	604.724074
548.940461	603.143817


534.487890	607.281882
541.819524	605.701625
549.151159	604.121368


534.698588	608.259434
542.030223	606.679176
549.361857	605.098919


534.909286	609.236985
542.240921	607.656728
549.572555	606.076470


535.119984	610.214537
542.451619	608.634279
549.783253	607.054021


535.330682	611.192088
542.662317	609.611830
549.993951	608.031572


535.541380	612.169640
542.873015	610.589381
550.204649	609.009123


535.752078	613.147192
543.083713	611.566933
550.415347	609.986674


535.962776	614.124743
543.294411	612.544484
550.626045	610.964225


536.173474	615.102295
543.505109	613.522035
550.836744	611.941776


536.384173	616.079846
543.715807	614.499586
551.047442	612.919327


536.594871	617.057398
543.926505	615.477138
551.258140	613.896878


536.805569	618.034949
544.137203	616.454689
551.468838	614.874428


537.016267	619.012501
544.347901	617.432240
551.679536	615.851979


