834.721436	295.883026
829.863037	290.169388
825.004639	284.455750


835.483256	295.235237
830.624857	289.521599
825.766459	283.807961


836.245076	294.587448
831.386677	288.873810
826.528279	283.160172


837.006896	293.939660
832.148498	288.226021
827.290099	282.512383


837.768716	293.291871
832.910318	287.578232
828.051919	281.864594


838.530536	292.644082
833.672138	286.930444
828.813739	281.216805


839.292356	291.996293
834.433958	286.282655
829.575560	280.569016


840.054177	291.348504
835.195778	285.634866
830.337380	279.921227


840.815997	290.700715
835.957598	284.987077
831.099200	279.273439


841.577817	290.052926
836.719419	284.339288
831.861020	278.625650


842.339637	289.405138
837.481239	283.691499
832.622840	277.977861


843.101457	288.757349
838.243059	283.043710
833.384660	277.330072


843.863277	288.109560
839.004879	282.395921
834.146481	276.682283


844.625098	287.461771
839.766699	281.748133
834.908301	276.034494


845.386918	286.813982
840.528519	281.100344
835.670121	275.386705


846.148738	286.166193
841.290339	280.452555
836.431941	274.738917


846.910558	285.518404
842.052160	279.804766
837.193761	274.091128


847.672378	284.870615
842.813980	279.156977
837.955581	273.443339


848.434198	284.222827
843.575800	278.509188
838.717402	272.795550


849.196019	283.575038
844.337620	277.861399
839.479222	272.147761


849.957839	282.927249
845.099440	277.213611
840.241042	271.499972


850.719659	282.279460
845.861260	276.565822
841.002862	270.852183


851.481479	281.631671
846.623081	275.918033
841.764682	270.204395


852.243299	280.983882
847.384901	275.270244
842.526502	269.556606


853.005119	280.336093
848.146721	274.622455
843.288322	268.908817


853.766939	279.688305
848.908541	273.974666
844.050143	268.261028


854.528760	279.040516
849.670361	273.326877
844.811963	267.613239


855.290580	278.392727
850.432181	272.679089
845.573783	266.965450


856.052400	277.744938
851.194002	272.031300
846.335603	266.317661


856.814220	277.097149
851.955822	271.383511
847.097423	265.669873


857.576040	276.449360
852.717642	270.735722
847.859243	265.022084


858.337860	275.801571
853.479462	270.087933
848.621064	264.374295


859.099681	275.153783
854.241282	269.440144
849.382884	263.726506


859.861501	274.505994
855.003102	268.792355
850.144704	263.078717


860.623321	273.858205
855.764922	268.144567
850.906524	262.430928


861.385141	273.210416
856.526743	267.496778
851.668344	261.783139


862.146961	272.562627
857.288563	266.848989
852.430164	261.135350


862.908781	271.914838
858.050383	266.201200
853.191984	260.487562


863.670602	271.267049
858.812203	265.553411
853.953805	259.839773


864.432422	270.619261
859.574023	264.905622
854.715625	259.191984


865.194242	269.971472
860.335843	264.257833
855.477445	258.544195


865.956062	269.323683
861.097664	263.610044
856.239265	257.896406


866.717882	268.675894
861.859484	262.962256
857.001085	257.248617


867.479702	268.028105
862.621304	262.314467
857.762905	256.600828


868.241522	267.380316
863.383124	261.666678
858.524726	255.953040


869.003343	266.732527
864.144944	261.018889
859.286546	255.305251


869.765163	266.084738
864.906764	260.371100
860.048366	254.657462


870.526983	265.436950
865.668584	259.723311
860.810186	254.009673


871.288803	264.789161
866.430405	259.075522
861.572006	253.361884


872.050623	264.141372
867.192225	258.427734
862.333826	252.714095


872.812443	263.493583
867.954045	257.779945
863.095647	252.066306


873.574264	262.845794
868.715865	257.132156
863.857467	251.418518


874.336084	262.198005
869.477685	256.484367
864.619287	250.770729


875.097904	261.550216
870.239505	255.836578
865.381107	250.122940


875.859724	260.902428
871.001326	255.188789
866.142927	249.475151


876.621544	260.254639
871.763146	254.541000
866.904747	248.827362


877.383364	259.606850
872.524966	253.893212
867.666567	248.179573


878.145185	258.959061
873.286786	253.245423
868.428388	247.531784


878.907005	258.311272
874.048606	252.597634
869.190208	246.883996


879.668825	257.663483
874.810426	251.949845
869.952028	246.236207


880.430645	257.015694
875.572247	251.302056
870.713848	245.588418


881.192465	256.367906
876.334067	250.654267
871.475668	244.940629


881.954285	255.720117
877.095887	250.006478
872.237488	244.292840


882.716105	255.072328
877.857707	249.358690
872.999309	243.645051


883.477926	254.424539
878.619527	248.710901
873.761129	242.997262


884.239746	253.776750
879.381347	248.063112
874.522949	242.349473


885.001566	253.128961
880.143167	247.415323
875.284769	241.701685


885.763386	252.481172
880.904988	246.767534
876.046589	241.053896


886.525206	251.833384
881.666808	246.119745
876.808409	240.406107


887.287026	251.185595
882.428628	245.471956
877.570230	239.758318


888.048847	250.537806
883.190448	244.824167
878.332050	239.110529


888.810667	249.890017
883.952268	244.176379
879.093870	238.462740


889.572487	249.242228
884.714088	243.528590
879.855690	237.814951


890.334307	248.594439
885.475909	242.880801
880.617510	237.167163


891.096127	247.946650
886.237729	242.233012
881.379330	236.519374


891.857947	247.298861
886.999549	241.585223
882.141150	235.871585


892.619767	246.651073
887.761369	240.937434
882.902971	235.223796


893.381588	246.003284
888.523189	240.289645
883.664791	234.576007


894.143408	245.355495
889.285009	239.641857
884.426611	233.928218


894.905228	244.707706
890.046830	238.994068
885.188431	233.280429


895.667048	244.059917
890.808650	238.346279
885.950251	232.632641


896.428868	243.412128
891.570470	237.698490
886.712071	231.984852


897.190688	242.764339
892.332290	237.050701
887.473892	231.337063


897.952509	242.116551
893.094110	236.402912
888.235712	230.689274


898.714329	241.468762
893.855930	235.755123
888.997532	230.041485


899.476149	240.820973
894.617750	235.107335
889.759352	229.393696


900.237969	240.173184
895.379571	234.459546
890.521172	228.745907


900.999789	239.525395
896.141391	233.811757
891.282992	228.098119


901.761609	238.877606
896.903211	233.163968
892.044813	227.450330


902.523430	238.229817
897.665031	232.516179
892.806633	226.802541


903.285250	237.582029
898.426851	231.868390
893.568453	226.154752


904.047070	236.934240
899.188671	231.220601
894.330273	225.506963


904.808890	236.286451
899.950492	230.572813
895.092093	224.859174


905.570710	235.638662
900.712312	229.925024
895.853913	224.211385


906.332530	234.990873
901.474132	229.277235
896.615733	223.563596


907.094350	234.343084
902.235952	228.629446
897.377554	222.915808


907.856171	233.695295
902.997772	227.981657
898.139374	222.268019


908.617991	233.047507
903.759592	227.333868
898.901194	221.620230


909.379811	232.399718
904.521413	226.686079
899.663014	220.972441


910.141631	231.751929
905.283233	226.038290
900.424834	220.324652


910.903451	231.104140
906.045053	225.390502
901.186654	219.676863


911.665271	230.456351
906.806873	224.742713
901.948475	219.029074


912.427092	229.808562
907.568693	224.094924
902.710295	218.381286


913.188912	229.160773
908.330513	223.447135
903.472115	217.733497


913.950732	228.512984
909.092333	222.799346
904.233935	217.085708


914.712552	227.865196
909.854154	222.151557
904.995755	216.437919


915.474372	227.217407
910.615974	221.503768
905.757575	215.790130


916.236192	226.569618
911.377794	220.855980
906.519395	215.142341


916.998013	225.921829
912.139614	220.208191
907.281216	214.494552


917.759833	225.274040
912.901434	219.560402
908.043036	213.846764


918.521653	224.626251
913.663254	218.912613
908.804856	213.198975


919.283473	223.978462
914.425075	218.264824
909.566676	212.551186


920.045293	223.330674
915.186895	217.617035
910.328496	211.903397


920.807113	222.682885
915.948715	216.969246
911.090316	211.255608


921.568933	222.035096
916.710535	216.321458
911.852137	210.607819


922.330754	221.387307
917.472355	215.673669
912.613957	209.960030


923.092574	220.739518
918.234175	215.025880
913.375777	209.312242


923.854394	220.091729
918.995995	214.378091
914.137597	208.664453


924.616214	219.443940
919.757816	213.730302
914.899417	208.016664


925.378034	218.796152
920.519636	213.082513
915.661237	207.368875


926.139854	218.148363
921.281456	212.434724
916.423058	206.721086


926.901675	217.500574
922.043276	211.786936
917.184878	206.073297


0.183846	15.000000
0.183846	7.500000
0.183846	0.000000


1.183846	15.000000
1.183846	7.500000
1.183846	0.000000


2.183846	15.000000
2.183846	7.500000
2.183846	0.000000


3.183846	15.000000
3.183846	7.500000
3.183846	0.000000


4.183846	15.000000
4.183846	7.500000
4.183846	0.000000


5.183846	15.000000
5.183846	7.500000
5.183846	0.000000


6.183846	15.000000
6.183846	7.500000
6.183846	0.000000


7.183846	15.000000
7.183846	7.500000
7.183846	0.000000


8.183846	15.000000
8.183846	7.500000
8.183846	0.000000


9.183846	15.000000
9.183846	7.500000
9.183846	0.000000


10.183846	15.000000
10.183846	7.500000
10.183846	0.000000


11.183846	15.000000
11.183846	7.500000
11.183846	0.000000


12.183846	15.000000
12.183846	7.500000
12.183846	0.000000


13.183846	15.000000
13.183846	7.500000
13.183846	0.000000


14.183846	15.000000
14.183846	7.500000
14.183846	0.000000


15.183846	15.000000
15.183846	7.500000
15.183846	0.000000


16.183846	15.000000
16.183846	7.500000
16.183846	0.000000


17.183846	15.000000
17.183846	7.500000
17.183846	0.000000


18.183846	15.000000
18.183846	7.500000
18.183846	0.000000


19.183846	15.000000
19.183846	7.500000
19.183846	0.000000


20.183846	15.000000
20.183846	7.500000
20.183846	0.000000


21.183846	15.000000
21.183846	7.500000
21.183846	0.000000


22.183846	15.000000
22.183846	7.500000
22.183846	0.000000


23.183846	15.000000
23.183846	7.500000
23.183846	0.000000


24.183846	15.000000
24.183846	7.500000
24.183846	0.000000


25.183846	15.000000
25.183846	7.500000
25.183846	0.000000


26.183846	15.000000
26.183846	7.500000
26.183846	0.000000


27.183846	15.000000
27.183846	7.500000
27.183846	0.000000


28.183846	15.000000
28.183846	7.500000
28.183846	0.000000


29.183846	15.000000
29.183846	7.500000
29.183846	0.000000


30.183846	15.000000
30.183846	7.500000
30.183846	0.000000


31.183846	15.000000
31.183846	7.500000
31.183846	0.000000


32.183846	15.000000
32.183846	7.500000
32.183846	0.000000


33.183846	15.000000
33.183846	7.500000
33.183846	0.000000


34.183846	15.000000
34.183846	7.500000
34.183846	0.000000


35.183846	15.000000
35.183846	7.500000
35.183846	0.000000


36.183846	15.000000
36.183846	7.500000
36.183846	0.000000


37.183846	15.000000
37.183846	7.500000
37.183846	0.000000


38.183846	15.000000
38.183846	7.500000
38.183846	0.000000


39.183846	15.000000
39.183846	7.500000
39.183846	0.000000


40.183846	15.000000
40.183846	7.500000
40.183846	0.000000


41.183846	15.000000
41.183846	7.500000
41.183846	0.000000


42.183846	15.000000
42.183846	7.500000
42.183846	0.000000


43.183846	15.000000
43.183846	7.500000
43.183846	0.000000


44.183846	15.000000
44.183846	7.500000
44.183846	0.000000


45.183846	15.000000
45.183846	7.500000
45.183846	0.000000


46.183846	15.000000
46.183846	7.500000
46.183846	0.000000


47.183846	15.000000
47.183846	7.500000
47.183846	0.000000


48.183846	15.000000
48.183846	7.500000
48.183846	0.000000


49.183846	15.000000
49.183846	7.500000
49.183846	0.000000


50.183846	15.000000
50.183846	7.500000
50.183846	0.000000


51.183846	15.000000
51.183846	7.500000
51.183846	0.000000


52.183846	15.000000
52.183846	7.500000
52.183846	0.000000


53.183846	15.000000
53.183846	7.500000
53.183846	0.000000


54.183846	15.000000
54.183846	7.500000
54.183846	0.000000


55.183846	15.000000
55.183846	7.500000
55.183846	0.000000


56.183846	15.000000
56.183846	7.500000
56.183846	0.000000


57.183846	15.000000
57.183846	7.500000
57.183846	0.000000


58.183846	15.000000
58.183846	7.500000
58.183846	0.000000


59.183846	15.000000
59.183846	7.500000
59.183846	0.000000


60.183846	15.000000
60.183846	7.500000
60.183846	0.000000


61.183846	15.000000
61.183846	7.500000
61.183846	0.000000


62.183846	15.000000
62.183846	7.500000
62.183846	0.000000


63.183846	15.000000
63.183846	7.500000
63.183846	0.000000


64.183846	15.000000
64.183846	7.500000
64.183846	0.000000


65.183846	15.000000
65.183846	7.500000
65.183846	0.000000


66.183846	15.000000
66.183846	7.500000
66.183846	0.000000


67.183846	15.000000
67.183846	7.500000
67.183846	0.000000


68.183846	15.000000
68.183846	7.500000
68.183846	0.000000


69.183846	15.000000
69.183846	7.500000
69.183846	0.000000


70.183846	15.000000
70.183846	7.500000
70.183846	0.000000


71.183846	15.000000
71.183846	7.500000
71.183846	0.000000


72.183846	15.000000
72.183846	7.500000
72.183846	0.000000


73.183846	15.000000
73.183846	7.500000
73.183846	0.000000


74.183846	15.000000
74.183846	7.500000
74.183846	0.000000


75.183846	15.000000
75.183846	7.500000
75.183846	0.000000


76.183846	15.000000
76.183846	7.500000
76.183846	0.000000


77.183845	15.000000
77.183845	7.500000
77.183845	0.000000


78.183845	15.000000
78.183845	7.500000
78.183845	0.000000


79.183845	15.000000
79.183845	7.500000
79.183845	0.000000


80.183845	15.000000
80.183845	7.500000
80.183845	0.000000


81.183845	15.000000
81.183845	7.500000
81.183845	0.000000


82.183845	15.000000
82.183845	7.500000
82.183845	0.000000


83.183845	15.000000
83.183845	7.500000
83.183845	0.000000


84.183845	15.000000
84.183845	7.500000
84.183845	0.000000


85.183845	15.000000
85.183845	7.500000
85.183845	0.000000


86.183844	15.000000
86.183844	7.500000
86.183844	0.000000


87.183844	15.000000
87.183844	7.500000
87.183844	0.000000


88.183844	15.000000
88.183844	7.500000
88.183844	0.000000


89.183844	15.000000
89.183844	7.500000
89.183844	0.000000


90.183844	15.000000
90.183844	7.500000
90.183844	0.000000


91.183844	15.000000
91.183844	7.500000
91.183844	0.000000


92.183844	15.000000
92.183844	7.500000
92.183844	0.000000


93.183844	15.000000
93.183844	7.500000
93.183844	0.000000


94.183844	15.000000
94.183844	7.500000
94.183844	0.000000


95.183843	15.000000
95.183843	7.500000
95.183843	0.000000


96.183843	15.000000
96.183843	7.500000
96.183843	0.000000


97.183843	15.000000
97.183843	7.500000
97.183843	0.000000


98.183843	15.000000
98.183843	7.500000
98.183843	0.000000


99.183843	15.000000
99.183843	7.500000
99.183843	0.000000


100.183843	15.000000
100.183843	7.500000
100.183843	0.000000


101.183843	15.000000
101.183843	7.500000
101.183843	0.000000


102.183843	15.000000
102.183843	7.500000
102.183843	0.000000


103.183843	15.000000
103.183843	7.500000
103.183843	0.000000


104.183842	15.000000
104.183842	7.500000
104.183842	0.000000


105.183842	15.000000
105.183842	7.500000
105.183842	0.000000


106.183842	15.000000
106.183842	7.500000
106.183842	0.000000


107.183842	15.000000
107.183842	7.500000
107.183842	0.000000


108.183842	15.000000
108.183842	7.500000
108.183842	0.000000


109.183842	15.000000
109.183842	7.500000
109.183842	0.000000


110.183842	15.000000
110.183842	7.500000
110.183842	0.000000


111.183842	15.000000
111.183842	7.500000
111.183842	0.000000


112.183842	15.000000
112.183842	7.500000
112.183842	0.000000


113.183841	15.000000
113.183841	7.500000
113.183841	0.000000


114.183841	15.000000
114.183841	7.500000
114.183841	0.000000


115.183841	15.000000
115.183841	7.500000
115.183841	0.000000


116.183841	15.000000
116.183841	7.500000
116.183841	0.000000


117.183841	15.000000
117.183841	7.500000
117.183841	0.000000


118.183841	15.000000
118.183841	7.500000
118.183841	0.000000


119.183841	15.000000
119.183841	7.500000
119.183841	0.000000


120.183841	15.000000
120.183841	7.500000
120.183841	0.000000


121.183841	15.000000
121.183841	7.500000
121.183841	0.000000


122.183840	15.000000
122.183840	7.500000
122.183840	0.000000


123.183840	15.000000
123.183840	7.500000
123.183840	0.000000


124.183840	15.000000
124.183840	7.500000
124.183840	0.000000


125.183840	15.000000
125.183840	7.500000
125.183840	0.000000


126.183840	15.000000
126.183840	7.500000
126.183840	0.000000


127.183840	15.000000
127.183840	7.500000
127.183840	0.000000


128.183840	15.000000
128.183840	7.500000
128.183840	0.000000


129.183840	15.000000
129.183840	7.500000
129.183840	0.000000


130.183840	15.000000
130.183840	7.500000
130.183840	0.000000


131.183839	15.000000
131.183839	7.500000
131.183839	0.000000


132.183839	15.000000
132.183839	7.500000
132.183839	0.000000


133.183839	15.000000
133.183839	7.500000
133.183839	0.000000


134.183839	15.000000
134.183839	7.500000
134.183839	0.000000


135.183839	15.000000
135.183839	7.500000
135.183839	0.000000


136.183839	15.000000
136.183839	7.500000
136.183839	0.000000


137.183839	15.000000
137.183839	7.500000
137.183839	0.000000


138.183839	15.000000
138.183839	7.500000
138.183839	0.000000


139.183839	15.000000
139.183839	7.500000
139.183839	0.000000


140.183839	15.000000
140.183839	7.500000
140.183839	0.000000


141.183838	15.000000
141.183838	7.500000
141.183838	0.000000


142.183838	15.000000
142.183838	7.500000
142.183838	0.000000


143.183838	15.000000
143.183838	7.500000
143.183838	0.000000


144.183838	15.000000
144.183838	7.500000
144.183838	0.000000


145.183838	15.000000
145.183838	7.500000
145.183838	0.000000


146.183838	15.000000
146.183838	7.500000
146.183838	0.000000


147.183838	15.000000
147.183838	7.500000
147.183838	0.000000


148.183838	15.000000
148.183838	7.500000
148.183838	0.000000


149.183838	15.000000
149.183838	7.500000
149.183838	0.000000


150.183837	15.000000
150.183837	7.500000
150.183837	0.000000


151.183837	15.000000
151.183837	7.500000
151.183837	0.000000


152.183837	15.000000
152.183837	7.500000
152.183837	0.000000


153.183837	15.000000
153.183837	7.500000
153.183837	0.000000


154.183837	15.000000
154.183837	7.500000
154.183837	0.000000


155.183837	15.000000
155.183837	7.500000
155.183837	0.000000


156.183837	15.000000
156.183837	7.500000
156.183837	0.000000


157.183837	15.000000
157.183837	7.500000
157.183837	0.000000


158.183837	15.000000
158.183837	7.500000
158.183837	0.000000


159.183836	15.000000
159.183836	7.500000
159.183836	0.000000


160.183836	15.000000
160.183836	7.500000
160.183836	0.000000


161.183836	15.000000
161.183836	7.500000
161.183836	0.000000


162.183836	15.000000
162.183836	7.500000
162.183836	0.000000


163.183836	15.000000
163.183836	7.500000
163.183836	0.000000


164.183836	15.000000
164.183836	7.500000
164.183836	0.000000


165.183836	15.000000
165.183836	7.500000
165.183836	0.000000


166.183836	15.000000
166.183836	7.500000
166.183836	0.000000


167.183836	15.000000
167.183836	7.500000
167.183836	0.000000


168.183835	15.000000
168.183835	7.500000
168.183835	0.000000


169.183835	15.000000
169.183835	7.500000
169.183835	0.000000


170.183835	15.000000
170.183835	7.500000
170.183835	0.000000


171.183835	15.000000
171.183835	7.500000
171.183835	0.000000


172.183835	15.000000
172.183835	7.500000
172.183835	0.000000


173.183835	15.000000
173.183835	7.500000
173.183835	0.000000


174.183835	15.000000
174.183835	7.500000
174.183835	0.000000


175.183835	15.000000
175.183835	7.500000
175.183835	0.000000


176.183835	15.000000
176.183835	7.500000
176.183835	0.000000


177.183834	15.000000
177.183834	7.500000
177.183834	0.000000


178.183834	15.000000
178.183834	7.500000
178.183834	0.000000


179.183834	15.000000
179.183834	7.500000
179.183834	0.000000


180.183834	15.000000
180.183834	7.500000
180.183834	0.000000


181.183834	15.000000
181.183834	7.500000
181.183834	0.000000


182.183834	15.000000
182.183834	7.500000
182.183834	0.000000


183.183834	15.000000
183.183834	7.500000
183.183834	0.000000


184.183834	15.000000
184.183834	7.500000
184.183834	0.000000


185.183834	15.000000
185.183834	7.500000
185.183834	0.000000


186.183833	15.000000
186.183833	7.500000
186.183833	0.000000


187.183833	15.000000
187.183833	7.500000
187.183833	0.000000


188.183833	15.000000
188.183833	7.500000
188.183833	0.000000


189.183833	15.000000
189.183833	7.500000
189.183833	0.000000


190.183833	15.000000
190.183833	7.500000
190.183833	0.000000


191.183833	15.000000
191.183833	7.500000
191.183833	0.000000


192.183833	15.000000
192.183833	7.500000
192.183833	0.000000


193.183833	15.000000
193.183833	7.500000
193.183833	0.000000


194.183833	15.000000
194.183833	7.500000
194.183833	0.000000


195.183832	15.000000
195.183832	7.500000
195.183832	0.000000


196.183832	15.000000
196.183832	7.500000
196.183832	0.000000


197.183832	15.000000
197.183832	7.500000
197.183832	0.000000


198.183832	15.000000
198.183832	7.500000
198.183832	0.000000


199.183832	15.000000
199.183832	7.500000
199.183832	0.000000


200.183832	15.000000
200.183832	7.500000
200.183832	0.000000


201.183832	15.000000
201.183832	7.500000
201.183832	0.000000


202.183832	15.000000
202.183832	7.500000
202.183832	0.000000


203.183832	15.000000
203.183832	7.500000
203.183832	0.000000


204.183831	15.000000
204.183831	7.500000
204.183831	0.000000


205.183831	15.000000
205.183831	7.500000
205.183831	0.000000


206.183831	15.000000
206.183831	7.500000
206.183831	0.000000


207.183831	15.000000
207.183831	7.500000
207.183831	0.000000


208.183831	15.000000
208.183831	7.500000
208.183831	0.000000


209.183831	15.000000
209.183831	7.500000
209.183831	0.000000


210.183831	15.000000
210.183831	7.500000
210.183831	0.000000


211.183831	15.000000
211.183831	7.500000
211.183831	0.000000


212.183831	15.000000
212.183831	7.500000
212.183831	0.000000


213.183830	15.000000
213.183830	7.500000
213.183830	0.000000


214.183830	15.000000
214.183830	7.500000
214.183830	0.000000


215.113489	15.002808
215.183828	7.503138
215.254167	0.003468


216.008260	15.017471
216.183686	7.519523
216.359111	0.021575


216.902737	15.044671
217.183215	7.549917
217.463694	0.055163


217.796745	15.084402
218.182221	7.594315
218.567697	0.104227


218.690109	15.136657
219.180507	7.652707
219.670905	0.168757


219.582652	15.201427
220.177876	7.725083
220.773100	0.248740


220.474200	15.278697
221.174133	7.811428
221.874066	0.344160


221.364578	15.368453
222.169082	7.911726
222.973586	0.454999


222.253611	15.470677
223.162528	8.025956
224.071446	0.581235


223.141124	15.585349
224.154276	8.154096
225.167428	0.722843


224.026943	15.712447
225.144131	8.296121
226.261319	0.879795


224.910894	15.851945
226.131898	8.452003
227.352903	1.052060


225.792803	16.003817
227.117384	8.621711
228.441966	1.239606


226.672498	16.168032
228.100395	8.805213
229.528293	1.442394


227.549805	16.344559
229.080739	9.002472
230.611673	1.660385


228.424552	16.533361
230.058221	9.213449
231.691891	1.893536


229.296567	16.734404
231.032652	9.438103
232.768736	2.141801


230.165680	16.947646
232.003838	9.676389
233.841996	2.405132


231.031719	17.173046
232.971590	9.928262
234.911461	2.683477


231.894515	17.410561
233.935717	10.193671
235.976920	2.976782


232.753897	17.660142
234.896031	10.472565
237.038164	3.284988


233.609698	17.921741
235.852342	10.764888
238.094986	3.608035


234.461749	18.195308
236.804462	11.070584
239.147176	3.945860


235.309882	18.480787
237.752206	11.389591
240.194530	4.298396


236.153932	18.778123
238.695386	11.721849
241.236840	4.665574


236.993732	19.087258
239.633818	12.067290
242.273903	5.047322


237.829118	19.408131
240.567316	12.425848
243.305514	5.443566


238.659926	19.740679
241.495699	12.797452
244.331472	5.854226


239.485992	20.084836
242.418783	13.182030
245.351574	6.279223


240.307154	20.440535
243.336387	13.579504
246.365620	6.718473


241.123250	20.807707
244.248331	13.989799
247.373412	7.171891


241.934122	21.186278
245.154436	14.412832
248.374750	7.639386


242.739609	21.576176
246.054524	14.848521
249.369440	8.120866


243.539553	21.977322
246.948419	15.296780
250.357284	8.616239


244.333797	22.389639
247.835944	15.757522
251.338090	9.125406


245.122186	22.813045
248.716925	16.230656
252.311665	9.648266


245.904564	23.247457
249.591190	16.716088
253.277817	10.184719


246.680777	23.692791
250.458567	17.213724
254.236356	10.734657


247.450674	24.148957
251.318885	17.723466
255.187096	11.297974


248.214102	24.615868
252.171975	18.245213
256.129848	11.874558


248.970913	25.093431
253.017670	18.778864
257.064427	12.464297


249.720958	25.581552
253.855805	19.324313
257.990651	13.067074


250.464088	26.080136
254.686213	19.881453
258.908337	13.682771


251.200159	26.589084
255.508732	20.450176
259.817305	14.311267


251.929026	27.108298
256.323202	21.030369
260.717377	14.952439


252.650546	27.637674
257.129460	21.621918
261.608375	15.606162


253.364576	28.177108
257.927351	22.224707
262.490126	16.272305


254.070977	28.726496
258.716716	22.838618
263.362455	16.950740


254.769610	29.285729
259.497400	23.463530
264.225191	17.641331


255.460337	29.854696
260.269251	24.099321
265.078165	18.343945


256.143024	30.433287
261.032117	24.745865
265.921209	19.058443


256.817536	31.021388
261.785847	25.403036
266.754159	19.784684


257.483741	31.618884
262.530295	26.070705
267.576849	20.522526


258.141507	32.225656
263.265313	26.748740
268.389120	21.271824


258.790706	32.841586
263.990758	27.437008
269.190810	22.032431


259.453151	33.487371
264.706889	28.134961
269.960628	22.782552


260.166806	34.187868
265.420544	28.835459
270.674283	23.483050


260.880460	34.888366
266.134199	29.535957
271.387937	24.183547


261.594115	35.588864
266.847854	30.236455
272.101592	24.884045


262.307770	36.289362
267.561508	30.936952
272.815247	25.584543


263.021425	36.989860
268.275163	31.637450
273.528901	26.285041


263.735079	37.690358
268.988818	32.337948
274.242556	26.985539


264.448734	38.390855
269.702472	33.038446
274.956211	27.686037


265.162389	39.091353
270.416127	33.738944
275.669865	28.386534


265.876043	39.791851
271.129782	34.439442
276.383520	29.087032


266.589698	40.492349
271.843436	35.139940
277.097175	29.787530


267.303353	41.192847
272.557091	35.840437
277.810829	30.488028


268.017007	41.893345
273.270746	36.540935
278.524484	31.188526


268.730662	42.593842
273.984400	37.241433
279.238139	31.889024


269.444317	43.294340
274.698055	37.941931
279.951794	32.589521


270.157971	43.994838
275.411710	38.642429
280.665448	33.290019


270.871626	44.695336
276.125365	39.342927
281.379103	33.990517


271.585281	45.395834
276.839019	40.043424
282.092758	34.691015


272.298936	46.096332
277.552674	40.743922
282.806412	35.391513


273.012590	46.796829
278.266329	41.444420
283.520067	36.092011


273.726245	47.497327
278.979983	42.144918
284.233722	36.792508


274.439900	48.197825
279.693638	42.845416
284.947376	37.493006


275.153554	48.898323
280.407293	43.545914
285.661031	38.193504


275.867209	49.598821
281.120947	44.246411
286.374686	38.894002


276.580864	50.299319
281.834602	44.946909
287.088341	39.594500


277.294518	50.999816
282.548257	45.647407
287.801995	40.294998


278.008173	51.700314
283.261912	46.347905
288.515650	40.995496


278.721828	52.400812
283.975566	47.048403
289.229305	41.695993


279.435482	53.101310
284.689221	47.748901
289.942959	42.396491


280.149137	53.801808
285.402876	48.449398
290.656614	43.096989


280.862792	54.502306
286.116530	49.149896
291.370269	43.797487


281.576447	55.202803
286.830185	49.850394
292.083923	44.497985


282.290101	55.903301
287.543840	50.550892
292.797578	45.198483


283.003756	56.603799
288.257494	51.251390
293.511233	45.898980


283.717411	57.304297
288.971149	51.951888
294.224887	46.599478


284.431065	58.004795
289.684804	52.652385
294.938542	47.299976


285.144720	58.705293
290.398458	53.352883
295.652197	48.000474


285.858375	59.405790
291.112113	54.053381
296.365852	48.700972


286.572029	60.106288
291.825768	54.753879
297.079506	49.401470


287.285684	60.806786
292.539423	55.454377
297.793161	50.101967


287.999339	61.507284
293.253077	56.154875
298.506816	50.802465


288.712994	62.207782
293.966732	56.855372
299.220470	51.502963


289.426648	62.908280
294.680387	57.555870
299.934125	52.203461


290.140303	63.608777
295.394041	58.256368
300.647780	52.903959


290.853958	64.309275
296.107696	58.956866
301.361434	53.604457


291.567612	65.009773
296.821351	59.657364
302.075089	54.304954


292.281267	65.710271
297.535005	60.357862
302.788744	55.005452


292.994922	66.410769
298.248660	61.058359
303.502399	55.705950


293.708576	67.111267
298.962315	61.758857
304.216053	56.406448


294.422231	67.811764
299.675969	62.459355
304.929708	57.106946


295.135886	68.512262
300.389624	63.159853
305.643363	57.807444


295.849540	69.212760
301.103279	63.860351
306.357017	58.507941


296.563195	69.913258
301.816933	64.560849
307.070672	59.208439


297.276850	70.613756
302.530588	65.261347
307.784326	59.908937


297.990504	71.314254
303.244243	65.961844
308.497981	60.609435


298.704159	72.014751
303.957897	66.662342
309.211636	61.309933


299.417813	72.715249
304.671552	67.362840
309.925290	62.010431


300.131468	73.415747
305.385206	68.063338
310.638945	62.710929


300.845122	74.116245
306.098861	68.763836
311.352599	63.411427


301.558777	74.816743
306.812515	69.464334
312.066254	64.111925


302.272431	75.517240
307.526170	70.164832
312.779908	64.812423


302.986086	76.217738
308.239824	70.865330
313.493563	65.512921


303.699741	76.918236
308.953479	71.565827
314.207217	66.213419


304.413395	77.618734
309.667134	72.266325
314.920872	66.913917


305.127050	78.319232
310.380788	72.966823
315.634527	67.614415


305.840704	79.019729
311.094443	73.667321
316.348181	68.314913


306.554359	79.720227
311.808097	74.367819
317.061836	69.015411


307.268013	80.420725
312.521752	75.068317
317.775490	69.715909


307.981668	81.121223
313.235406	75.768815
318.489145	70.416407


308.695322	81.821721
313.949061	76.469313
319.202799	71.116905


309.408977	82.522218
314.662715	77.169810
319.916454	71.817402


310.122632	83.222716
315.376370	77.870308
320.630108	72.517900


310.836286	83.923214
316.090025	78.570806
321.343763	73.218398


311.549941	84.623712
316.803679	79.271304
322.057417	73.918896


312.263595	85.324210
317.517334	79.971802
322.771072	74.619394


312.977250	86.024707
318.230988	80.672300
323.484727	75.319892


313.690904	86.725205
318.944643	81.372798
324.198381	76.020390


314.404559	87.425703
319.658297	82.073296
324.912036	76.720888


315.118213	88.126201
320.371952	82.773794
325.625690	77.421386


315.831868	88.826699
321.085606	83.474291
326.339345	78.121884


316.545523	89.527197
321.799261	84.174789
327.052999	78.822382


317.259177	90.227694
322.512915	84.875287
327.766654	79.522880


317.972832	90.928192
323.226570	85.575785
328.480308	80.223378


318.686486	91.628690
323.940225	86.276283
329.193963	80.923876


319.400141	92.329188
324.653879	86.976781
329.907618	81.624374


320.113795	93.029686
325.367534	87.677279
330.621272	82.324872


320.827450	93.730183
326.081188	88.377777
331.334927	83.025370


321.541104	94.430681
326.794843	89.078274
332.048581	83.725868


322.254759	95.131179
327.508497	89.778772
332.762236	84.426366


322.968413	95.831677
328.222152	90.479270
333.475890	85.126864


323.682068	96.532175
328.935806	91.179768
334.189545	85.827362


324.395723	97.232672
329.649461	91.880266
334.903199	86.527859


325.109377	97.933170
330.363116	92.580764
335.616854	87.228357


325.823032	98.633668
331.076770	93.281262
336.330508	87.928855


326.536686	99.334166
331.790425	93.981760
337.044163	88.629353


327.250341	100.034664
332.504079	94.682257
337.757818	89.329851


327.963995	100.735161
333.217734	95.382755
338.471472	90.030349


328.677650	101.435659
333.931388	96.083253
339.185127	90.730847


329.391304	102.136157
334.645043	96.783751
339.898781	91.431345


330.104959	102.836655
335.358697	97.484249
340.612436	92.131843


330.818614	103.537153
336.072352	98.184747
341.326090	92.832341


331.532268	104.237650
336.786007	98.885245
342.039745	93.532839


332.245923	104.938148
337.499661	99.585743
342.753399	94.233337


332.959577	105.638646
338.213316	100.286241
343.467054	94.933835


333.673232	106.339144
338.926970	100.986738
344.180709	95.634333


334.386886	107.039642
339.640625	101.687236
344.894363	96.334831


335.100541	107.740140
340.354279	102.387734
345.608018	97.035329


335.814195	108.440637
341.067934	103.088232
346.321672	97.735827


336.527850	109.141135
341.781588	103.788730
347.035327	98.436325


337.241505	109.841633
342.495243	104.489228
347.748981	99.136823


337.955159	110.542131
343.208897	105.189726
348.462636	99.837321


338.668814	111.242629
343.922552	105.890224
349.176290	100.537819


339.382468	111.943126
344.636207	106.590721
349.889945	101.238317


340.096123	112.643624
345.349861	107.291219
350.603600	101.938814


340.809777	113.344122
346.063516	107.991717
351.317254	102.639312


341.523432	114.044620
346.777170	108.692215
352.030909	103.339810


342.237086	114.745118
347.490825	109.392713
352.744563	104.040308


342.950741	115.445615
348.204479	110.093211
353.458218	104.740806


343.664395	116.146113
348.918134	110.793709
354.171872	105.441304


344.378050	116.846611
349.631788	111.494207
354.885527	106.141802


345.091705	117.547109
350.345443	112.194704
355.599181	106.842300


345.805359	118.247607
351.059098	112.895202
356.312836	107.542798


346.519014	118.948104
351.772752	113.595700
357.026490	108.243296


347.232668	119.648602
352.486407	114.296198
357.740145	108.943794


347.946323	120.349100
353.200061	114.996696
358.453800	109.644292


348.659977	121.049598
353.913716	115.697194
359.167454	110.344790


349.373632	121.750096
354.627370	116.397692
359.881109	111.045288


350.087286	122.450593
355.341025	117.098190
360.594763	111.745786


350.800941	123.151091
356.054679	117.798688
361.308418	112.446284


351.514596	123.851589
356.768334	118.499185
362.022072	113.146782


352.228250	124.552087
357.481989	119.199683
362.735727	113.847280


352.941905	125.252585
358.195643	119.900181
363.449381	114.547778


353.655559	125.953082
358.909298	120.600679
364.163036	115.248276


354.369214	126.653580
359.622952	121.301177
364.876691	115.948774


355.082868	127.354078
360.336607	122.001675
365.590345	116.649271


355.796523	128.054576
361.050261	122.702173
366.304000	117.349769


356.510177	128.755074
361.763916	123.402671
367.017654	118.050267


357.223832	129.455572
362.477570	124.103168
367.731309	118.750765


357.937487	130.156069
363.191225	124.803666
368.444963	119.451263


358.651141	130.856567
363.904879	125.504164
369.158618	120.151761


359.364796	131.557065
364.618534	126.204662
369.872272	120.852259


360.078450	132.257563
365.332189	126.905160
370.585927	121.552757


360.792105	132.958061
366.045843	127.605658
371.299582	122.253255


361.505759	133.658558
366.759498	128.306156
372.013236	122.953753


362.219414	134.359056
367.473152	129.006654
372.726891	123.654251


362.933068	135.059554
368.186807	129.707151
373.440545	124.354749


363.646723	135.760052
368.900461	130.407649
374.154200	125.055247


364.360377	136.460550
369.614116	131.108147
374.867854	125.755745


365.074032	137.161047
370.327770	131.808645
375.581509	126.456243


365.787687	137.861545
371.041425	132.509143
376.295163	127.156741


366.501341	138.562043
371.755080	133.209641
377.008818	127.857239


367.214996	139.262541
372.468734	133.910139
377.722472	128.557737


367.928650	139.963039
373.182389	134.610637
378.436127	129.258235


368.642305	140.663536
373.896043	135.311135
379.149782	129.958733


369.355959	141.364034
374.609698	136.011632
379.863436	130.659231


370.069614	142.064532
375.323352	136.712130
380.577091	131.359729


370.783268	142.765030
376.037007	137.412628
381.290745	132.060226


371.496923	143.465528
376.750661	138.113126
382.004400	132.760724


372.210578	144.166025
377.464316	138.813624
382.718054	133.461222


372.924232	144.866523
378.177970	139.514121
383.431709	134.161720


373.637887	145.567021
378.891625	140.214619
384.145363	134.862218


374.351541	146.267519
379.605280	140.915117
384.859018	135.562715


375.065196	146.968017
380.318934	141.615615
385.572672	136.263213


375.778850	147.668514
381.032589	142.316113
386.286327	136.963711


376.492505	148.369012
381.746243	143.016610
386.999982	137.664209


377.206159	149.069510
382.459898	143.717108
387.713636	138.364706


377.919814	149.770008
383.173552	144.417606
388.427291	139.065204


378.633468	150.470505
383.887207	145.118104
389.140945	139.765702


379.347123	151.171003
384.600861	145.818602
389.854600	140.466200


380.060777	151.871501
385.314516	146.519099
390.568254	141.166698


380.774432	152.571999
386.028170	147.219597
391.281909	141.867195


381.488086	153.272497
386.741825	147.920095
391.995563	142.567693


382.201741	153.972994
387.455479	148.620593
392.709218	143.268191


382.915396	154.673492
388.169134	149.321090
393.422872	143.968689


383.629050	155.373990
388.882788	150.021588
394.136527	144.669186


384.342705	156.074488
389.596443	150.722086
394.850181	145.369684


385.056359	156.774986
390.310098	151.422584
395.563836	146.070182


385.770014	157.475483
391.023752	152.123082
396.277491	146.770680


386.483668	158.175981
391.737407	152.823579
396.991145	147.471178


387.197323	158.876479
392.451061	153.524077
397.704800	148.171675


387.910977	159.576977
393.164716	154.224575
398.418454	148.872173


388.624632	160.277474
393.878370	154.925073
399.132109	149.572671


389.338286	160.977972
394.592025	155.625570
399.845763	150.273169


390.051941	161.678470
395.305679	156.326068
400.559418	150.973667


390.765595	162.378968
396.019334	157.026566
401.273072	151.674164


391.479250	163.079466
396.732988	157.727064
401.986727	152.374662


392.192905	163.779963
397.446643	158.427562
402.700381	153.075160


392.906559	164.480461
398.160297	159.128059
403.414036	153.775658


393.620214	165.180959
398.873952	159.828557
404.127690	154.476155


394.333868	165.881457
399.587607	160.529055
404.841345	155.176653


395.047523	166.581954
400.301261	161.229553
405.554999	155.877151


395.761177	167.282452
401.014916	161.930051
406.268654	156.577649


396.474832	167.982950
401.728570	162.630548
406.982309	157.278147


397.188486	168.683448
402.442225	163.331046
407.695963	157.978644


397.902141	169.383946
403.155879	164.031544
408.409618	158.679142


398.615795	170.084443
403.869534	164.732042
409.123272	159.379640


399.329450	170.784941
404.583188	165.432539
409.836927	160.080138


400.043104	171.485439
405.296843	166.133037
410.550581	160.780636


400.756759	172.185937
406.010497	166.833535
411.264236	161.481133


401.470413	172.886435
406.724152	167.534033
411.977890	162.181631


402.184068	173.586932
407.437806	168.234531
412.691545	162.882129


402.897723	174.287430
408.151461	168.935028
413.405199	163.582627


403.611377	174.987928
408.865116	169.635526
414.118854	164.283124


404.325032	175.688426
409.578770	170.336024
414.832508	164.983622


405.038686	176.388923
410.292425	171.036522
415.546163	165.684120


405.752341	177.089421
411.006079	171.737020
416.259818	166.384618


406.465995	177.789919
411.719734	172.437517
416.973472	167.085116


407.179650	178.490417
412.433388	173.138015
417.687127	167.785613


407.893304	179.190915
413.147043	173.838513
418.400781	168.486111


408.606959	179.891412
413.860697	174.539011
419.114436	169.186609


409.320613	180.591910
414.574352	175.239508
419.828090	169.887107


410.034268	181.292408
415.288006	175.940006
420.541745	170.587604


410.747922	181.992906
416.001661	176.640504
421.255399	171.288102


411.461577	182.693404
416.715315	177.341002
421.969054	171.988600


412.175232	183.393901
417.428970	178.041500
422.682708	172.689098


412.888886	184.094399
418.142624	178.741997
423.396363	173.389596


413.602541	184.794897
418.856279	179.442495
424.110017	174.090093


414.316195	185.495395
419.569934	180.142993
424.823672	174.790591


415.029850	186.195892
420.283588	180.843491
425.537326	175.491089


415.743504	186.896390
420.997243	181.543988
426.250981	176.191587


416.457159	187.596888
421.710897	182.244486
426.964636	176.892085


417.170813	188.297386
422.424552	182.944984
427.678290	177.592582


417.884468	188.997884
423.138206	183.645482
428.391945	178.293080


418.598122	189.698381
423.851861	184.345980
429.105599	178.993578


419.311777	190.398879
424.565515	185.046477
429.819254	179.694076


420.025431	191.099377
425.279170	185.746975
430.532908	180.394573


420.739086	191.799875
425.992824	186.447473
431.246563	181.095071


421.452741	192.500372
426.706479	187.147971
431.960217	181.795569


422.166395	193.200870
427.420133	187.848469
432.673872	182.496067


422.880050	193.901368
428.133788	188.548966
433.387526	183.196565


423.593704	194.601866
428.847443	189.249464
434.101181	183.897062


424.307359	195.302364
429.561097	189.949962
434.814835	184.597560


425.021013	196.002861
430.274752	190.650460
435.528490	185.298058


425.734668	196.703359
430.988406	191.350957
436.242145	185.998556


426.448322	197.403857
431.702061	192.051455
436.955799	186.699054


427.161977	198.104355
432.415715	192.751953
437.669454	187.399551


427.875631	198.804853
433.129370	193.452451
438.383108	188.100049


428.589286	199.505350
433.843024	194.152949
439.096763	188.800547


429.302940	200.205848
434.556679	194.853446
439.810417	189.501045


430.016595	200.906346
435.270333	195.553944
440.524072	190.201542


430.730249	201.606844
435.983988	196.254442
441.237726	190.902040


431.443904	202.307341
436.697642	196.954940
441.951381	191.602538


432.157559	203.007839
437.411297	197.655438
442.665035	192.303036


432.871213	203.708337
438.124951	198.355935
443.378690	193.003534


433.584868	204.408835
438.838606	199.056433
444.092344	193.704031


434.298522	205.109333
439.552261	199.756931
444.805999	194.404529


435.012177	205.809830
440.265915	200.457429
445.519654	195.105027


435.725831	206.510328
440.979570	201.157926
446.233308	195.805525


436.439486	207.210826
441.693224	201.858424
446.946963	196.506022


437.153140	207.911324
442.406879	202.558922
447.660617	197.206520


437.920681	208.662100
443.121583	203.258343
448.322485	197.854587


438.828269	209.507984
443.853088	203.940116
448.877908	198.372247


439.762534	210.324309
444.606095	204.598064
449.449656	198.871818


440.722513	211.110233
445.379827	205.231509
450.037140	199.352785


441.707217	211.864947
446.173487	205.839799
450.639756	199.814651


442.715633	212.587674
446.986258	206.422308
451.256883	200.256942


443.746722	213.277669
447.817304	206.978436
451.887885	200.679202


444.799422	213.934221
448.665767	207.507609
452.532112	201.080996


445.872647	214.556654
449.530774	208.009282
453.188901	201.461910


446.965294	215.144328
450.411434	208.482940
453.857575	201.821552


448.076236	215.696636
451.306841	208.928093
454.537445	202.159551


449.204329	216.213010
452.216070	209.344285
455.227812	202.475559


450.348412	216.692918
453.138187	209.731085
455.927963	202.769251


451.507305	217.135866
454.072242	210.088095
456.637178	203.040325


452.679815	217.541397
455.017271	210.414948
457.354727	203.288500


453.864736	217.909094
455.972303	210.711308
458.079870	203.513521


455.060845	218.238579
456.936352	210.976868
458.811860	203.715157


456.266911	218.529510
457.908427	211.211355
459.549944	203.893200


457.481691	218.781590
458.887526	211.414528
460.293361	204.047467


458.703936	218.994558
459.872640	211.586178
461.041345	204.177798


459.932385	219.168196
460.862756	211.726127
461.793127	204.284059


461.165773	219.302323
461.856852	211.834232
462.547931	204.366141


462.402830	219.396803
462.853905	211.910381
463.304980	204.423960


463.642282	219.451537
463.852889	211.954496
464.063495	204.457456


464.882852	219.466469
464.852773	211.966531
464.822695	204.466594


466.123262	219.441585
465.852529	211.946474
465.581796	204.451364


467.362235	219.376908
466.851126	211.894346
466.340018	204.411784


468.598494	219.272508
467.847536	211.810200
467.096579	204.347892


469.830766	219.128490
468.840733	211.694123
467.850700	204.259756


471.057783	218.945002
469.829694	211.546234
468.601605	204.147466


472.278279	218.722235
470.813399	211.366687
469.348520	204.011138


473.490939	218.460437
471.790835	211.155666
470.090732	203.850895


474.464908	218.233756
472.764804	210.928985
471.064701	203.624213


475.438877	218.007074
473.738773	210.702303
472.038670	203.397532


476.412846	217.780393
474.712742	210.475622
473.012638	203.170850


477.386815	217.553711
475.686711	210.248940
473.986607	202.944169


478.360784	217.327030
476.660680	210.022259
474.960576	202.717488


479.334753	217.100348
477.634649	209.795577
475.934545	202.490806


480.308722	216.873667
478.608618	209.568896
476.908514	202.264125


481.282690	216.646985
479.582587	209.342214
477.882483	202.037444


482.256659	216.420303
480.556556	209.115533
478.856452	201.810762


483.230628	216.193622
481.530524	208.888851
479.830421	201.584081


484.204597	215.966940
482.504493	208.662170
480.804390	201.357399


485.178566	215.740259
483.478462	208.435488
481.778359	201.130718


486.152535	215.513577
484.452431	208.208807
482.752327	200.904037


487.126504	215.286896
485.426400	207.982125
483.726296	200.677355


488.100473	215.060214
486.400369	207.755444
484.700265	200.450674


489.074442	214.833533
487.374338	207.528763
485.674234	200.223993


490.048411	214.606851
488.348307	207.302081
486.648203	199.997311


491.022379	214.380169
489.322276	207.075400
487.622172	199.770630


491.996348	214.153488
490.296245	206.848718
488.596141	199.543948


492.970317	213.926806
491.270214	206.622037
489.570110	199.317267


493.944286	213.700125
492.244182	206.395355
490.544079	199.090586


494.918255	213.473443
493.218151	206.168674
491.518048	198.863904


495.892224	213.246762
494.192120	205.941992
492.492016	198.637223


496.866193	213.020080
495.166089	205.715311
493.465985	198.410541


497.840162	212.793399
496.140058	205.488629
494.439954	198.183860


498.814131	212.566717
497.114027	205.261948
495.413923	197.957179


499.788100	212.340035
498.087996	205.035266
496.387892	197.730497


500.762069	212.113354
499.061965	204.808585
497.361861	197.503816


501.736037	211.886672
500.035934	204.581903
498.335830	197.277135


502.710006	211.659991
501.009903	204.355222
499.309799	197.050453


503.683975	211.433309
501.983871	204.128540
500.283768	196.823772


504.657944	211.206628
502.957840	203.901859
501.257737	196.597090


505.631913	210.979946
503.931809	203.675178
502.231706	196.370409


506.605882	210.753265
504.905778	203.448496
503.205674	196.143728


507.579851	210.526583
505.879747	203.221815
504.179643	195.917046


508.553820	210.299901
506.853716	202.995133
505.153612	195.690365


509.527789	210.073220
507.827685	202.768452
506.127581	195.463683


510.501758	209.846538
508.801654	202.541770
507.101550	195.237002


511.475726	209.619857
509.775623	202.315089
508.075519	195.010321


512.449695	209.393175
510.749592	202.088407
509.049488	194.783639


513.423664	209.166494
511.723561	201.861726
510.023457	194.556958


514.397633	208.939812
512.697529	201.635044
510.997426	194.330277


515.371602	208.713130
513.671498	201.408363
511.971395	194.103595


516.345571	208.486449
514.645467	201.181681
512.945363	193.876914


517.319540	208.259767
515.619436	200.955000
513.919332	193.650232


518.293509	208.033086
516.593405	200.728318
514.893301	193.423551


519.267478	207.806404
517.567374	200.501637
515.867270	193.196870


520.241447	207.579723
518.541343	200.274955
516.841239	192.970188


521.215415	207.353041
519.515312	200.048274
517.815208	192.743507


522.189384	207.126360
520.489281	199.821593
518.789177	192.516826


523.163353	206.899678
521.463250	199.594911
519.763146	192.290144


524.137322	206.672996
522.437218	199.368230
520.737115	192.063463


525.111291	206.446315
523.411187	199.141548
521.711084	191.836781


526.085260	206.219633
524.385156	198.914867
522.685052	191.610100


527.059229	205.992952
525.359125	198.688185
523.659021	191.383419


528.033198	205.766270
526.333094	198.461504
524.632990	191.156737


529.007167	205.539589
527.307063	198.234822
525.606959	190.930056


529.981136	205.312907
528.281032	198.008141
526.580928	190.703374


530.955105	205.086226
529.255001	197.781459
527.554897	190.476693


531.929073	204.859544
530.228970	197.554778
528.528866	190.250012


532.903042	204.632862
531.202939	197.328096
529.502835	190.023330


533.877011	204.406181
532.176907	197.101415
530.476804	189.796649


534.850980	204.179499
533.150876	196.874733
531.450773	189.569968


535.824949	203.952818
534.124845	196.648052
532.424742	189.343286


536.798918	203.726136
535.098814	196.421371
533.398710	189.116605


537.772887	203.499455
536.072783	196.194689
534.372679	188.889923


538.746856	203.272773
537.046752	195.968008
535.346648	188.663242


539.720825	203.046092
538.020721	195.741326
536.320617	188.436561


540.694794	202.819410
538.994690	195.514645
537.294586	188.209879


541.668762	202.592728
539.968659	195.287963
538.268555	187.983198


542.642731	202.366047
540.942628	195.061282
539.242524	187.756516


543.616700	202.139365
541.916597	194.834600
540.216493	187.529835


544.590669	201.912684
542.890565	194.607919
541.190462	187.303154


545.564638	201.686002
543.864534	194.381237
542.164431	187.076472


546.538607	201.459321
544.838503	194.154556
543.138399	186.849791


547.512576	201.232639
545.812472	193.927874
544.112368	186.623110


548.486545	201.005958
546.786441	193.701193
545.086337	186.396428


549.460514	200.779276
547.760410	193.474511
546.060306	186.169747


550.434483	200.552594
548.734379	193.247830
547.034275	185.943065


551.408452	200.325913
549.708348	193.021148
548.008244	185.716384


552.382420	200.099231
550.682317	192.794467
548.982213	185.489703


553.356389	199.872550
551.656286	192.567786
549.956182	185.263021


554.330358	199.645868
552.630254	192.341104
550.930151	185.036340


555.304327	199.419187
553.604223	192.114423
551.904120	184.809659


556.278296	199.192505
554.578192	191.887741
552.878089	184.582977


557.252265	198.965824
555.552161	191.661060
553.852057	184.356296


558.224573	198.739530
556.526130	191.434379
554.827687	184.129229


559.059902	198.553764
557.502269	191.217300
555.944636	183.880836


559.898648	198.384099
558.482401	191.019035
557.066155	183.653970


560.740502	198.230596
559.466166	190.839656
558.191829	183.448716


561.585153	198.093312
560.453198	190.679231
559.321243	183.265149


562.432288	197.972299
561.443133	190.537818
560.453979	183.103338


563.281594	197.867600
562.435605	190.415471
561.589617	182.963341


564.132756	197.779255
563.430247	190.312234
562.727737	182.845212


564.985460	197.707296
564.426690	190.228145
563.867919	182.748994


565.839390	197.651750
565.424565	190.163236
565.009741	182.674721


566.694230	197.612638
566.423505	190.117530
566.152780	182.622423


567.549665	197.589973
567.423139	190.091045
567.296613	182.592118


568.405377	197.583765
568.423097	190.083791
568.440817	182.583816


569.261050	197.594015
569.423010	190.095769
569.584970	182.597523


570.116368	197.620720
570.422508	190.126976
570.728647	182.633231


570.971014	197.663870
571.421220	190.177400
571.871426	182.690929


571.824672	197.723449
572.418778	190.247022
573.012884	182.770595


572.677027	197.799435
573.414813	190.335817
574.152599	182.872199


573.527762	197.891800
574.408955	190.443752
575.290149	182.995703


574.376563	198.000509
575.400838	190.570786
576.425113	183.141063


575.223117	198.125523
576.390094	190.716873
577.557071	183.308223


576.067110	198.266795
577.376358	190.881959
578.685605	183.497124


576.908230	198.424273
578.359264	191.065983
579.810298	183.707693


577.746166	198.597898
579.338449	191.268877
580.930733	183.939855


578.580607	198.787607
580.313551	191.490565
582.046495	184.193522


579.411245	198.993330
581.284209	191.730965
583.157172	184.468601


580.237774	199.214989
582.250064	191.989990
584.262354	184.764990


581.059886	199.452504
583.210758	192.267542
585.361631	185.082580


581.877278	199.705786
584.165937	192.563519
586.454596	185.421253


582.689648	199.974741
585.115247	192.877812
587.540846	185.780884


583.496695	200.259271
586.058337	193.210305
588.619978	186.161339


584.298121	200.559269
586.994857	193.560874
589.691594	186.562478


585.093628	200.874626
587.924462	193.929390
590.755296	186.984153


585.882923	201.205223
588.846808	194.315716
591.810692	187.426208


586.665715	201.550940
589.761553	194.719709
592.857391	187.888479


587.441712	201.911647
590.668359	195.141221
593.895006	188.370794


588.210628	202.287213
591.566891	195.580095
594.923153	188.872977


588.972180	202.677496
592.456815	196.036168
595.941451	189.394840


589.726084	203.082355
593.337804	196.509273
596.949524	189.936191


590.556965	203.544927
594.211568	196.995580
597.866170	190.446234


591.430211	204.032208
595.084813	197.482861
598.739415	190.933514


592.303456	204.519488
595.958058	197.970141
599.612660	191.420794


593.176702	205.006768
596.831304	198.457421
600.485906	191.908074


594.049947	205.494048
597.704549	198.944701
601.359151	192.395354


594.923192	205.981328
598.577795	199.431981
602.232397	192.882634


595.796438	206.468609
599.451040	199.919262
603.105642	193.369915


596.669683	206.955889
600.324285	200.406542
603.978887	193.857195


597.542929	207.443169
601.197531	200.893822
604.852133	194.344475


598.416174	207.930449
602.070776	201.381102
605.725378	194.831755


599.289419	208.417729
602.944021	201.868382
606.598624	195.319035


600.162665	208.905009
603.817267	202.355663
607.471869	195.806316


601.035910	209.392290
604.690512	202.842943
608.345114	196.293596


601.909156	209.879570
605.563758	203.330223
609.218360	196.780876


602.782401	210.366850
606.437003	203.817503
610.091605	197.268156


603.655646	210.854130
607.310248	204.304783
610.964851	197.755436


604.528892	211.341410
608.183494	204.792063
611.838096	198.242717


605.402137	211.828691
609.056739	205.279344
612.711341	198.729997


606.275383	212.315971
609.929985	205.766624
613.584587	199.217277


607.148628	212.803251
610.803230	206.253904
614.457832	199.704557


608.021873	213.290531
611.676475	206.741184
615.331078	200.191837


608.895119	213.777811
612.549721	207.228464
616.204323	200.679118


609.768364	214.265092
613.422966	207.715745
617.077568	201.166398


610.641610	214.752372
614.296212	208.203025
617.950814	201.653678


611.514855	215.239652
615.169457	208.690305
618.824059	202.140958


612.388100	215.726932
616.042702	209.177585
619.697304	202.628238


613.261346	216.214212
616.915948	209.664865
620.570550	203.115518


614.134591	216.701492
617.789193	210.152146
621.443795	203.602799


615.007837	217.188773
618.662439	210.639426
622.317041	204.090079


615.881082	217.676053
619.535684	211.126706
623.190286	204.577359


616.754327	218.163333
620.408929	211.613986
624.063531	205.064639


617.627573	218.650613
621.282175	212.101266
624.936777	205.551919


618.500818	219.137893
622.155420	212.588547
625.810022	206.039200


619.374064	219.625174
623.028666	213.075827
626.683268	206.526480


620.247309	220.112454
623.901911	213.563107
627.556513	207.013760


621.120554	220.599734
624.775156	214.050387
628.429758	207.501040


621.993800	221.087014
625.648402	214.537667
629.303004	207.988320


622.867045	221.574294
626.521647	215.024947
630.176249	208.475601


623.740291	222.061575
627.394893	215.512228
631.049495	208.962881


624.613536	222.548855
628.268138	215.999508
631.922740	209.450161


625.486781	223.036135
629.141383	216.486788
632.795985	209.937441


626.360027	223.523415
630.014629	216.974068
633.669231	210.424721


627.233272	224.010695
630.887874	217.461348
634.542476	210.912001


628.106518	224.497976
631.761120	217.948629
635.415722	211.399282


628.979763	224.985256
632.634365	218.435909
636.288967	211.886562


629.853008	225.472536
633.507610	218.923189
637.162212	212.373842


630.726254	225.959816
634.380856	219.410469
638.035458	212.861122


631.599499	226.447096
635.254101	219.897749
638.908703	213.348402


632.472745	226.934376
636.127347	220.385030
639.781949	213.835683


633.345990	227.421657
637.000592	220.872310
640.655194	214.322963


634.219235	227.908937
637.873837	221.359590
641.528439	214.810243


635.092481	228.396217
638.747083	221.846870
642.401685	215.297523


635.965726	228.883497
639.620328	222.334150
643.274930	215.784803


636.838971	229.370777
640.493574	222.821431
644.148176	216.272084


637.712217	229.858058
641.366819	223.308711
645.021421	216.759364


638.585462	230.345338
642.240064	223.795991
645.894666	217.246644


639.458708	230.832618
643.113310	224.283271
646.767912	217.733924


640.331953	231.319898
643.986555	224.770551
647.641157	218.221204


641.205198	231.807178
644.859801	225.257831
648.514403	218.708485


642.078444	232.294459
645.733046	225.745112
649.387648	219.195765


642.951689	232.781739
646.606291	226.232392
650.260893	219.683045


643.824935	233.269019
647.479537	226.719672
651.134139	220.170325


644.698180	233.756299
648.352782	227.206952
652.007384	220.657605


645.571425	234.243579
649.226028	227.694232
652.880630	221.144885


646.444671	234.730860
650.099273	228.181513
653.753875	221.632166


647.317916	235.218140
650.972518	228.668793
654.627120	222.119446


648.191162	235.705420
651.845764	229.156073
655.500366	222.606726


649.064407	236.192700
652.719009	229.643353
656.373611	223.094006


649.937652	236.679980
653.592254	230.130633
657.246857	223.581286


650.810898	237.167260
654.465500	230.617914
658.120102	224.068567


651.684143	237.654541
655.338745	231.105194
658.993347	224.555847


652.557389	238.141821
656.211991	231.592474
659.866593	225.043127


653.430634	238.629101
657.085236	232.079754
660.739838	225.530407


654.303879	239.116381
657.958481	232.567034
661.613084	226.017687


655.177125	239.603661
658.831727	233.054314
662.486329	226.504968


656.050370	240.090942
659.704972	233.541595
663.359574	226.992248


656.923616	240.578222
660.578218	234.028875
664.232820	227.479528


657.796861	241.065502
661.451463	234.516155
665.106065	227.966808


658.670106	241.552782
662.324708	235.003435
665.979311	228.454088


659.543352	242.040062
663.197954	235.490715
666.852556	228.941369


660.416597	242.527343
664.071199	235.977996
667.725801	229.428649


661.289843	243.014623
664.944445	236.465276
668.599047	229.915929


662.163088	243.501903
665.817690	236.952556
669.472292	230.403209


663.036333	243.989183
666.690935	237.439836
670.345537	230.890489


663.909579	244.476463
667.564181	237.927116
671.218783	231.377769


664.782824	244.963744
668.437426	238.414397
672.092028	231.865050


665.656070	245.451024
669.310672	238.901677
672.965274	232.352330


666.529315	245.938304
670.183917	239.388957
673.838519	232.839610


667.402560	246.425584
671.057162	239.876237
674.711764	233.326890


668.275806	246.912864
671.930408	240.363517
675.585010	233.814170


669.149051	247.400144
672.803653	240.850798
676.458255	234.301451


670.022297	247.887425
673.676899	241.338078
677.331501	234.788731


670.895542	248.374705
674.550144	241.825358
678.204746	235.276011


671.768787	248.861985
675.423389	242.312638
679.077991	235.763291


672.642033	249.349265
676.296635	242.799918
679.951237	236.250571


673.515278	249.836545
677.169880	243.287198
680.824482	236.737852


674.388524	250.323826
678.043126	243.774479
681.697728	237.225132


675.261769	250.811106
678.916371	244.261759
682.570973	237.712412


676.135014	251.298386
679.789616	244.749039
683.444218	238.199692


677.008260	251.785666
680.662862	245.236319
684.317464	238.686972


677.881505	252.272946
681.536107	245.723599
685.190709	239.174253


678.754751	252.760227
682.409353	246.210880
686.063955	239.661533


679.627996	253.247507
683.282598	246.698160
686.937200	240.148813


680.501241	253.734787
684.155843	247.185440
687.810445	240.636093


681.374487	254.222067
685.029089	247.672720
688.683691	241.123373


682.247732	254.709347
685.902334	248.160000
689.556936	241.610653


683.120978	255.196627
686.775580	248.647281
690.430182	242.097934


683.994223	255.683908
687.648825	249.134561
691.303427	242.585214


684.867468	256.171188
688.522070	249.621841
692.176672	243.072494


685.740714	256.658468
689.395316	250.109121
693.049918	243.559774


686.613959	257.145748
690.268561	250.596401
693.923163	244.047054


687.487204	257.633028
691.141807	251.083682
694.796409	244.534335


688.360450	258.120309
692.015052	251.570962
695.669654	245.021615


689.233695	258.607589
692.888297	252.058242
696.542899	245.508895


690.106941	259.094869
693.761543	252.545522
697.416145	245.996175


690.980186	259.582149
694.634788	253.032802
698.289390	246.483455


691.853431	260.069429
695.508034	253.520082
699.162636	246.970736


692.726677	260.556710
696.381279	254.007363
700.035881	247.458016


693.599922	261.043990
697.254524	254.494643
700.909126	247.945296


694.473168	261.531270
698.127770	254.981923
701.782372	248.432576


695.346413	262.018550
699.001015	255.469203
702.655617	248.919856


696.219659	262.505831
699.874261	255.956484
703.528863	249.407137


697.092905	262.993111
700.747507	256.443764
704.402109	249.894417


697.966151	263.480391
701.620753	256.931044
705.275355	250.381697


698.839397	263.967672
702.493999	257.418325
706.148601	250.868978


699.712643	264.454952
703.367245	257.905605
707.021847	251.356258


700.585889	264.942232
704.240491	258.392885
707.895093	251.843538


701.459135	265.429513
705.113737	258.880166
708.768339	252.330819


702.332381	265.916793
705.986983	259.367446
709.641585	252.818099


703.205627	266.404073
706.860229	259.854726
710.514831	253.305379


704.078872	266.891354
707.733475	260.342007
711.388077	253.792660


704.952118	267.378634
708.606720	260.829287
712.261322	254.279940


705.825364	267.865914
709.479966	261.316567
713.134568	254.767220


706.698610	268.353195
710.353212	261.803848
714.007814	255.254501


707.571856	268.840475
711.226458	262.291128
714.881060	255.741781


708.445102	269.327755
712.099704	262.778408
715.754306	256.229061


709.318348	269.815036
712.972950	263.265689
716.627552	256.716342


710.191594	270.302316
713.846196	263.752969
717.500798	257.203622


711.064840	270.789596
714.719442	264.240249
718.374044	257.690902


711.938086	271.276877
715.592688	264.727530
719.247290	258.178183


712.811332	271.764157
716.465934	265.214810
720.120536	258.665463


713.684577	272.251437
717.339180	265.702090
720.993782	259.152743


714.557823	272.738718
718.212425	266.189371
721.867027	259.640024


715.431069	273.225998
719.085671	266.676651
722.740273	260.127304


716.304315	273.713278
719.958917	267.163931
723.613519	260.614584


717.177561	274.200559
720.832163	267.651212
724.486765	261.101865


718.050807	274.687839
721.705409	268.138492
725.360011	261.589145


718.924053	275.175119
722.578655	268.625772
726.233257	262.076425


719.797299	275.662400
723.451901	269.113053
727.106503	262.563706


720.670545	276.149680
724.325147	269.600333
727.979749	263.050986


721.543791	276.636960
725.198393	270.087613
728.852995	263.538266


722.417037	277.124241
726.071639	270.574894
729.726241	264.025547


723.290282	277.611521
726.944884	271.062174
730.599487	264.512827


724.163528	278.098801
727.818130	271.549454
731.472732	265.000107


725.036774	278.586081
728.691376	272.036735
732.345978	265.487388


725.910020	279.073362
729.564622	272.524015
733.219224	265.974668


726.783266	279.560642
730.437868	273.011295
734.092470	266.461948


727.656512	280.047922
731.311114	273.498576
734.965716	266.949229


728.529758	280.535203
732.184360	273.985856
735.838962	267.436509


729.403004	281.022483
733.057606	274.473136
736.712208	267.923789


730.276250	281.509763
733.930852	274.960417
737.585454	268.411070


731.149496	281.997044
734.804098	275.447697
738.458700	268.898350


732.022742	282.484324
735.677344	275.934977
739.331946	269.385630


732.895987	282.971604
736.550589	276.422258
740.205192	269.872911


733.769233	283.458885
737.423835	276.909538
741.078437	270.360191


734.642479	283.946165
738.297081	277.396818
741.951683	270.847471


735.515725	284.433445
739.170327	277.884099
742.824929	271.334752


736.388971	284.920726
740.043573	278.371379
743.698175	271.822032


737.262217	285.408006
740.916819	278.858659
744.571421	272.309312


738.135463	285.895286
741.790065	279.345940
745.444667	272.796593


739.008709	286.382567
742.663311	279.833220
746.317913	273.283873


739.881955	286.869847
743.536557	280.320500
747.191159	273.771153


740.755201	287.357127
744.409803	280.807781
748.064405	274.258434


741.628446	287.844408
745.283049	281.295061
748.937651	274.745714


742.501692	288.331688
746.156294	281.782341
749.810896	275.232994


743.374938	288.818968
747.029540	282.269622
750.684142	275.720275


744.248184	289.306249
747.902786	282.756902
751.557388	276.207555


745.121430	289.793529
748.776032	283.244182
752.430634	276.694835


746.061971	290.314503
749.650727	283.728845
753.239484	277.143187


747.055156	290.844955
750.532792	284.199949
754.010428	277.554942


748.057111	291.358651
751.422645	284.656171
754.788179	277.953691


749.067552	291.855446
752.320035	285.097383
755.572518	278.339319


750.086196	292.335198
753.224709	285.523459
756.363223	278.711720


751.112753	292.797774
754.136413	285.934280
757.160072	279.070787


752.146936	293.243042
755.054888	286.329731
757.962839	279.416419


753.188451	293.670877
755.979875	286.709698
758.771299	279.748519


754.237005	294.081158
756.911114	287.074075
759.585222	280.066993


755.292303	294.473769
757.848342	287.422760
760.404380	280.371751


756.354046	294.848600
758.791294	287.755654
761.228541	280.662708


757.421936	295.205545
759.739704	288.072663
762.057473	280.939780


758.495670	295.544503
760.693305	288.373697
762.890941	281.202891


759.574945	295.865378
761.651828	288.658672
763.728712	281.451965


760.659458	296.168080
762.615003	288.927507
764.570547	281.686933


761.748902	296.452524
763.582556	289.180126
765.416211	281.907728


762.842970	296.718629
764.554217	289.416458
766.265463	282.114288


763.941354	296.966320
765.529710	289.636437
767.118066	282.306554


765.043742	297.195528
766.508760	289.840000
767.973777	282.484473


766.149825	297.406187
767.491091	290.027091
768.832356	282.647994


767.156499	297.584056
768.475846	290.201010
769.795193	282.817965


768.057006	297.750200
769.459243	290.382448
770.861480	283.014696


768.955588	297.926454
770.440539	290.574926
771.925490	283.223399


769.852133	298.112795
771.419610	290.778421
772.987087	283.444046


770.746527	298.309201
772.396332	290.992905
774.046137	283.676610


771.638657	298.515646
773.370582	291.218353
775.102506	283.921061


772.528411	298.732103
774.342236	291.454736
776.156061	284.177369


773.415676	298.958547
775.311173	291.702024
777.206670	284.445501


774.300340	299.194948
776.277269	291.960185
778.254199	284.725423


775.182291	299.441276
777.240403	292.229188
779.298515	285.017100


776.061418	299.697500
778.200453	292.508998
780.339488	285.320495


776.937611	299.963588
779.157298	292.799579
781.376985	285.635570


777.810757	300.239507
780.110817	293.100896
782.410876	285.962285


778.680748	300.525220
781.060889	293.412910
783.441030	286.300599


779.547472	300.820693
782.007394	293.735581
784.467316	286.650468


780.410821	301.125888
782.950214	294.068869
785.489606	287.011850


781.270686	301.440767
783.889228	294.412732
786.507770	287.384697


782.126958	301.765289
784.824318	294.767126
787.521679	287.768964


782.979528	302.099414
785.755367	295.132007
788.531206	288.164601


783.828290	302.443099
786.682256	295.507329
789.536222	288.571558


784.673135	302.796301
787.604868	295.893043
790.536602	288.989785


785.528380	303.165213
788.523102	296.289048
791.517825	289.412883


786.625267	303.626493
789.444883	296.676689
792.264500	289.726886


787.733484	304.059845
790.376186	297.040862
793.018888	290.021878


788.852320	304.464992
791.316413	297.381331
793.780505	290.297670


789.981059	304.841673
792.264961	297.697879
794.548863	290.554084


791.118975	305.189647
793.221222	297.990302
795.323468	290.790957


792.265339	305.508691
794.184582	298.258414
796.103824	291.008137


793.419416	305.798599
795.154423	298.502042
796.889429	291.205484


794.580464	306.059187
796.130123	298.721029
797.679781	291.382871


795.747740	306.290287
797.111056	298.915236
798.474371	291.540185


796.920494	306.491750
798.096593	299.084537
799.272691	291.677324


798.097974	306.663447
799.086101	299.228824
800.074228	291.794202


799.279425	306.805268
800.078947	299.348005
800.878468	291.890742


800.464089	306.917123
801.074492	299.442003
801.684895	291.966884


801.651205	306.998939
802.072098	299.510758
802.492991	292.022577


802.840013	307.050664
803.071126	299.554225
803.302239	292.057787


804.029750	307.072265
804.070934	299.572378
804.112119	292.072490


805.219652	307.063728
805.070882	299.565203
804.922112	292.066678


806.408956	307.025058
806.070327	299.532706
805.731697	292.040354


807.596899	306.956280
807.068628	299.474908
806.540356	291.993535


808.782719	306.857439
808.065145	299.391845
807.347571	291.926251


809.965656	306.728597
809.059239	299.283571
808.152822	291.838545


811.144950	306.569838
810.050272	299.150156
808.955593	291.730473


812.319846	306.381263
811.037608	298.991684
809.755371	291.602106


813.489588	306.162993
812.020614	298.808258
810.551640	291.453524


814.653428	305.915168
812.998660	298.599996
811.343891	291.284823


815.810618	305.637948
813.971117	298.367030
812.131616	291.096113


816.960416	305.331509
814.937362	298.109511
812.914309	290.887513


818.102084	304.996050
815.896776	297.827603
813.691467	290.659157


819.234890	304.631784
816.848742	297.521488
814.462593	290.411193


820.358107	304.238945
817.792650	297.191362
815.227192	290.143778


821.471016	303.817786
818.727894	296.837436
815.984773	289.857086


822.572901	303.368577
819.653875	296.459938
816.734850	289.551298


823.663056	302.891605
820.569999	296.059109
817.476943	289.226613


824.740781	302.387178
821.475678	295.635207
818.210574	288.883237


825.805386	301.855618
822.370330	295.188505
818.935274	288.521392


826.856187	301.297266
823.253382	294.719287
819.650577	288.141309


827.892510	300.712481
824.124267	294.227856
820.356025	287.743232


828.913691	300.101637
824.982428	293.714527
821.051165	287.327417


829.919073	299.465127
825.827312	293.179629
821.735551	286.894130


830.908014	298.803359
826.658379	292.623504
822.408744	286.443649


831.879877	298.116758
827.475095	292.046511
823.070312	285.976264


832.834039	297.405763
828.276935	291.449018
823.719832	285.492274


833.769889	296.670832
829.063387	290.831410
824.356885	284.991989


