0.000000,15.000000
1.000000,15.000000
2.000000,15.000000
3.000000,15.000000
4.000000,15.000000
5.000000,15.000000
6.000000,15.000000
7.000000,15.000000
8.000000,15.000000
9.000000,15.000000
10.000000,15.000000
11.000000,15.000000
12.000000,15.000000
13.000000,15.000000
14.000000,15.000000
15.000000,15.000000
16.000000,15.000000
17.000000,15.000000
18.000000,15.000000
19.000000,15.000000
20.000000,15.000000
21.000000,15.000000
22.000000,15.000000
23.000000,15.000000
24.000000,15.000000
25.000000,15.000000
26.000000,15.000000
27.000000,15.000000
28.000000,15.000000
29.000000,15.000000
30.000000,15.000000
31.000000,15.000000
32.000000,15.000000
33.000000,15.000000
34.000000,15.000000
35.000000,15.000000
36.000000,15.000000
37.000000,15.000000
38.000000,15.000000
39.000000,15.000000
40.000000,15.000000
41.000000,15.000000
42.000000,15.000000
43.000000,15.000000
44.000000,15.000000
45.000000,15.000000
46.000000,15.000000
47.000000,15.000000
48.000000,15.000000
49.000000,15.000000
50.000000,15.000000
51.000000,15.000000
52.000000,15.000000
53.000000,15.000000
54.000000,15.000000
55.000000,15.000000
56.000000,15.000000
57.000000,15.000000
58.000000,15.000000
59.000000,15.000000
60.000000,15.000000
61.000000,15.000000
62.000000,15.000000
63.000000,15.000000
64.000000,15.000000
65.000000,15.000000
66.000000,15.000000
67.000000,15.000000
68.000000,15.000000
69.000000,15.000000
70.000000,15.000000
71.000000,15.000000
72.000000,15.000000
73.000000,15.000000
74.000000,15.000000
75.000000,15.000000
76.000000,15.000000
77.000000,15.000000
78.000000,15.000000
79.000000,15.000000
80.000000,15.000000
81.000000,15.000000
82.000000,15.000000
83.000000,15.000000
84.000000,15.000000
85.000000,15.000000
86.000000,15.000000
87.000000,15.000000
88.000000,15.000000
89.000000,15.000000
90.000000,15.000000
91.000000,15.000000
92.000000,15.000000
93.000000,15.000000
94.000000,15.000000
95.000000,15.000000
96.000000,15.000000
97.000000,15.000000
98.000000,15.000000
99.000000,15.000000
100.000000,15.000000
101.000000,15.000000
102.000000,15.000000
103.000000,15.000000
104.000000,15.000000
105.000000,15.000000
106.000000,15.000000
107.000000,15.000000
108.000000,15.000000
109.000000,15.000000
110.000000,15.000000
111.000000,15.000000
112.000000,15.000000
113.000000,15.000000
114.000000,15.000000
115.000000,15.000000
116.000000,15.000000
117.000000,15.000000
118.000000,15.000000
119.000000,15.000000
120.000000,15.000000
121.000000,15.000000
122.000000,15.000000
123.000000,15.000000
124.000000,15.000000
125.000000,15.000000
126.000000,15.000000
127.000000,15.000000
128.000000,15.000000
129.000000,15.000000
130.000000,15.000000
131.000000,15.000000
132.000000,15.000000
133.000000,15.000000
134.000000,15.000000
135.000000,15.000000
136.000000,15.000000
137.000000,15.000000
138.000000,15.000000
139.000000,15.000000
140.000000,15.000000
141.000000,15.000000
142.000000,15.000000
143.000000,15.000000
144.000000,15.000000
145.000000,15.000000
146.000000,15.000000
147.000000,15.000000
148.000000,15.000000
149.000000,15.000000
150.000000,15.000000
151.000000,15.000000
152.000000,15.000000
153.000000,15.000000
154.000000,15.000000
155.000000,15.000000
156.000000,15.000000
157.000000,15.000000
158.000000,15.000000
159.000000,15.000000
160.000000,15.000000
161.000000,15.000000
162.000000,15.000000
163.000000,15.000000
164.000000,15.000000
165.000000,15.000000
166.000000,15.000000
167.000000,15.000000
168.000000,15.000000
169.000000,15.000000
170.000000,15.000000
171.000000,15.000000
172.000000,15.000000
173.000000,15.000000
174.000000,15.000000
175.000000,15.000000
176.000000,15.000000
177.000000,15.000000
178.000000,15.000000
179.000000,15.000000
180.000000,15.000000
181.000000,15.000000
182.000000,15.000000
183.000000,15.000000
184.000000,15.000000
185.000000,15.000000
186.000000,15.000000
187.000000,15.000000
188.000000,15.000000
189.000000,15.000000
190.000000,15.000000
191.000000,15.000000
192.000000,15.000000
193.000000,15.000000
194.000000,15.000000
195.000000,15.000000
196.000000,15.000000
197.000000,15.000000
198.000000,15.000000
199.000000,15.000000
200.000000,15.000000
201.000000,15.000000
202.000000,15.000000
203.000000,15.000000
204.000000,15.000000
205.000000,15.000000
206.000000,15.000000
207.000000,15.000000
208.000000,15.000000
209.000000,15.000000
210.000000,15.000000
211.000000,15.000000
212.000000,15.000000
213.000000,15.000000
214.000000,15.000000
215.000000,15.000000
216.000000,15.000000
217.000000,15.000000
218.000000,15.000000
219.000000,15.000000
220.000000,15.000000
221.000000,15.000000
222.000000,15.000000
223.000000,15.000000
224.000000,15.000000
225.000000,15.000000
226.000000,15.000000
227.000000,15.000000
228.000000,15.000000
229.000000,15.000000
230.000000,15.000000
231.000000,15.000000
232.000000,15.000000
233.000000,15.000000
234.000000,15.000000
235.000000,15.000000
236.000000,15.000000
237.000000,15.000000
238.000000,15.000000
239.000000,15.000000
240.000000,15.000000
241.000000,15.000000
242.000000,15.000000
243.000000,15.000000
244.000000,15.000000
245.000000,15.000000
246.000000,15.000000
247.000000,15.000000
248.000000,15.000000
249.000000,15.000000
250.000000,15.000000
251.000000,15.000000
252.000000,15.000000
253.000000,15.000000
254.000000,15.000000
255.000000,15.000000
256.000000,15.000000
257.000000,15.000000
258.000000,15.000000
259.000000,15.000000
260.000000,15.000000
261.000000,15.000000
262.000000,15.000000
263.000000,15.000000
264.000000,15.000000
265.000000,15.000000
266.000000,15.000000
267.000000,15.000000
268.000000,15.000000
269.000000,15.000000
270.000000,15.000000
271.000000,15.000000
272.000000,15.000000
273.000000,15.000000
274.000000,15.000000
275.000000,15.000000
276.000000,15.000000
277.000000,15.000000
278.000000,15.000000
279.000000,15.000000
280.000000,15.000000
281.000000,15.000000
282.000000,15.000000
283.000000,15.000000
284.000000,15.000000
285.000000,15.000000
286.000000,15.000000
287.000000,15.000000
288.000000,15.000000
289.000000,15.000000
290.000000,15.000000
291.000000,15.000000
292.000000,15.000000
293.000000,15.000000
294.000000,15.000000
295.000000,15.000000
296.000000,15.000000
297.000000,15.000000
298.000000,15.000000
299.000000,15.000000
300.000000,15.000000
301.000000,15.000000
302.000000,15.000000
303.000000,15.000000
304.000000,15.000000
305.000000,15.000000
306.000000,15.000000
307.000000,15.000000
308.000000,15.000000
309.000000,15.000000
310.000000,15.000000
311.000000,15.000000
312.000000,15.000000
313.000000,15.000000
314.000000,15.000000
315.000000,15.000000
316.000000,15.000000
317.000000,15.000000
318.000000,15.000000
319.000000,15.000000
320.000000,15.000000
321.000000,15.000000
322.000000,15.000000
323.000000,15.000000
324.083268,14.995986
325.213241,14.973627
326.342655,14.931654
327.471170,14.870081
328.598447,14.788926
329.724144,14.688214
330.847924,14.567974
331.969446,14.428244
333.088374,14.269064
334.204370,14.090484
335.317098,13.892557
336.426222,13.675342
337.531408,13.438906
338.632322,13.183319
339.728634,12.908659
340.820012,12.615007
341.906129,12.302454
342.986655,11.971092
344.061266,11.621022
345.129638,11.252350
346.191449,10.865186
347.246378,10.459647
348.294108,10.035855
349.334323,9.593939
350.366710,9.134030
351.386678,8.658316
352.289505,8.228310
353.192331,7.798304
354.095157,7.368299
354.997983,6.938293
355.900809,6.508287
356.803635,6.078282
357.706462,5.648276
358.609288,5.218271
359.512114,4.788265
360.414940,4.358259
361.317766,3.928254
362.220592,3.498248
363.123418,3.068242
364.026245,2.638237
364.929071,2.208231
365.831897,1.778225
366.734723,1.348220
367.637549,0.918214
368.540375,0.488208
369.443202,0.058203
370.346028,-0.371803
371.248854,-0.801809
372.151680,-1.231814
373.054506,-1.661820
373.957332,-2.091826
374.860159,-2.521831
375.762985,-2.951837
376.665811,-3.381843
377.568637,-3.811848
378.471463,-4.241854
379.374289,-4.671860
380.277116,-5.101865
381.179942,-5.531871
382.082768,-5.961877
382.985594,-6.391882
383.888420,-6.821888
384.791246,-7.251894
385.694073,-7.681899
386.596899,-8.111905
387.499725,-8.541911
388.402551,-8.971916
389.305377,-9.401922
390.208203,-9.831927
391.111030,-10.261933
392.013856,-10.691939
392.916682,-11.121944
393.819508,-11.551950
394.722334,-11.981956
395.625160,-12.411961
396.527986,-12.841967
397.430813,-13.271973
398.333639,-13.701978
399.236465,-14.131984
400.139291,-14.561990
401.042117,-14.991995
401.944943,-15.422001
402.847770,-15.852007
403.750596,-16.282012
404.653422,-16.712018
405.556248,-17.142024
406.459074,-17.572029
407.361900,-18.002035
408.264727,-18.432041
409.167553,-18.862046
410.070379,-19.292052
410.973205,-19.722058
411.876031,-20.152063
412.778857,-20.582069
413.681684,-21.012075
414.584510,-21.442080
415.487336,-21.872086
416.390163,-22.302092
417.292989,-22.732097
418.195816,-23.162103
419.098642,-23.592109
420.001469,-24.022114
420.904295,-24.452120
421.807121,-24.882125
422.709948,-25.312131
423.612774,-25.742137
424.515601,-26.172142
425.418427,-26.602148
426.321254,-27.032154
427.224080,-27.462159
428.126907,-27.892165
429.029733,-28.322171
429.932560,-28.752176
430.835386,-29.182182
431.738213,-29.612188
432.641039,-30.042193
433.543866,-30.472199
434.446692,-30.902205
435.349519,-31.332210
436.252345,-31.762216
437.155172,-32.192222
438.057998,-32.622227
438.960825,-33.052233
439.863651,-33.482239
440.766478,-33.912244
441.669304,-34.342250
442.572131,-34.772256
443.474957,-35.202261
444.377783,-35.632267
445.280610,-36.062273
446.183436,-36.492278
447.086263,-36.922284
447.989089,-37.352290
448.891916,-37.782295
449.794742,-38.212301
450.697569,-38.642307
451.600395,-39.072312
452.503222,-39.502318
453.406048,-39.932324
454.308875,-40.362329
455.211701,-40.792335
456.114528,-41.222341
457.017354,-41.652346
457.920181,-42.082352
458.823007,-42.512358
459.725834,-42.942363
460.628660,-43.372369
461.531487,-43.802375
462.434313,-44.232380
463.337140,-44.662386
464.239966,-45.092392
465.142792,-45.522397
466.045619,-45.952403
466.948445,-46.382409
467.851272,-46.812414
468.754098,-47.242420
469.656925,-47.672426
470.559751,-48.102431
471.462577,-48.532437
472.365404,-48.962443
473.268230,-49.392449
474.171057,-49.822454
475.073883,-50.252460
475.976710,-50.682466
476.879536,-51.112471
477.782362,-51.542477
478.685189,-51.972483
479.588015,-52.402488
480.490842,-52.832494
481.393668,-53.262500
482.296495,-53.692506
483.199321,-54.122511
484.102148,-54.552517
485.004974,-54.982523
485.907800,-55.412528
486.810627,-55.842534
487.713453,-56.272540
488.616280,-56.702545
489.519106,-57.132551
490.421933,-57.562557
491.324759,-57.992563
492.227585,-58.422568
493.130412,-58.852574
494.033238,-59.282580
494.936065,-59.712585
495.838891,-60.142591
496.741718,-60.572597
497.644544,-61.002602
498.547370,-61.432608
499.450197,-61.862614
500.353023,-62.292620
501.255850,-62.722625
502.158676,-63.152631
503.061503,-63.582637
503.964329,-64.012642
504.867156,-64.442648
505.769982,-64.872654
506.672808,-65.302659
507.575635,-65.732665
508.478461,-66.162671
509.381288,-66.592677
510.284114,-67.022682
511.186941,-67.452688
512.089767,-67.882694
512.992593,-68.312699
513.771455,-68.675253
514.550460,-69.019238
515.336119,-69.347741
516.128124,-69.660634
516.926166,-69.957794
517.729931,-70.239104
518.539105,-70.504455
519.353372,-70.753743
520.172412,-70.986870
520.995904,-71.203745
521.823526,-71.404282
522.654955,-71.588404
523.489864,-71.756039
524.327927,-71.907119
525.168815,-72.041588
526.012199,-72.159391
526.857749,-72.260482
527.705134,-72.344823
528.554021,-72.412380
529.404080,-72.463126
530.254976,-72.497042
531.106376,-72.514115
531.957948,-72.514337
532.809357,-72.497709
533.660271,-72.464237
534.510355,-72.413935
535.359278,-72.346821
536.206707,-72.262923
537.052310,-72.162273
537.895755,-72.044910
538.736713,-71.910881
539.574855,-71.760238
540.409851,-71.593040
541.241376,-71.409352
542.069103,-71.209246
542.892708,-70.992802
543.711870,-70.760102
544.526266,-70.511240
545.335579,-70.246311
546.139491,-69.965420
546.937688,-69.668677
547.729856,-69.356198
548.515687,-69.028105
549.294871,-68.684527
550.067104,-68.325598
550.832085,-67.951460
551.589512,-67.562257
552.339089,-67.158143
553.080524,-66.739277
553.813525,-66.305821
554.537805,-65.857946
555.253082,-65.395828
555.959074,-64.919646
556.655506,-64.429588
557.342105,-63.925846
558.018602,-63.408616
558.684731,-62.878101
559.340233,-62.334509
559.984850,-61.778054
560.618330,-61.208952
561.240425,-60.627426
561.850892,-60.033705
562.449491,-59.428020
563.035988,-58.810610
563.610153,-58.181715
564.171762,-57.541582
564.720594,-56.890462
565.256435,-56.228609
565.779074,-55.556284
566.288308,-54.873748
566.783937,-54.181269
567.265766,-53.479119
567.733607,-52.767572
568.187278,-52.046908
568.626599,-51.317407
569.051400,-50.579356
569.461513,-49.833044
569.856778,-49.078764
570.237041,-48.316809
570.602153,-47.547480
570.951970,-46.771076
571.286356,-45.987903
571.605179,-45.198266
571.908316,-44.402476
572.195646,-43.600843
572.467058,-42.793681
572.722445,-41.981307
572.968796,-41.140154
573.243450,-40.178611
573.518104,-39.217068
573.792757,-38.255525
574.067411,-37.293982
574.342065,-36.332439
574.616719,-35.370896
574.891373,-34.409353
575.166027,-33.447810
575.440681,-32.486267
575.715334,-31.524724
575.989988,-30.563181
576.264642,-29.601638
576.539296,-28.640094
576.813950,-27.678551
577.088604,-26.717008
577.363257,-25.755465
577.637911,-24.793922
577.912565,-23.832379
578.187219,-22.870836
578.461873,-21.909293
578.736527,-20.947750
579.011180,-19.986207
579.285834,-19.024664
579.560488,-18.063121
579.835142,-17.101578
580.109796,-16.140035
580.384450,-15.178492
580.659103,-14.216948
580.933757,-13.255405
581.208411,-12.293862
581.483065,-11.332319
581.757719,-10.370776
582.032373,-9.409233
582.307026,-8.447690
582.581680,-7.486147
582.856334,-6.524604
583.130988,-5.563061
583.405642,-4.601518
583.680296,-3.639975
583.954950,-2.678432
584.229603,-1.716889
584.504257,-0.755346
584.778911,0.206198
585.053565,1.167741
585.328219,2.129284
585.602873,3.090827
585.877526,4.052370
586.152180,5.013913
586.426834,5.975456
586.701488,6.936999
586.976142,7.898542
587.250796,8.860085
587.525449,9.821628
587.800103,10.783171
588.074757,11.744714
588.349411,12.706257
588.624065,13.667800
588.898719,14.629344
589.173372,15.590887
589.448026,16.552430
589.722680,17.513973
589.997334,18.475516
590.271988,19.437059
590.546642,20.398602
590.821295,21.360145
591.095949,22.321688
591.370603,23.283231
591.645257,24.244774
591.919911,25.206317
592.194565,26.167860
592.469219,27.129403
592.743872,28.090946
593.018526,29.052490
593.293180,30.014033
593.567834,30.975576
593.842488,31.937119
594.117142,32.898662
594.391795,33.860205
594.666449,34.821748
594.941103,35.783291
595.215757,36.744834
595.490411,37.706377
595.765065,38.667920
596.039718,39.629463
596.314372,40.591006
596.589026,41.552549
596.863680,42.514092
597.138334,43.475636
597.412988,44.437179
597.687641,45.398722
597.962295,46.360265
598.236949,47.321808
598.511603,48.283351
598.786257,49.244894
599.060911,50.206437
599.335564,51.167980
599.610218,52.129523
599.884872,53.091066
600.159526,54.052609
600.434180,55.014152
600.708834,55.975695
600.983488,56.937238
601.258141,57.898782
601.532795,58.860325
601.807449,59.821868
602.082103,60.783411
602.356757,61.744954
602.631411,62.706497
602.906064,63.668040
603.180718,64.629583
603.455372,65.591126
603.730026,66.552669
604.004680,67.514212
604.279334,68.475755
604.553987,69.437298
604.828641,70.398841
605.103295,71.360384
605.377949,72.321928
605.673860,73.350906
606.033363,74.506289
606.425080,75.651151
606.848704,76.784595
607.303904,77.905730
607.790322,79.013678
608.307577,80.107570
608.855262,81.186548
609.432949,82.249765
610.040184,83.296387
610.676490,84.325593
611.341370,85.336576
612.034300,86.328544
612.754738,87.300717
613.502119,88.252333
614.275856,89.182647
615.075342,90.090927
615.899951,90.976462
616.749035,91.838558
617.621928,92.676537
618.517946,93.489742
619.436386,94.277536
620.376528,95.039301
621.337633,95.774440
622.318949,96.482374
623.319705,97.162550
624.339116,97.814434
625.376384,98.437514
626.430693,99.031301
627.501217,99.595331
628.587117,100.129160
629.687541,100.632369
630.801625,101.104565
631.849710,101.517644
632.782033,101.879272
633.714355,102.240901
634.646678,102.602529
635.579001,102.964157
636.511324,103.325785
637.443646,103.687413
638.375969,104.049041
639.308292,104.410669
640.240615,104.772297
641.172938,105.133925
642.105260,105.495553
643.037583,105.857181
643.969906,106.218809
644.902229,106.580437
645.834551,106.942065
646.766874,107.303693
647.699197,107.665321
648.631520,108.026949
649.563843,108.388577
650.496165,108.750205
651.428488,109.111833
652.360811,109.473461
653.293134,109.835089
654.225456,110.196717
655.157779,110.558345
656.090102,110.919973
657.022425,111.281601
657.954748,111.643229
658.887070,112.004857
659.819393,112.366485
660.751716,112.728113
661.684039,113.089741
662.616361,113.451369
663.548684,113.812997
664.481007,114.174625
665.413330,114.536253
666.345653,114.897881
667.277975,115.259509
668.210298,115.621137
669.142621,115.982765
670.074944,116.344393
671.007266,116.706021
671.939589,117.067649
672.871912,117.429277
673.804235,117.790906
674.736558,118.152534
675.668880,118.514162
676.601203,118.875790
677.533526,119.237418
678.465849,119.599046
679.398171,119.960674
680.330494,120.322302
681.262817,120.683930
682.195140,121.045558
683.127463,121.407186
684.059785,121.768814
684.992108,122.130442
685.924431,122.492070
686.856754,122.853698
687.789076,123.215326
688.721399,123.576954
689.653722,123.938582
690.586045,124.300210
691.518367,124.661838
692.450690,125.023466
693.383013,125.385094
694.315336,125.746722
695.247659,126.108350
696.179981,126.469978
697.112304,126.831606
698.044627,127.193234
698.976950,127.554862
699.909272,127.916490
700.841595,128.278118
701.773918,128.639746
702.706241,129.001374
703.638564,129.363002
704.570886,129.724630
705.503209,130.086258
706.435532,130.447886
707.367855,130.809514
708.300177,131.171142
709.232500,131.532770
710.164823,131.894398
711.097146,132.256026
711.950790,132.591621
712.785446,132.932382
713.615556,133.284070
714.440979,133.646625
715.261571,134.019984
716.077191,134.404083
716.887699,134.798856
717.692955,135.204235
718.492820,135.620149
719.287156,136.046528
720.075826,136.483297
720.858695,136.930382
721.635628,137.387705
722.406490,137.855187
723.171149,138.332749
723.929474,138.820307
724.681332,139.317777
725.426596,139.825075
726.165136,140.342112
726.896824,140.868800
727.621536,141.405047
728.339147,141.950762
729.049531,142.505849
729.752568,143.070215
730.448135,143.643760
731.136114,144.226387
731.816385,144.817995
732.488831,145.418482
733.153337,146.027744
733.863324,146.691618
734.593409,147.374975
735.323494,148.058332
736.053578,148.741688
736.783663,149.425045
737.513748,150.108402
738.243833,150.791758
738.973917,151.475115
739.704002,152.158472
740.434087,152.841828
741.164172,153.525185
741.894256,154.208542
742.624341,154.891898
743.354426,155.575255
744.084510,156.258612
744.814595,156.941969
745.544680,157.625325
746.274765,158.308682
747.004849,158.992039
747.734934,159.675395
748.465019,160.358752
749.195104,161.042109
749.925188,161.725465
750.655273,162.408822
751.385358,163.092179
752.115442,163.775535
752.845527,164.458892
753.575612,165.142249
754.305697,165.825605
755.035781,166.508962
755.765866,167.192319
756.495951,167.875676
757.226036,168.559032
757.956120,169.242389
758.686205,169.925746
759.416290,170.609102
760.146375,171.292459
760.876459,171.975816
761.606544,172.659172
762.336629,173.342529
763.066713,174.025886
763.796798,174.709242
764.526883,175.392599
765.256968,176.075956
765.987052,176.759312
766.717137,177.442669
767.447222,178.126026
768.177307,178.809382
768.907391,179.492739
769.637476,180.176096
770.367561,180.859453
771.097645,181.542809
771.827730,182.226166
772.557815,182.909523
773.287900,183.592879
774.017984,184.276236
774.748069,184.959593
775.478154,185.642949
776.208239,186.326306
776.938323,187.009663
777.668408,187.693019
778.398493,188.376376
779.128578,189.059733
779.858662,189.743089
780.588747,190.426446
781.318832,191.109803
782.048916,191.793159
782.779001,192.476516
783.509086,193.159873
784.239171,193.843230
784.969255,194.526586
785.699340,195.209943
786.429425,195.893300
787.159510,196.576656
787.889594,197.260013
788.619679,197.943370
789.349764,198.626726
790.079848,199.310083
790.809933,199.993440
791.540018,200.676796
792.270103,201.360153
793.000187,202.043510
793.730272,202.726866
794.460357,203.410223
795.190442,204.093580
795.920526,204.776936
796.650611,205.460293
797.380696,206.143650
798.110781,206.827007
798.840865,207.510363
799.570950,208.193720
800.301035,208.877077
801.031119,209.560433
801.761204,210.243790
802.491289,210.927147
803.221374,211.610503
803.951458,212.293860
804.681543,212.977217
805.411628,213.660573
806.141713,214.343930
806.871797,215.027287
807.601882,215.710643
808.331967,216.394000
809.062051,217.077357
809.792136,217.760713
810.522221,218.444070
811.252306,219.127427
811.982390,219.810784
812.712475,220.494140
813.442560,221.177497
814.172645,221.860854
814.902729,222.544210
815.632814,223.227567
816.362899,223.910924
817.092984,224.594280
817.823068,225.277637
818.553153,225.960994
819.283238,226.644350
820.013322,227.327707
820.743407,228.011064
821.473492,228.694420
822.203577,229.377777
822.933661,230.061134
823.663746,230.744491
824.393831,231.427847
825.123916,232.111204
825.854000,232.794561
826.584085,233.477917
827.314170,234.161274
828.044255,234.844631
828.774339,235.527987
829.504424,236.211344
830.234509,236.894701
830.964593,237.578057
831.694678,238.261415
832.424762,238.944772
833.154846,239.628129
833.884930,240.311486
834.615015,240.994843
835.345099,241.678201
836.075183,242.361558
836.805267,243.044915
837.535352,243.728272
838.265436,244.411630
838.995520,245.094987
839.725605,245.778343
840.455689,246.461700
841.185774,247.145057
841.915858,247.828414
842.645943,248.511771
843.376028,249.195128
844.106112,249.878485
844.836197,250.561842
845.566281,251.245199
846.296366,251.928555
847.026450,252.611912
847.756535,253.295269
848.486619,253.978626
849.216704,254.661983
849.946788,255.345340
850.676873,256.028697
851.406958,256.712054
852.137042,257.395410
852.867127,258.078767
853.597211,258.762124
854.327296,259.445481
855.057380,260.128838
855.787465,260.812195
856.517549,261.495552
857.247634,262.178909
857.977719,262.862266
858.707803,263.545622
859.437888,264.228979
860.167972,264.912336
860.898057,265.595693
861.628141,266.279050
862.358226,266.962407
863.088310,267.645764
863.818395,268.329121
864.548479,269.012478
865.278564,269.695834
866.008649,270.379191
866.738733,271.062548
867.468818,271.745905
868.198902,272.429262
868.928987,273.112619
869.659071,273.795976
870.389156,274.479333
871.119240,275.162689
871.849325,275.846046
872.579409,276.529403
873.309494,277.212760
874.039579,277.896117
874.769663,278.579474
875.499748,279.262831
876.229832,279.946188
876.959917,280.629545
877.690001,281.312901
878.420086,281.996258
879.150170,282.679615
879.880255,283.362972
880.610339,284.046329
881.340424,284.729686
882.070509,285.413043
882.800593,286.096400
883.530678,286.779756
884.260762,287.463113
884.990847,288.146470
885.720931,288.829827
886.451016,289.513184
887.181100,290.196541
887.911185,290.879898
888.641269,291.563255
889.371354,292.246612
890.101439,292.929968
890.831523,293.613325
891.561608,294.296682
892.291692,294.980039
893.021777,295.663396
893.751861,296.346753
894.481946,297.030110
895.212030,297.713467
895.942115,298.396823
896.672199,299.080180
897.402284,299.763537
898.132369,300.446894
898.862453,301.130251
899.592538,301.813608
900.322622,302.496965
901.052707,303.180322
901.782791,303.863679
902.512876,304.547035
903.242960,305.230392
903.973045,305.913749
904.703129,306.597106
905.433214,307.280463
906.163299,307.963820
906.893383,308.647177
907.623468,309.330534
908.353552,310.013890
909.083637,310.697247
909.813721,311.380604
910.543806,312.063961
911.273890,312.747318
912.003975,313.430675
912.734059,314.114032
913.464144,314.797389
914.194229,315.480746
914.924313,316.164102
915.654398,316.847459
916.384482,317.530816
917.114567,318.214173
917.844651,318.897530
918.574736,319.580887
919.304820,320.264244
920.034905,320.947601
920.764990,321.630958
921.495074,322.314314
922.225159,322.997671
922.955243,323.681028
923.685328,324.364385
924.415412,325.047742
925.145497,325.731099
925.875581,326.414456
926.605666,327.097813
927.335750,327.781169
928.065835,328.464526
928.795920,329.147883
929.526004,329.831240
930.256089,330.514597
930.986173,331.197954
931.716258,331.881311
932.446342,332.564668
933.176427,333.248025
933.906511,333.931381
934.636596,334.614738
935.366680,335.298095
936.096765,335.981452
936.826850,336.664809
937.556934,337.348166
938.287019,338.031523
939.017103,338.714880
939.747188,339.398236
940.477272,340.081593
941.207357,340.764950
941.937441,341.448307
942.667526,342.131664
943.397610,342.815021
944.127695,343.498378
944.857780,344.181735
945.587864,344.865092
946.317949,345.548448
947.048033,346.231805
947.778118,346.915162
948.508203,347.598519
949.238288,348.281876
949.968372,348.965233
950.698457,349.648589
951.428542,350.331946
952.158626,351.015303
952.888711,351.698660
953.618796,352.382017
954.348881,353.065374
955.078965,353.748730
955.809050,354.432087
956.539135,355.115444
957.269219,355.798801
957.999304,356.482158
958.729389,357.165514
959.459474,357.848871
960.189558,358.532228
960.919643,359.215585
961.649728,359.898942
962.379812,360.582299
963.109897,361.265655
963.839982,361.949012
964.570066,362.632369
965.300151,363.315726
966.030236,363.999083
966.760321,364.682440
967.490405,365.365796
968.220490,366.049153
968.950575,366.732510
969.680659,367.415867
970.410744,368.099224
971.140829,368.782581
971.870914,369.465937
972.600998,370.149294
973.331083,370.832651
974.061168,371.516008
974.791252,372.199365
975.521337,372.882722
976.251422,373.566078
976.981507,374.249435
977.711591,374.932792
978.441676,375.616149
979.171761,376.299506
979.901845,376.982863
980.631930,377.666219
981.362015,378.349576
982.092100,379.032933
982.822184,379.716290
983.552269,380.399647
984.282354,381.083003
985.012438,381.766360
985.742523,382.449717
986.472608,383.133074
987.202693,383.816431
987.932777,384.499788
988.662862,385.183144
989.392947,385.866501
990.123031,386.549858
990.853116,387.233215
991.583201,387.916572
992.313286,388.599929
993.043370,389.283285
993.773455,389.966642
994.503540,390.649999
995.233624,391.333356
995.963709,392.016713
996.693794,392.700070
997.423879,393.383426
998.153963,394.066783
998.884048,394.750140
999.614133,395.433497
1000.344217,396.116854
1001.074302,396.800211
1001.804387,397.483567
1002.534471,398.166924
1003.264556,398.850281
1003.994641,399.533638
1004.724726,400.216995
1005.454810,400.900351
1006.184895,401.583708
1006.914980,402.267065
1007.645064,402.950422
1008.375149,403.633779
1009.105234,404.317136
1009.835319,405.000492
1010.565403,405.683849
1011.295488,406.367206
1012.025573,407.050563
1012.755657,407.733920
1013.485742,408.417277
1014.215827,409.100633
1014.945912,409.783990
1015.675996,410.467347
1016.406081,411.150704
1017.136166,411.834061
1017.866250,412.517418
1018.596335,413.200774
1019.326420,413.884131
1020.056505,414.567488
1020.786589,415.250845
1021.516674,415.934202
1022.246759,416.617559
1022.976843,417.300915
1023.706928,417.984272
1024.437013,418.667629
1025.167098,419.350986
1025.897182,420.034343
1026.627267,420.717700
1027.357352,421.401056
1028.087436,422.084413
1028.817521,422.767770
1029.547606,423.451127
1030.277691,424.134484
1031.007775,424.817840
1031.737860,425.501197
1032.467945,426.184554
1033.198029,426.867911
1033.928114,427.551268
1034.658199,428.234625
1035.388284,428.917981
1036.118368,429.601338
1036.848453,430.284695
1037.578538,430.968052
1038.308622,431.651409
1039.038707,432.334766
1039.768792,433.018122
1040.498877,433.701479
1041.228961,434.384836
1041.959046,435.068193
1042.689131,435.751550
1043.419215,436.434907
1044.149300,437.118263
1044.879385,437.801620
1045.609469,438.484977
1046.339554,439.168334
1047.069638,439.851691
1047.799722,440.535047
1048.529807,441.218404
1049.259891,441.901761
1049.989976,442.585118
1050.720060,443.268474
1051.450144,443.951831
1052.180229,444.635188
1052.910313,445.318545
1053.640397,446.001901
1054.370482,446.685258
1055.100566,447.368615
1055.830650,448.051972
1056.560735,448.735328
1057.290819,449.418685
1058.020903,450.102042
1058.750988,450.785399
1059.481072,451.468755
1060.211156,452.152112
1060.941241,452.835469
1061.671325,453.518826
1062.401409,454.202182
1063.131494,454.885539
1063.861578,455.568896
1064.591662,456.252253
1065.321747,456.935609
1066.051831,457.618966
1066.781915,458.302323
1067.512000,458.985680
1068.242084,459.669036
1068.972168,460.352393
1069.702253,461.035750
1070.432337,461.719107
1071.162421,462.402463
1071.892506,463.085820
1072.622590,463.769177
1073.352674,464.452534
1074.082759,465.135890
1074.812843,465.819247
1075.542927,466.502604
1076.273012,467.185961
1077.003096,467.869317
1077.733180,468.552674
1078.463265,469.236031
1079.193349,469.919388
1079.923433,470.602744
1080.653518,471.286101
1081.383602,471.969458
1082.113686,472.652815
1082.843771,473.336171
1083.573855,474.019528
1084.303939,474.702885
1085.034024,475.386242
1085.764108,476.069598
1086.494192,476.752955
1087.224277,477.436312
1087.954361,478.119669
1088.684445,478.803025
1089.414530,479.486382
1090.144614,480.169739
1090.874698,480.853096
1091.604783,481.536452
1092.334867,482.219809
1093.064951,482.903166
1093.795036,483.586523
1094.525120,484.269879
1095.356112,485.038394
1096.262202,485.834710
1097.189852,486.605802
1098.138362,487.351086
1099.107012,488.069998
1100.095071,488.761994
1101.101790,489.426550
1102.126408,490.063164
1103.168148,490.671353
1104.226224,491.250658
1105.299834,491.800640
1106.388166,492.320883
1107.490395,492.810994
1108.605689,493.270600
1109.733203,493.699355
1110.872084,494.096934
1112.021470,494.463036
1113.180490,494.797385
1114.348270,495.099726
1117.907697,480.528219
1117.139379,480.329297
1116.376823,480.109318
1115.620607,479.868446
1114.871302,479.606865
1114.129476,479.324772
1113.395690,479.022381
1112.670499,478.699921
1111.954453,478.357635
1111.248092,477.995783
1110.551952,477.614639
1109.866559,477.214491
1109.192432,476.795641
1108.530081,476.358407
1107.880007,475.903120
1107.242703,475.430124
1106.618650,474.939778
1106.008320,474.432451
1105.412177,473.908528
1104.775364,473.318585
1104.045280,472.635229
1103.315196,471.951872
1102.585111,471.268515
1101.855027,470.585158
1101.124942,469.901802
1100.394858,469.218445
1099.664774,468.535088
1098.934689,467.851731
1098.204605,467.168375
1097.474521,466.485018
1096.744436,465.801661
1096.014352,465.118304
1095.284268,464.434948
1094.554183,463.751591
1093.824099,463.068234
1093.094015,462.384877
1092.363930,461.701521
1091.633846,461.018164
1090.903762,460.334807
1090.173677,459.651450
1089.443593,458.968094
1088.713509,458.284737
1087.983424,457.601380
1087.253340,456.918023
1086.523256,456.234667
1085.793171,455.551310
1085.063087,454.867953
1084.333003,454.184596
1083.602918,453.501240
1082.872834,452.817883
1082.142750,452.134526
1081.412665,451.451169
1080.682581,450.767813
1079.952497,450.084456
1079.222412,449.401099
1078.492328,448.717742
1077.762244,448.034386
1077.032159,447.351029
1076.302075,446.667672
1075.571991,445.984315
1074.841906,445.300959
1074.111822,444.617602
1073.381738,443.934245
1072.651653,443.250888
1071.921569,442.567532
1071.191485,441.884175
1070.461400,441.200818
1069.731316,440.517461
1069.001232,439.834105
1068.271147,439.150748
1067.541063,438.467391
1066.810979,437.784034
1066.080894,437.100678
1065.350810,436.417321
1064.620726,435.733964
1063.890641,435.050607
1063.160557,434.367251
1062.430473,433.683894
1061.700388,433.000537
1060.970304,432.317180
1060.240220,431.633824
1059.510135,430.950467
1058.780051,430.267110
1058.049967,429.583753
1057.319882,428.900397
1056.589798,428.217040
1055.859714,427.533683
1055.129629,426.850326
1054.399545,426.166969
1053.669461,425.483613
1052.939377,424.800256
1052.209292,424.116899
1051.479208,423.433542
1050.749124,422.750185
1050.019040,422.066828
1049.288955,421.383472
1048.558871,420.700115
1047.828787,420.016758
1047.098702,419.333401
1046.368618,418.650044
1045.638534,417.966688
1044.908450,417.283331
1044.178365,416.599974
1043.448281,415.916617
1042.718197,415.233260
1041.988113,414.549903
1041.258028,413.866547
1040.527944,413.183190
1039.797860,412.499833
1039.067776,411.816476
1038.337691,411.133119
1037.607607,410.449762
1036.877523,409.766406
1036.147438,409.083049
1035.417354,408.399692
1034.687270,407.716335
1033.957186,407.032978
1033.227101,406.349621
1032.497017,405.666265
1031.766933,404.982908
1031.036849,404.299551
1030.306764,403.616194
1029.576680,402.932837
1028.846596,402.249480
1028.116512,401.566124
1027.386427,400.882767
1026.656343,400.199410
1025.926259,399.516053
1025.196175,398.832696
1024.466090,398.149339
1023.736006,397.465983
1023.005922,396.782626
1022.275837,396.099269
1021.545753,395.415912
1020.815669,394.732555
1020.085585,394.049199
1019.355500,393.365842
1018.625416,392.682485
1017.895332,391.999128
1017.165248,391.315771
1016.435163,390.632414
1015.705079,389.949058
1014.974995,389.265701
1014.244911,388.582344
1013.514826,387.898987
1012.784742,387.215630
1012.054658,386.532273
1011.324574,385.848917
1010.594489,385.165560
1009.864405,384.482203
1009.134321,383.798846
1008.404236,383.115489
1007.674152,382.432132
1006.944068,381.748776
1006.213984,381.065419
1005.483899,380.382062
1004.753815,379.698705
1004.023731,379.015348
1003.293647,378.331991
1002.563562,377.648635
1001.833478,376.965278
1001.103394,376.281921
1000.373310,375.598564
999.643225,374.915207
998.913141,374.231851
998.183057,373.548494
997.452973,372.865137
996.722888,372.181780
995.992804,371.498423
995.262720,370.815066
994.532635,370.131710
993.802551,369.448353
993.072467,368.764996
992.342383,368.081639
991.612298,367.398282
990.882214,366.714925
990.152130,366.031569
989.422046,365.348212
988.691961,364.664855
987.961877,363.981498
987.231793,363.298141
986.501709,362.614784
985.771624,361.931428
985.041540,361.248071
984.311456,360.564714
983.581372,359.881357
982.851287,359.198000
982.121203,358.514643
981.391119,357.831287
980.661034,357.147930
979.930950,356.464573
979.200866,355.781216
978.470782,355.097859
977.740697,354.414502
977.010613,353.731146
976.280529,353.047789
975.550445,352.364432
974.820360,351.681075
974.090276,350.997718
973.360192,350.314362
972.630108,349.631005
971.900023,348.947648
971.169939,348.264291
970.439855,347.580934
969.709770,346.897577
968.979686,346.214221
968.249602,345.530864
967.519518,344.847507
966.789433,344.164150
966.059349,343.480793
965.329265,342.797436
964.599181,342.114080
963.869096,341.430723
963.139012,340.747366
962.408928,340.064009
961.678844,339.380652
960.948759,338.697295
960.218675,338.013939
959.488591,337.330582
958.758507,336.647225
958.028422,335.963868
957.298338,335.280511
956.568254,334.597154
955.838169,333.913798
955.108085,333.230441
954.378000,332.547084
953.647916,331.863728
952.917831,331.180371
952.187747,330.497014
951.457662,329.813658
950.727577,329.130301
949.997493,328.446944
949.267408,327.763588
948.537324,327.080231
947.807239,326.396874
947.077155,325.713518
946.347070,325.030161
945.616986,324.346804
944.886901,323.663448
944.156817,322.980091
943.426732,322.296734
942.696647,321.613378
941.966563,320.930021
941.236478,320.246664
940.506394,319.563308
939.776309,318.879951
939.046225,318.196594
938.316140,317.513238
937.586056,316.829881
936.855971,316.146524
936.125887,315.463167
935.395802,314.779811
934.665717,314.096454
933.935633,313.413097
933.205548,312.729741
932.475464,312.046384
931.745379,311.363027
931.015295,310.679671
930.285210,309.996314
929.555126,309.312957
928.825041,308.629601
928.094957,307.946244
927.364872,307.262887
926.634787,306.579531
925.904703,305.896174
925.174618,305.212817
924.444534,304.529461
923.714449,303.846104
922.984365,303.162747
922.254280,302.479391
921.524196,301.796034
920.794111,301.112677
920.064026,300.429321
919.333942,299.745964
918.603857,299.062607
917.873773,298.379251
917.143688,297.695894
916.413604,297.012537
915.683519,296.329181
914.953435,295.645824
914.223350,294.962467
913.493266,294.279111
912.763181,293.595754
912.033096,292.912397
911.303012,292.229040
910.572927,291.545684
909.842843,290.862327
909.112758,290.178970
908.382674,289.495614
907.652589,288.812257
906.922505,288.128900
906.192420,287.445544
905.462336,286.762187
904.732251,286.078830
904.002166,285.395474
903.272082,284.712117
902.541997,284.028760
901.811913,283.345404
901.081828,282.662047
900.351744,281.978690
899.621659,281.295334
898.891575,280.611977
898.161490,279.928620
897.431406,279.245264
896.701321,278.561907
895.971236,277.878550
895.241152,277.195194
894.511067,276.511837
893.780983,275.828480
893.050898,275.145124
892.320814,274.461767
891.590729,273.778410
890.860645,273.095054
890.130560,272.411697
889.400476,271.728340
888.670391,271.044984
887.940306,270.361627
887.210222,269.678270
886.480137,268.994913
885.750053,268.311557
885.019968,267.628200
884.289884,266.944843
883.559799,266.261487
882.829715,265.578130
882.099630,264.894773
881.369546,264.211417
880.639461,263.528060
879.909376,262.844703
879.179292,262.161347
878.449207,261.477990
877.719123,260.794633
876.989038,260.111277
876.258954,259.427920
875.528869,258.744563
874.798785,258.061207
874.068700,257.377850
873.338616,256.694493
872.608531,256.011137
871.878446,255.327780
871.148362,254.644423
870.418277,253.961067
869.688193,253.277710
868.958108,252.594353
868.228024,251.910997
867.497939,251.227640
866.767855,250.544283
866.037770,249.860927
865.307685,249.177570
864.577601,248.494213
863.847516,247.810857
863.117432,247.127500
862.387347,246.444143
861.657263,245.760786
860.927178,245.077430
860.197094,244.394073
859.467009,243.710716
858.736925,243.027360
858.006840,242.344003
857.276755,241.660646
856.546671,240.977290
855.816586,240.293933
855.086502,239.610576
854.356417,238.927220
853.626333,238.243863
852.896248,237.560506
852.166164,236.877150
851.436079,236.193793
850.705995,235.510436
849.975910,234.827080
849.245825,234.143723
848.515741,233.460366
847.785657,232.777009
847.055573,232.093652
846.325488,231.410295
845.595404,230.726937
844.865320,230.043580
844.135236,229.360223
843.405151,228.676866
842.675067,227.993508
841.944983,227.310151
841.214899,226.626794
840.484814,225.943437
839.754729,225.260081
839.024644,224.576724
838.294560,223.893367
837.564475,223.210011
836.834390,222.526654
836.104305,221.843297
835.374221,221.159940
834.644136,220.476584
833.914051,219.793227
833.183967,219.109870
832.453882,218.426514
831.723797,217.743157
830.993712,217.059800
830.263628,216.376444
829.533543,215.693087
828.803458,215.009730
828.073373,214.326374
827.343289,213.643017
826.613204,212.959660
825.883119,212.276304
825.153035,211.592947
824.422950,210.909590
823.692865,210.226233
822.962780,209.542877
822.232696,208.859520
821.502611,208.176163
820.772526,207.492807
820.042441,206.809450
819.312357,206.126093
818.582272,205.442737
817.852187,204.759380
817.122102,204.076023
816.392018,203.392667
815.661933,202.709310
814.931848,202.025953
814.201764,201.342597
813.471679,200.659240
812.741594,199.975883
812.011509,199.292527
811.281425,198.609170
810.551340,197.925813
809.821255,197.242456
809.091170,196.559100
808.361086,195.875743
807.631001,195.192386
806.900916,194.509030
806.170832,193.825673
805.440747,193.142316
804.710662,192.458960
803.980577,191.775603
803.250493,191.092246
802.520408,190.408890
801.790323,189.725533
801.060238,189.042176
800.330154,188.358820
799.600069,187.675463
798.869984,186.992106
798.139899,186.308750
797.409815,185.625393
796.679730,184.942036
795.949645,184.258679
795.219561,183.575323
794.489476,182.891966
793.759391,182.208609
793.029306,181.525253
792.299222,180.841896
791.569137,180.158539
790.839052,179.475183
790.108967,178.791826
789.378883,178.108469
788.648798,177.425113
787.918713,176.741756
787.188629,176.058399
786.458544,175.375043
785.728459,174.691686
784.998374,174.008329
784.268290,173.324973
783.538205,172.641616
782.808120,171.958259
782.078035,171.274902
781.347951,170.591546
780.617866,169.908189
779.887781,169.224832
779.157696,168.541476
778.427612,167.858119
777.697527,167.174762
776.967442,166.491406
776.237358,165.808049
775.507273,165.124692
774.777188,164.441336
774.047103,163.757979
773.317019,163.074622
772.586934,162.391266
771.856849,161.707909
771.126764,161.024552
770.396680,160.341196
769.666595,159.657839
768.936510,158.974482
768.206425,158.291125
767.476341,157.607769
766.746256,156.924412
766.016171,156.241055
765.286087,155.557699
764.556002,154.874342
763.825917,154.190985
763.095832,153.507629
762.365748,152.824272
761.635663,152.140915
760.905578,151.457559
760.175493,150.774202
759.445409,150.090845
758.715324,149.407489
757.985239,148.724132
757.255155,148.040775
756.525070,147.357418
755.794985,146.674062
755.064900,145.990705
754.334816,145.307348
753.604731,144.623992
752.874646,143.940635
752.144561,143.257278
751.414477,142.573922
750.684392,141.890565
749.954307,141.207208
749.224222,140.523852
748.494138,139.840495
747.764053,139.157138
747.033968,138.473782
746.303884,137.790425
745.573799,137.107068
744.843714,136.423712
744.113629,135.740355
743.362655,135.038269
742.553009,134.295934
741.733688,133.564291
740.904833,132.843466
740.066587,132.133584
739.219094,131.434767
738.362501,130.747136
737.496955,130.070808
736.622605,129.405901
735.739603,128.752529
734.848099,128.110804
733.948249,127.480838
733.040206,126.862739
732.124127,126.256612
731.200171,125.662564
730.268496,125.080696
729.329263,124.511108
728.382634,123.953899
727.428772,123.409164
726.467841,122.876998
725.500007,122.357492
724.525437,121.850736
723.544299,121.356816
722.556761,120.875819
721.562994,120.407827
720.563170,119.952921
719.557460,119.511179
718.546038,119.082676
717.529078,118.667488
716.521462,118.271194
715.589140,117.909566
714.656818,117.547938
713.724496,117.186310
712.792174,116.824682
711.859852,116.463054
710.927530,116.101426
709.995208,115.739797
709.062886,115.378169
708.130564,115.016541
707.198242,114.654913
706.265920,114.293285
705.333598,113.931657
704.401275,113.570029
703.468953,113.208401
702.536631,112.846773
701.604309,112.485145
700.671987,112.123517
699.739665,111.761889
698.807343,111.400261
697.875021,111.038633
696.942699,110.677005
696.010377,110.315377
695.078055,109.953749
694.145733,109.592121
693.213411,109.230493
692.281089,108.868865
691.348767,108.507237
690.416445,108.145609
689.484122,107.783981
688.551800,107.422353
687.619478,107.060725
686.687156,106.699097
685.754834,106.337469
684.822512,105.975841
683.890190,105.614213
682.957868,105.252585
682.025546,104.890957
681.093224,104.529329
680.160902,104.167701
679.228580,103.806073
678.296258,103.444445
677.363936,103.082817
676.431614,102.721189
675.499292,102.359561
674.566969,101.997933
673.634647,101.636305
672.702325,101.274677
671.770003,100.913049
670.837681,100.551421
669.905359,100.189793
668.973037,99.828164
668.040715,99.466536
667.108393,99.104908
666.176071,98.743280
665.243749,98.381652
664.311427,98.020024
663.379105,97.658396
662.446783,97.296768
661.514461,96.935140
660.582139,96.573512
659.649816,96.211884
658.717494,95.850256
657.785172,95.488628
656.852850,95.127000
655.920528,94.765372
654.988206,94.403744
654.055884,94.042116
653.123562,93.680488
652.191240,93.318860
651.258918,92.957232
650.326596,92.595604
649.394274,92.233976
648.461952,91.872348
647.529630,91.510720
646.597308,91.149092
645.664986,90.787464
644.732663,90.425836
643.800341,90.064208
642.868019,89.702580
641.935697,89.340952
641.003375,88.979324
640.071053,88.617696
639.138731,88.256068
638.206409,87.894440
637.274087,87.532812
636.461219,87.213229
635.733934,86.904975
635.015566,86.576474
634.306679,86.227985
633.607829,85.859781
632.919565,85.472150
632.242426,85.065397
631.576943,84.639841
630.923639,84.195815
630.283026,83.733668
629.655606,83.253762
629.041872,82.756474
628.442305,82.242194
627.857375,81.711324
627.287540,81.164283
626.733249,80.601498
626.194936,80.023412
625.673023,79.430477
625.167919,78.823158
624.680021,78.201933
624.209712,77.567289
623.757359,76.919722
623.323319,76.259741
622.907931,75.587865
622.511522,74.904619
622.134402,74.210540
621.776867,73.506172
621.439198,72.792068
621.121659,72.068788
620.824500,71.336899
620.547953,70.596975
620.292236,69.849597
620.057549,69.095351
619.801106,68.202119
619.526452,67.240576
619.251798,66.279033
618.977144,65.317490
618.702490,64.355947
618.427836,63.394404
618.153183,62.432861
617.878529,61.471318
617.603875,60.509775
617.329221,59.548232
617.054567,58.586689
616.779913,57.625146
616.505260,56.663603
616.230606,55.702059
615.955952,54.740516
615.681298,53.778973
615.406644,52.817430
615.131990,51.855887
614.857337,50.894344
614.582683,49.932801
614.308029,48.971258
614.033375,48.009715
613.758721,47.048172
613.484067,46.086629
613.209414,45.125086
612.934760,44.163543
612.660106,43.202000
612.385452,42.240457
612.110798,41.278913
611.836144,40.317370
611.561491,39.355827
611.286837,38.394284
611.012183,37.432741
610.737529,36.471198
610.462875,35.509655
610.188221,34.548112
609.913567,33.586569
609.638914,32.625026
609.364260,31.663483
609.089606,30.701940
608.814952,29.740397
608.540298,28.778854
608.265644,27.817311
607.990991,26.855767
607.716337,25.894224
607.441683,24.932681
607.167029,23.971138
606.892375,23.009595
606.617721,22.048052
606.343068,21.086509
606.068414,20.124966
605.793760,19.163423
605.519106,18.201880
605.244452,17.240337
604.969798,16.278794
604.695145,15.317251
604.420491,14.355708
604.145837,13.394165
603.871183,12.432621
603.596529,11.471078
603.321875,10.509535
603.047222,9.547992
602.772568,8.586449
602.497914,7.624906
602.223260,6.663363
601.948606,5.701820
601.673952,4.740277
601.399298,3.778734
601.124645,2.817191
600.849991,1.855648
600.575337,0.894105
600.300683,-0.067438
600.026029,-1.028981
599.751375,-1.990525
599.476722,-2.952068
599.202068,-3.913611
598.927414,-4.875154
598.652760,-5.836697
598.378106,-6.798240
598.103452,-7.759783
597.828799,-8.721326
597.554145,-9.682869
597.279491,-10.644412
597.004837,-11.605955
596.730183,-12.567498
596.455529,-13.529041
596.180876,-14.490584
595.906222,-15.452127
595.631568,-16.413671
595.356914,-17.375214
595.082260,-18.336757
594.807606,-19.298300
594.532953,-20.259843
594.258299,-21.221386
593.983645,-22.182929
593.708991,-23.144472
593.434337,-24.106015
593.159683,-25.067558
592.885029,-26.029101
592.610376,-26.990644
592.335722,-27.952187
592.061068,-28.913730
591.786414,-29.875273
591.511760,-30.836817
591.237106,-31.798360
590.962453,-32.759903
590.687799,-33.721446
590.413145,-34.682989
590.138491,-35.644532
589.863837,-36.606075
589.589183,-37.567618
589.314530,-38.529161
589.039876,-39.490704
588.765222,-40.452247
588.490568,-41.413790
588.215914,-42.375333
587.941260,-43.336876
587.666607,-44.298419
587.391953,-45.259963
587.075801,-46.338017
586.731396,-47.433552
586.365381,-48.522057
585.977899,-49.603107
585.569102,-50.676279
585.139149,-51.741151
584.688210,-52.797307
584.216461,-53.844333
583.724086,-54.881820
583.211279,-55.909361
582.678240,-56.926553
582.125178,-57.932999
581.552309,-58.928305
580.959858,-59.912080
580.348057,-60.883939
579.717145,-61.843502
579.067369,-62.790394
578.398985,-63.724243
577.712252,-64.644683
577.007442,-65.551354
576.284828,-66.443902
575.544695,-67.321977
574.787333,-68.185234
574.013037,-69.033336
573.222111,-69.865951
572.414865,-70.682753
571.591614,-71.483421
570.752682,-72.267643
569.898396,-73.035111
569.029091,-73.785525
568.145108,-74.518591
567.246793,-75.234022
566.334497,-75.931537
565.408578,-76.610864
564.469398,-77.271737
563.517325,-77.913896
562.552732,-78.537091
561.575996,-79.141077
560.587500,-79.725617
559.587632,-80.290484
558.576782,-80.835456
557.555346,-81.360318
556.523725,-81.864867
555.482322,-82.348904
554.431546,-82.812239
553.371806,-83.254692
552.303520,-83.676089
551.227104,-84.076265
550.142981,-84.455063
549.051574,-84.812335
547.953312,-85.147941
546.848624,-85.461750
545.737943,-85.753639
544.621704,-86.023493
543.500343,-86.271207
542.374301,-86.496684
541.244017,-86.699835
540.109935,-86.880582
538.972498,-87.038852
537.832153,-87.174585
536.689345,-87.287727
535.544521,-87.378234
534.398132,-87.446070
533.250624,-87.491209
532.102448,-87.513632
530.954052,-87.513333
529.805888,-87.490309
528.658404,-87.444572
527.512050,-87.376137
526.367274,-87.285033
525.224525,-87.171294
524.084250,-87.034966
522.946897,-86.876102
521.812909,-86.694764
520.682732,-86.491022
519.556807,-86.264958
518.435576,-86.016658
517.319478,-85.746222
516.208949,-85.453753
515.104425,-85.139368
514.006338,-84.803188
512.915118,-84.445346
511.831193,-84.065982
510.754986,-83.665245
509.686920,-83.243290
508.627411,-82.800285
507.576877,-82.336401
506.542520,-81.855088
505.639694,-81.425083
504.736867,-80.995077
503.834041,-80.565071
502.931214,-80.135065
502.028388,-79.705060
501.125562,-79.275054
500.222735,-78.845048
499.319909,-78.415043
498.417082,-77.985037
497.514256,-77.555031
496.611429,-77.125026
495.708603,-76.695020
494.805777,-76.265014
493.902950,-75.835008
493.000124,-75.405003
492.097297,-74.974997
491.194471,-74.544991
490.291644,-74.114986
489.388818,-73.684980
488.485992,-73.254974
487.583165,-72.824969
486.680339,-72.394963
485.777512,-71.964957
484.874686,-71.534951
483.971859,-71.104946
483.069033,-70.674940
482.166206,-70.244934
481.263380,-69.814929
480.360554,-69.384923
479.457727,-68.954917
478.554901,-68.524912
477.652074,-68.094906
476.749248,-67.664900
475.846421,-67.234894
474.943595,-66.804889
474.040769,-66.374883
473.137942,-65.944877
472.235116,-65.514872
471.332289,-65.084866
470.429463,-64.654860
469.526636,-64.224855
468.623810,-63.794849
467.720984,-63.364843
466.818157,-62.934837
465.915331,-62.504832
465.012504,-62.074826
464.109678,-61.644820
463.206851,-61.214815
462.304025,-60.784809
461.401198,-60.354803
460.498372,-59.924798
459.595546,-59.494792
458.692719,-59.064786
457.789893,-58.634781
456.887066,-58.204775
455.984240,-57.774769
455.081413,-57.344763
454.178587,-56.914758
453.275760,-56.484752
452.372934,-56.054746
451.470107,-55.624741
450.567281,-55.194735
449.664454,-54.764729
448.761628,-54.334724
447.858802,-53.904718
446.955975,-53.474713
446.053149,-53.044707
445.150322,-52.614701
444.247496,-52.184696
443.344669,-51.754690
442.441843,-51.324684
441.539016,-50.894679
440.636190,-50.464673
439.733363,-50.034667
438.830537,-49.604662
437.927710,-49.174656
437.024884,-48.744650
436.122057,-48.314645
435.219231,-47.884639
434.316404,-47.454633
433.413578,-47.024628
432.510751,-46.594622
431.607925,-46.164616
430.705098,-45.734611
429.802272,-45.304605
428.899445,-44.874599
427.996619,-44.444594
427.093792,-44.014588
426.190966,-43.584582
425.288140,-43.154577
424.385313,-42.724571
423.482487,-42.294565
422.579660,-41.864560
421.676834,-41.434554
420.774007,-41.004548
419.871181,-40.574543
418.968354,-40.144537
418.065528,-39.714531
417.162701,-39.284526
416.259875,-38.854520
415.357048,-38.424514
414.454222,-37.994509
413.551395,-37.564503
412.648569,-37.134497
411.745742,-36.704492
410.842916,-36.274486
409.940089,-35.844480
409.037263,-35.414475
408.134437,-34.984469
407.231610,-34.554463
406.328784,-34.124458
405.425958,-33.694452
404.523132,-33.264447
403.620306,-32.834441
402.717480,-32.404435
401.814653,-31.974430
400.911827,-31.544424
400.009001,-31.114418
399.106175,-30.684413
398.203349,-30.254407
397.300523,-29.824401
396.397696,-29.394396
395.494870,-28.964390
394.592044,-28.534384
393.689218,-28.104379
392.786392,-27.674373
391.883566,-27.244367
390.980739,-26.814362
390.077913,-26.384356
389.175087,-25.954350
388.272261,-25.524345
387.369435,-25.094339
386.466609,-24.664333
385.563782,-24.234328
384.660956,-23.804322
383.758130,-23.374316
382.855304,-22.944311
381.952478,-22.514305
381.049652,-22.084299
380.146825,-21.654294
379.243999,-21.224288
378.341173,-20.794282
377.438347,-20.364277
376.535521,-19.934271
375.632695,-19.504265
374.729868,-19.074260
373.827042,-18.644254
372.924216,-18.214249
372.021390,-17.784243
371.118564,-17.354237
370.215738,-16.924232
369.312912,-16.494226
368.410085,-16.064220
367.507259,-15.634215
366.604433,-15.204209
365.701607,-14.774203
364.798781,-14.344198
363.895955,-13.914192
362.993128,-13.484186
362.090302,-13.054181
361.187476,-12.624175
360.284650,-12.194169
359.381824,-11.764164
358.478998,-11.334158
357.576171,-10.904152
356.673345,-10.474147
355.770519,-10.044141
354.867693,-9.614135
353.964867,-9.184130
353.062041,-8.754124
352.159214,-8.324118
351.256388,-7.894113
350.353562,-7.464107
349.450736,-7.034101
348.547910,-6.604096
347.645084,-6.174090
346.742257,-5.744084
345.839431,-5.314079
344.936605,-4.884073
344.144071,-4.514368
343.349561,-4.160429
342.549026,-3.820336
341.742707,-3.494192
340.930849,-3.182095
340.113694,-2.884139
339.291490,-2.600413
338.464485,-2.331005
337.632927,-2.075993
336.797067,-1.835457
335.957158,-1.609467
335.113452,-1.398092
334.266203,-1.201396
333.415668,-1.019438
332.562102,-0.852273
331.705762,-0.699951
330.846908,-0.562518
329.985796,-0.440016
329.122688,-0.332481
328.257843,-0.239946
327.391523,-0.162439
326.523987,-0.099984
325.655497,-0.052598
324.786316,-0.020296
323.916705,-0.003089
323.000000,0.000000
322.000000,0.000000
321.000000,0.000000
320.000000,0.000000
319.000000,0.000000
318.000000,0.000000
317.000000,0.000000
316.000000,0.000000
315.000000,0.000000
314.000000,0.000000
313.000000,0.000000
312.000000,0.000000
311.000000,0.000000
310.000000,0.000000
309.000000,0.000000
308.000000,0.000000
307.000000,0.000000
306.000000,0.000000
305.000000,0.000000
304.000000,0.000000
303.000000,0.000000
302.000000,0.000000
301.000000,0.000000
300.000000,0.000000
299.000000,0.000000
298.000000,0.000000
297.000000,0.000000
296.000000,0.000000
295.000000,0.000000
294.000000,0.000000
293.000000,0.000000
292.000000,0.000000
291.000000,0.000000
290.000000,0.000000
289.000000,0.000000
288.000000,0.000000
287.000000,0.000000
286.000000,0.000000
285.000000,0.000000
284.000000,0.000000
283.000000,0.000000
282.000000,0.000000
281.000000,0.000000
280.000000,0.000000
279.000000,0.000000
278.000000,0.000000
277.000000,0.000000
276.000000,0.000000
275.000000,0.000000
274.000000,0.000000
273.000000,0.000000
272.000000,0.000000
271.000000,0.000000
270.000000,0.000000
269.000000,0.000000
268.000000,0.000000
267.000000,0.000000
266.000000,0.000000
265.000000,0.000000
264.000000,0.000000
263.000000,0.000000
262.000000,0.000000
261.000000,0.000000
260.000000,0.000000
259.000000,0.000000
258.000000,0.000000
257.000000,0.000000
256.000000,0.000000
255.000000,0.000000
254.000000,0.000000
253.000000,0.000000
252.000000,0.000000
251.000000,0.000000
250.000000,0.000000
249.000000,0.000000
248.000000,0.000000
247.000000,0.000000
246.000000,0.000000
245.000000,0.000000
244.000000,0.000000
243.000000,0.000000
242.000000,0.000000
241.000000,0.000000
240.000000,0.000000
239.000000,0.000000
238.000000,0.000000
237.000000,0.000000
236.000000,0.000000
235.000000,0.000000
234.000000,0.000000
233.000000,0.000000
232.000000,0.000000
231.000000,0.000000
230.000000,0.000000
229.000000,0.000000
228.000000,0.000000
227.000000,0.000000
226.000000,0.000000
225.000000,0.000000
224.000000,0.000000
223.000000,0.000000
222.000000,0.000000
221.000000,0.000000
220.000000,0.000000
219.000000,0.000000
218.000000,0.000000
217.000000,0.000000
216.000000,0.000000
215.000000,0.000000
214.000000,0.000000
213.000000,0.000000
212.000000,0.000000
211.000000,0.000000
210.000000,0.000000
209.000000,0.000000
208.000000,0.000000
207.000000,0.000000
206.000000,0.000000
205.000000,0.000000
204.000000,0.000000
203.000000,0.000000
202.000000,0.000000
201.000000,0.000000
200.000000,0.000000
199.000000,0.000000
198.000000,0.000000
197.000000,0.000000
196.000000,0.000000
195.000000,0.000000
194.000000,0.000000
193.000000,0.000000
192.000000,0.000000
191.000000,0.000000
190.000000,0.000000
189.000000,0.000000
188.000000,0.000000
187.000000,0.000000
186.000000,0.000000
185.000000,0.000000
184.000000,0.000000
183.000000,0.000000
182.000000,0.000000
181.000000,0.000000
180.000000,0.000000
179.000000,0.000000
178.000000,0.000000
177.000000,0.000000
176.000000,0.000000
175.000000,0.000000
174.000000,0.000000
173.000000,0.000000
172.000000,0.000000
171.000000,0.000000
170.000000,0.000000
169.000000,0.000000
168.000000,0.000000
167.000000,0.000000
166.000000,0.000000
165.000000,0.000000
164.000000,0.000000
163.000000,0.000000
162.000000,0.000000
161.000000,0.000000
160.000000,0.000000
159.000000,0.000000
158.000000,0.000000
157.000000,0.000000
156.000000,0.000000
155.000000,0.000000
154.000000,0.000000
153.000000,0.000000
152.000000,0.000000
151.000000,0.000000
150.000000,0.000000
149.000000,0.000000
148.000000,0.000000
147.000000,0.000000
146.000000,0.000000
145.000000,0.000000
144.000000,0.000000
143.000000,0.000000
142.000000,0.000000
141.000000,0.000000
140.000000,0.000000
139.000000,0.000000
138.000000,0.000000
137.000000,0.000000
136.000000,0.000000
135.000000,0.000000
134.000000,0.000000
133.000000,0.000000
132.000000,0.000000
131.000000,0.000000
130.000000,0.000000
129.000000,0.000000
128.000000,0.000000
127.000000,0.000000
126.000000,0.000000
125.000000,0.000000
124.000000,0.000000
123.000000,0.000000
122.000000,0.000000
121.000000,0.000000
120.000000,0.000000
119.000000,0.000000
118.000000,0.000000
117.000000,0.000000
116.000000,0.000000
115.000000,0.000000
114.000000,0.000000
113.000000,0.000000
112.000000,0.000000
111.000000,0.000000
110.000000,0.000000
109.000000,0.000000
108.000000,0.000000
107.000000,0.000000
106.000000,0.000000
105.000000,0.000000
104.000000,0.000000
103.000000,0.000000
102.000000,0.000000
101.000000,0.000000
100.000000,0.000000
99.000000,0.000000
98.000000,0.000000
97.000000,0.000000
96.000000,0.000000
95.000000,0.000000
94.000000,0.000000
93.000000,0.000000
92.000000,0.000000
91.000000,0.000000
90.000000,0.000000
89.000000,0.000000
88.000000,0.000000
87.000000,0.000000
86.000000,0.000000
85.000000,0.000000
84.000000,0.000000
83.000000,0.000000
82.000000,0.000000
81.000000,0.000000
80.000000,0.000000
79.000000,0.000000
78.000000,0.000000
77.000000,0.000000
76.000000,0.000000
75.000000,0.000000
74.000000,0.000000
73.000000,0.000000
72.000000,0.000000
71.000000,0.000000
70.000000,0.000000
69.000000,0.000000
68.000000,0.000000
67.000000,0.000000
66.000000,0.000000
65.000000,0.000000
64.000000,0.000000
63.000000,0.000000
62.000000,0.000000
61.000000,0.000000
60.000000,0.000000
59.000000,0.000000
58.000000,0.000000
57.000000,0.000000
56.000000,0.000000
55.000000,0.000000
54.000000,0.000000
53.000000,0.000000
52.000000,0.000000
51.000000,0.000000
50.000000,0.000000
49.000000,0.000000
48.000000,0.000000
47.000000,0.000000
46.000000,0.000000
45.000000,0.000000
44.000000,0.000000
43.000000,0.000000
42.000000,0.000000
41.000000,0.000000
40.000000,0.000000
39.000000,0.000000
38.000000,0.000000
37.000000,0.000000
36.000000,0.000000
35.000000,0.000000
34.000000,0.000000
33.000000,0.000000
32.000000,0.000000
31.000000,0.000000
30.000000,0.000000
29.000000,0.000000
28.000000,0.000000
27.000000,0.000000
26.000000,0.000000
25.000000,0.000000
24.000000,0.000000
23.000000,0.000000
22.000000,0.000000
21.000000,0.000000
20.000000,0.000000
19.000000,0.000000
18.000000,0.000000
17.000000,0.000000
16.000000,0.000000
15.000000,0.000000
14.000000,0.000000
13.000000,0.000000
12.000000,0.000000
11.000000,0.000000
10.000000,0.000000
9.000000,0.000000
8.000000,0.000000
7.000000,0.000000
6.000000,0.000000
5.000000,0.000000
4.000000,0.000000
3.000000,0.000000
2.000000,0.000000
1.000000,0.000000
0.000000,0.000000
