873.629944	74.508904
880.545685	71.606724
887.461426	68.704544


874.016901	75.431001
880.932642	72.528822
887.848383	69.626642


874.403858	76.353099
881.319599	73.450919
888.235340	70.548740


874.790816	77.275197
881.706556	74.373017
888.622297	71.470837


875.177773	78.197295
882.093514	75.295115
889.009255	72.392935


875.564730	79.119393
882.480471	76.217213
889.396212	73.315033


875.951687	80.041491
882.867428	77.139311
889.783169	74.237131


876.338644	80.963588
883.254385	78.061408
890.170126	75.159228


876.725602	81.885686
883.641343	78.983506
890.557084	76.081326


877.112559	82.807784
884.028300	79.905604
890.944041	77.003424


877.499516	83.729882
884.415257	80.827702
891.330998	77.925522


877.886473	84.651980
884.802214	81.749800
891.717955	78.847619


878.273431	85.574078
885.189171	82.671897
892.104912	79.769717


878.660388	86.496175
885.576129	83.593995
892.491870	80.691815


879.047345	87.418273
885.963086	84.516093
892.878827	81.613913


879.434302	88.340371
886.350043	85.438191
893.265784	82.536010


879.821259	89.262469
886.737000	86.360289
893.652741	83.458108


880.208217	90.184567
887.123958	87.282386
894.039699	84.380206


880.595174	91.106665
887.510915	88.204484
894.426656	85.302304


880.982131	92.028762
887.897872	89.126582
894.813613	86.224401


881.369088	92.950860
888.284829	90.048680
895.200570	87.146499


881.756046	93.872958
888.671786	90.970778
895.587527	88.068597


882.143003	94.795056
889.058744	91.892875
895.974485	88.990695


882.529960	95.717154
889.445701	92.814973
896.361442	89.912792


882.916917	96.639252
889.832658	93.737071
896.748399	90.834890


883.303874	97.561349
890.219615	94.659169
897.135356	91.756988


883.690832	98.483447
890.606573	95.581267
897.522314	92.679086


884.077789	99.405545
890.993530	96.503364
897.909271	93.601183


884.464746	100.327643
891.380487	97.425462
898.296228	94.523281


884.851703	101.249741
891.767444	98.347560
898.683185	95.445379


885.238661	102.171839
892.154401	99.269658
899.070142	96.367477


885.625618	103.093937
892.541359	100.191756
899.457100	97.289575


886.012575	104.016034
892.928316	101.113853
899.844057	98.211672


886.399532	104.938132
893.315273	102.035951
900.231014	99.133770


886.786489	105.860230
893.702230	102.958049
900.617971	100.055868


887.173447	106.782328
894.089188	103.880147
901.004929	100.977966


887.560404	107.704426
894.476145	104.802245
901.391886	101.900063


887.947361	108.626524
894.863102	105.724342
901.778843	102.822161


888.334318	109.548621
895.250059	106.646440
902.165800	103.744259


888.721275	110.470719
895.637016	107.568538
902.552757	104.666357


889.108233	111.392817
896.023974	108.490636
902.939715	105.588454


889.495190	112.314915
896.410931	109.412734
903.326672	106.510552


889.882147	113.237013
896.797888	110.334831
903.713629	107.432650


890.269104	114.159111
897.184845	111.256929
904.100586	108.354748


890.656062	115.081208
897.571803	112.179027
904.487544	109.276845


891.043019	116.003306
897.958760	113.101125
904.874501	110.198943


891.429976	116.925404
898.345717	114.023222
905.261458	111.121041


891.816933	117.847502
898.732674	114.945320
905.648415	112.043139


892.203890	118.769600
899.119631	115.867418
906.035372	112.965236


892.590848	119.691698
899.506589	116.789516
906.422330	113.887334


892.977805	120.613795
899.893546	117.711614
906.809287	114.809432


893.364762	121.535893
900.280503	118.633711
907.196244	115.731530


893.751719	122.457991
900.667460	119.555809
907.583201	116.653627


894.138677	123.380089
901.054418	120.477907
907.970159	117.575725


894.525634	124.302187
901.441375	121.400005
908.357116	118.497823


894.912591	125.224285
901.828332	122.322103
908.744073	119.419921


895.299548	126.146383
902.215289	123.244200
909.131030	120.342018


895.686505	127.068480
902.602246	124.166298
909.517987	121.264116


896.073463	127.990578
902.989204	125.088396
909.904945	122.186214


896.460420	128.912676
903.376161	126.010494
910.291902	123.108312


896.847377	129.834774
903.763118	126.932592
910.678859	124.030409


897.234334	130.756872
904.150075	127.854689
911.065816	124.952507


897.621292	131.678970
904.537033	128.776787
911.452774	125.874605


898.008249	132.601067
904.923990	129.698885
911.839731	126.796703


898.395206	133.523165
905.310947	130.620983
912.226688	127.718800


898.782163	134.445263
905.697904	131.543081
912.613645	128.640898


899.169120	135.367361
906.084861	132.465178
913.000602	129.562996


899.556078	136.289459
906.471819	133.387276
913.387560	130.485094


899.943035	137.211557
906.858776	134.309374
913.774517	131.407192


900.329992	138.133654
907.245733	135.231472
914.161474	132.329289


900.716949	139.055752
907.632690	136.153570
914.548431	133.251387


901.103907	139.977850
908.019648	137.075667
914.935389	134.173485


901.490864	140.899948
908.406605	137.997765
915.322346	135.095583


901.877821	141.822046
908.793562	138.919863
915.709303	136.017680


902.264778	142.744144
909.180519	139.841961
916.096260	136.939778


902.651735	143.666241
909.567476	140.764059
916.483217	137.861876


903.038693	144.588339
909.954434	141.686156
916.870175	138.783974


903.425650	145.510437
910.341391	142.608254
917.257132	139.706071


903.812607	146.432535
910.728348	143.530352
917.644089	140.628169


904.199564	147.354633
911.115305	144.452450
918.031046	141.550267


904.586522	148.276731
911.502263	145.374548
918.418004	142.472365


904.973479	149.198829
911.889220	146.296645
918.804961	143.394462


905.360436	150.120926
912.276177	147.218743
919.191918	144.316560


905.747393	151.043024
912.663134	148.140841
919.578875	145.238658


906.134350	151.965122
913.050091	149.062939
919.965832	146.160756


906.521308	152.887220
913.437049	149.985037
920.352790	147.082853


906.908265	153.809318
913.824006	150.907134
920.739747	148.004951


907.295222	154.731416
914.210963	151.829232
921.126704	148.927049


907.682179	155.653513
914.597920	152.751330
921.513661	149.849147


908.069137	156.575611
914.984878	153.673428
921.900619	150.771244


908.456094	157.497709
915.371835	154.595526
922.287576	151.693342


908.843051	158.419807
915.758792	155.517623
922.674533	152.615440


0.217110	15.000000
0.217110	7.500000
0.217110	0.000000


1.217110	15.000000
1.217110	7.500000
1.217110	0.000000


2.217110	15.000000
2.217110	7.500000
2.217110	0.000000


3.217110	15.000000
3.217110	7.500000
3.217110	0.000000


4.217110	15.000000
4.217110	7.500000
4.217110	0.000000


5.217110	15.000000
5.217110	7.500000
5.217110	0.000000


6.217110	15.000000
6.217110	7.500000
6.217110	0.000000


7.217110	15.000000
7.217110	7.500000
7.217110	0.000000


8.217110	15.000000
8.217110	7.500000
8.217110	0.000000


9.217110	15.000000
9.217110	7.500000
9.217110	0.000000


10.217110	15.000000
10.217110	7.500000
10.217110	0.000000


11.217110	15.000000
11.217110	7.500000
11.217110	0.000000


12.217110	15.000000
12.217110	7.500000
12.217110	0.000000


13.217110	15.000000
13.217110	7.500000
13.217110	0.000000


14.217110	15.000000
14.217110	7.500000
14.217110	0.000000


15.217110	15.000000
15.217110	7.500000
15.217110	0.000000


16.217110	15.000000
16.217110	7.500000
16.217110	0.000000


17.217110	15.000000
17.217110	7.500000
17.217110	0.000000


18.217110	15.000000
18.217110	7.500000
18.217110	0.000000


19.217110	15.000000
19.217110	7.500000
19.217110	0.000000


20.217110	15.000000
20.217110	7.500000
20.217110	0.000000


21.217110	15.000000
21.217110	7.500000
21.217110	0.000000


22.217110	15.000000
22.217110	7.500000
22.217110	0.000000


23.217110	15.000000
23.217110	7.500000
23.217110	0.000000


24.217110	15.000000
24.217110	7.500000
24.217110	0.000000


25.217110	15.000000
25.217110	7.500000
25.217110	0.000000


26.217110	15.000000
26.217110	7.500000
26.217110	0.000000


27.217110	15.000000
27.217110	7.500000
27.217110	0.000000


28.217110	15.000000
28.217110	7.500000
28.217110	0.000000


29.217110	15.000000
29.217110	7.500000
29.217110	0.000000


30.217110	15.000000
30.217110	7.500000
30.217110	0.000000


31.217110	15.000000
31.217110	7.500000
31.217110	0.000000


32.217110	15.000000
32.217110	7.500000
32.217110	0.000000


33.217110	15.000000
33.217110	7.500000
33.217110	0.000000


34.217110	15.000000
34.217110	7.500000
34.217110	0.000000


35.217110	15.000000
35.217110	7.500000
35.217110	0.000000


36.217110	15.000000
36.217110	7.500000
36.217110	0.000000


37.217110	15.000000
37.217110	7.500000
37.217110	0.000000


38.217110	15.000000
38.217110	7.500000
38.217110	0.000000


39.217110	15.000000
39.217110	7.500000
39.217110	0.000000


40.217110	15.000000
40.217110	7.500000
40.217110	0.000000


41.217110	15.000000
41.217110	7.500000
41.217110	0.000000


42.217110	15.000000
42.217110	7.500000
42.217110	0.000000


43.217110	15.000000
43.217110	7.500000
43.217110	0.000000


44.217110	15.000000
44.217110	7.500000
44.217110	0.000000


45.217110	15.000000
45.217110	7.500000
45.217110	0.000000


46.217110	15.000000
46.217110	7.500000
46.217110	0.000000


47.217110	15.000000
47.217110	7.500000
47.217110	0.000000


48.217110	15.000000
48.217110	7.500000
48.217110	0.000000


49.217110	15.000000
49.217110	7.500000
49.217110	0.000000


50.217110	15.000000
50.217110	7.500000
50.217110	0.000000


51.217110	15.000000
51.217110	7.500000
51.217110	0.000000


52.217110	15.000000
52.217110	7.500000
52.217110	0.000000


53.217110	15.000000
53.217110	7.500000
53.217110	0.000000


54.217110	15.000000
54.217110	7.500000
54.217110	0.000000


55.217110	15.000000
55.217110	7.500000
55.217110	0.000000


56.217110	15.000000
56.217110	7.500000
56.217110	0.000000


57.217110	15.000000
57.217110	7.500000
57.217110	0.000000


58.217110	15.000000
58.217110	7.500000
58.217110	0.000000


59.217110	15.000000
59.217110	7.500000
59.217110	0.000000


60.217110	15.000000
60.217110	7.500000
60.217110	0.000000


61.217110	15.000000
61.217110	7.500000
61.217110	0.000000


62.217110	15.000000
62.217110	7.500000
62.217110	0.000000


63.217110	15.000000
63.217110	7.500000
63.217110	0.000000


64.217110	15.000000
64.217110	7.500000
64.217110	0.000000


65.217110	15.000000
65.217110	7.500000
65.217110	0.000000


66.217110	15.000000
66.217110	7.500000
66.217110	0.000000


67.217110	15.000000
67.217110	7.500000
67.217110	0.000000


68.217110	15.000000
68.217110	7.500000
68.217110	0.000000


69.217110	15.000000
69.217110	7.500000
69.217110	0.000000


70.217110	15.000000
70.217110	7.500000
70.217110	0.000000


71.217110	15.000000
71.217110	7.500000
71.217110	0.000000


72.217110	15.000000
72.217110	7.500000
72.217110	0.000000


73.217110	15.000000
73.217110	7.500000
73.217110	0.000000


74.217110	15.000000
74.217110	7.500000
74.217110	0.000000


75.217110	15.000000
75.217110	7.500000
75.217110	0.000000


76.217110	15.000000
76.217110	7.500000
76.217110	0.000000


77.217110	15.000000
77.217110	7.500000
77.217110	0.000000


78.217110	15.000000
78.217110	7.500000
78.217110	0.000000


79.217110	15.000000
79.217110	7.500000
79.217110	0.000000


80.217110	15.000000
80.217110	7.500000
80.217110	0.000000


81.217110	15.000000
81.217110	7.500000
81.217110	0.000000


82.217110	15.000000
82.217110	7.500000
82.217110	0.000000


83.217110	15.000000
83.217110	7.500000
83.217110	0.000000


84.217110	15.000000
84.217110	7.500000
84.217110	0.000000


85.217110	15.000000
85.217110	7.500000
85.217110	0.000000


86.217110	15.000000
86.217110	7.500000
86.217110	0.000000


87.217110	15.000000
87.217110	7.500000
87.217110	0.000000


88.217110	15.000000
88.217110	7.500000
88.217110	0.000000


89.217110	15.000000
89.217110	7.500000
89.217110	0.000000


90.217110	15.000000
90.217110	7.500000
90.217110	0.000000


91.217110	15.000000
91.217110	7.500000
91.217110	0.000000


92.217110	15.000000
92.217110	7.500000
92.217110	0.000000


93.217110	15.000000
93.217110	7.500000
93.217110	0.000000


94.217110	15.000000
94.217110	7.500000
94.217110	0.000000


95.217110	15.000000
95.217110	7.500000
95.217110	0.000000


96.217110	15.000000
96.217110	7.500000
96.217110	0.000000


97.217110	15.000000
97.217110	7.500000
97.217110	0.000000


98.217110	15.000000
98.217110	7.500000
98.217110	0.000000


99.217110	15.000000
99.217110	7.500000
99.217110	0.000000


100.217110	15.000000
100.217110	7.500000
100.217110	0.000000


101.217110	15.000000
101.217110	7.500000
101.217110	0.000000


102.217110	15.000000
102.217110	7.500000
102.217110	0.000000


103.217110	15.000000
103.217110	7.500000
103.217110	0.000000


104.217110	15.000000
104.217110	7.500000
104.217110	0.000000


105.217110	15.000000
105.217110	7.500000
105.217110	0.000000


106.217110	15.000000
106.217110	7.500000
106.217110	0.000000


107.217110	15.000000
107.217110	7.500000
107.217110	0.000000


108.217110	15.000000
108.217110	7.500000
108.217110	0.000000


109.217110	15.000000
109.217110	7.500000
109.217110	0.000000


110.217110	15.000000
110.217110	7.500000
110.217110	0.000000


111.217110	15.000000
111.217110	7.500000
111.217110	0.000000


112.217110	15.000000
112.217110	7.500000
112.217110	0.000000


113.217110	15.000000
113.217110	7.500000
113.217110	0.000000


114.217110	15.000000
114.217110	7.500000
114.217110	0.000000


115.217110	15.000000
115.217110	7.500000
115.217110	0.000000


116.217110	15.000000
116.217110	7.500000
116.217110	0.000000


117.217110	15.000000
117.217110	7.500000
117.217110	0.000000


118.217110	15.000000
118.217110	7.500000
118.217110	0.000000


119.217110	15.000000
119.217110	7.500000
119.217110	0.000000


120.217110	15.000000
120.217110	7.500000
120.217110	0.000000


121.217110	15.000000
121.217110	7.500000
121.217110	0.000000


122.217110	15.000000
122.217110	7.500000
122.217110	0.000000


123.217110	15.000000
123.217110	7.500000
123.217110	0.000000


124.217110	15.000000
124.217110	7.500000
124.217110	0.000000


125.217110	15.000000
125.217110	7.500000
125.217110	0.000000


126.217110	15.000000
126.217110	7.500000
126.217110	0.000000


127.217110	15.000000
127.217110	7.500000
127.217110	0.000000


128.217110	15.000000
128.217110	7.500000
128.217110	0.000000


129.217110	15.000000
129.217110	7.500000
129.217110	0.000000


130.217110	15.000000
130.217110	7.500000
130.217110	0.000000


131.217110	15.000000
131.217110	7.500000
131.217110	0.000000


132.217110	15.000000
132.217110	7.500000
132.217110	0.000000


133.217110	15.000000
133.217110	7.500000
133.217110	0.000000


134.217110	15.000000
134.217110	7.500000
134.217110	0.000000


135.217110	15.000000
135.217110	7.500000
135.217110	0.000000


136.217110	15.000000
136.217110	7.500000
136.217110	0.000000


137.217110	15.000000
137.217110	7.500000
137.217110	0.000000


138.217110	15.000000
138.217110	7.500000
138.217110	0.000000


139.217110	15.000000
139.217110	7.500000
139.217110	0.000000


140.217110	15.000000
140.217110	7.500000
140.217110	0.000000


141.217110	15.000000
141.217110	7.500000
141.217110	0.000000


142.217110	15.000000
142.217110	7.500000
142.217110	0.000000


143.217110	15.000000
143.217110	7.500000
143.217110	0.000000


144.217110	15.000000
144.217110	7.500000
144.217110	0.000000


145.217110	15.000000
145.217110	7.500000
145.217110	0.000000


146.217110	15.000000
146.217110	7.500000
146.217110	0.000000


147.217110	15.000000
147.217110	7.500000
147.217110	0.000000


148.217110	15.000000
148.217110	7.500000
148.217110	0.000000


149.217110	15.000000
149.217110	7.500000
149.217110	0.000000


150.217110	15.000000
150.217110	7.500000
150.217110	0.000000


151.217110	15.000000
151.217110	7.500000
151.217110	0.000000


152.217110	15.000000
152.217110	7.500000
152.217110	0.000000


153.217110	15.000000
153.217110	7.500000
153.217110	0.000000


154.217110	15.000000
154.217110	7.500000
154.217110	0.000000


155.217110	15.000000
155.217110	7.500000
155.217110	0.000000


156.217110	15.000000
156.217110	7.500000
156.217110	0.000000


157.217110	15.000000
157.217110	7.500000
157.217110	0.000000


158.217110	15.000000
158.217110	7.500000
158.217110	0.000000


159.217110	15.000000
159.217110	7.500000
159.217110	0.000000


160.217110	15.000000
160.217110	7.500000
160.217110	0.000000


161.217110	15.000000
161.217110	7.500000
161.217110	0.000000


162.217110	15.000000
162.217110	7.500000
162.217110	0.000000


163.217110	15.000000
163.217110	7.500000
163.217110	0.000000


164.217110	15.000000
164.217110	7.500000
164.217110	0.000000


165.217110	15.000000
165.217110	7.500000
165.217110	0.000000


166.217110	15.000000
166.217110	7.500000
166.217110	0.000000


167.217110	15.000000
167.217110	7.500000
167.217110	0.000000


168.217110	15.000000
168.217110	7.500000
168.217110	0.000000


169.217110	15.000000
169.217110	7.500000
169.217110	0.000000


170.217110	15.000000
170.217110	7.500000
170.217110	0.000000


171.217110	15.000000
171.217110	7.500000
171.217110	0.000000


172.217110	15.000000
172.217110	7.500000
172.217110	0.000000


173.217110	15.000000
173.217110	7.500000
173.217110	0.000000


174.217110	15.000000
174.217110	7.500000
174.217110	0.000000


175.217110	15.000000
175.217110	7.500000
175.217110	0.000000


176.217110	15.000000
176.217110	7.500000
176.217110	0.000000


177.217110	15.000000
177.217110	7.500000
177.217110	0.000000


178.217110	15.000000
178.217110	7.500000
178.217110	0.000000


179.217110	15.000000
179.217110	7.500000
179.217110	0.000000


180.217110	15.000000
180.217110	7.500000
180.217110	0.000000


181.217110	15.000000
181.217110	7.500000
181.217110	0.000000


182.217110	15.000000
182.217110	7.500000
182.217110	0.000000


183.217110	15.000000
183.217110	7.500000
183.217110	0.000000


184.217110	15.000000
184.217110	7.500000
184.217110	0.000000


185.217110	15.000000
185.217110	7.500000
185.217110	0.000000


186.217110	15.000000
186.217110	7.500000
186.217110	0.000000


187.217110	15.000000
187.217110	7.500000
187.217110	0.000000


188.217110	15.000000
188.217110	7.500000
188.217110	0.000000


189.217110	15.000000
189.217110	7.500000
189.217110	0.000000


190.217110	15.000000
190.217110	7.500000
190.217110	0.000000


191.217110	15.000000
191.217110	7.500000
191.217110	0.000000


192.217110	15.000000
192.217110	7.500000
192.217110	0.000000


193.217110	15.000000
193.217110	7.500000
193.217110	0.000000


194.217110	15.000000
194.217110	7.500000
194.217110	0.000000


195.217110	15.000000
195.217110	7.500000
195.217110	0.000000


196.217110	15.000000
196.217110	7.500000
196.217110	0.000000


197.217110	15.000000
197.217110	7.500000
197.217110	0.000000


198.217110	15.000000
198.217110	7.500000
198.217110	0.000000


199.217110	15.000000
199.217110	7.500000
199.217110	0.000000


200.217110	15.000000
200.217110	7.500000
200.217110	0.000000


201.217110	15.000000
201.217110	7.500000
201.217110	0.000000


202.217110	15.000000
202.217110	7.500000
202.217110	0.000000


203.217110	15.000000
203.217110	7.500000
203.217110	0.000000


204.217110	15.000000
204.217110	7.500000
204.217110	0.000000


205.217110	15.000000
205.217110	7.500000
205.217110	0.000000


206.217110	15.000000
206.217110	7.500000
206.217110	0.000000


207.217110	15.000000
207.217110	7.500000
207.217110	0.000000


208.217110	15.000000
208.217110	7.500000
208.217110	0.000000


209.217110	15.000000
209.217110	7.500000
209.217110	0.000000


210.217110	15.000000
210.217110	7.500000
210.217110	0.000000


211.217110	15.000000
211.217110	7.500000
211.217110	0.000000


212.217110	15.000000
212.217110	7.500000
212.217110	0.000000


213.217110	15.000000
213.217110	7.500000
213.217110	0.000000


214.217110	15.000000
214.217110	7.500000
214.217110	0.000000


215.217110	15.000000
215.217110	7.500000
215.217110	0.000000


216.217110	15.000000
216.217110	7.500000
216.217110	0.000000


217.217110	15.000000
217.217110	7.500000
217.217110	0.000000


218.217110	15.000000
218.217110	7.500000
218.217110	0.000000


219.217110	15.000000
219.217110	7.500000
219.217110	0.000000


220.217110	15.000000
220.217110	7.500000
220.217110	0.000000


221.217110	15.000000
221.217110	7.500000
221.217110	0.000000


222.217110	15.000000
222.217110	7.500000
222.217110	0.000000


223.217110	15.000000
223.217110	7.500000
223.217110	0.000000


224.217110	15.000000
224.217110	7.500000
224.217110	0.000000


225.217110	15.000000
225.217110	7.500000
225.217110	0.000000


226.217110	15.000000
226.217110	7.500000
226.217110	0.000000


227.217110	15.000000
227.217110	7.500000
227.217110	0.000000


228.217110	15.000000
228.217110	7.500000
228.217110	0.000000


229.217110	15.000000
229.217110	7.500000
229.217110	0.000000


230.217110	15.000000
230.217110	7.500000
230.217110	0.000000


231.217110	15.000000
231.217110	7.500000
231.217110	0.000000


232.217110	15.000000
232.217110	7.500000
232.217110	0.000000


233.217110	15.000000
233.217110	7.500000
233.217110	0.000000


234.217110	15.000000
234.217110	7.500000
234.217110	0.000000


235.217110	15.000000
235.217110	7.500000
235.217110	0.000000


236.217110	15.000000
236.217110	7.500000
236.217110	0.000000


237.217110	15.000000
237.217110	7.500000
237.217110	0.000000


238.217110	15.000000
238.217110	7.500000
238.217110	0.000000


239.217110	15.000000
239.217110	7.500000
239.217110	0.000000


240.217110	15.000000
240.217110	7.500000
240.217110	0.000000


241.217110	15.000000
241.217110	7.500000
241.217110	0.000000


242.217110	15.000000
242.217110	7.500000
242.217110	0.000000


243.217110	15.000000
243.217110	7.500000
243.217110	0.000000


244.217110	15.000000
244.217110	7.500000
244.217110	0.000000


245.217110	15.000000
245.217110	7.500000
245.217110	0.000000


246.217110	15.000000
246.217110	7.500000
246.217110	0.000000


247.217110	15.000000
247.217110	7.500000
247.217110	0.000000


248.217110	15.000000
248.217110	7.500000
248.217110	0.000000


249.217110	15.000000
249.217110	7.500000
249.217110	0.000000


250.217110	15.000000
250.217110	7.500000
250.217110	0.000000


251.217110	15.000000
251.217110	7.500000
251.217110	0.000000


252.217110	15.000000
252.217110	7.500000
252.217110	0.000000


253.217110	15.000000
253.217110	7.500000
253.217110	0.000000


254.217110	15.000000
254.217110	7.500000
254.217110	0.000000


255.217110	15.000000
255.217110	7.500000
255.217110	0.000000


256.360079	14.992128
256.217061	7.493492
256.074043	-0.005145


257.568916	14.952174
257.216482	7.460459
256.864049	-0.031255


258.776165	14.878468
258.214591	7.399522
257.653018	-0.079424


259.980883	14.771066
259.210609	7.310726
258.440334	-0.149614


261.182132	14.630053
260.203757	7.194142
259.225381	-0.241770


262.378973	14.455539
261.193260	7.049860
260.007548	-0.355819


263.570471	14.247660
262.178348	6.877993
260.786224	-0.491674


264.755698	14.006578
263.158249	6.678675
261.560801	-0.649227


265.933728	13.732481
264.132201	6.452062
262.330674	-0.828357


266.920412	13.486069
265.102403	6.209750
263.284395	-1.066570


267.890588	13.243667
266.072579	5.967348
264.254571	-1.308972


268.860764	13.001265
267.042755	5.724946
265.224747	-1.551374


269.830939	12.758863
268.012931	5.482544
266.194923	-1.793776


270.801115	12.516461
268.983107	5.240142
267.165098	-2.036178


271.771291	12.274059
269.953283	4.997740
268.135274	-2.278580


272.741467	12.031658
270.923458	4.755338
269.105450	-2.520981


273.711643	11.789256
271.893634	4.512936
270.075626	-2.763383


274.681819	11.546854
272.863810	4.270534
271.045802	-3.005785


275.651994	11.304452
273.833986	4.028132
272.015978	-3.248187


276.622170	11.062050
274.804162	3.785730
272.986153	-3.490589


277.592346	10.819648
275.774338	3.543328
273.956329	-3.732991


278.562522	10.577246
276.744513	3.300926
274.926505	-3.975393


279.532698	10.334844
277.714689	3.058524
275.896681	-4.217795


280.502874	10.092442
278.684865	2.816123
276.866857	-4.460197


281.473049	9.850040
279.655041	2.573721
277.837033	-4.702599


282.443225	9.607638
280.625217	2.331319
278.807208	-4.945001


283.413401	9.365236
281.595393	2.088917
279.777384	-5.187403


284.383577	9.122834
282.565569	1.846515
280.747560	-5.429805


285.353753	8.880432
283.535744	1.604113
281.717736	-5.672207


286.323929	8.638030
284.505920	1.361711
282.687912	-5.914609


287.294104	8.395629
285.476096	1.119309
283.658088	-6.157011


288.264280	8.153227
286.446272	0.876907
284.628263	-6.399412


289.234456	7.910825
287.416448	0.634505
285.598439	-6.641814


290.204632	7.668423
288.386624	0.392103
286.568615	-6.884216


291.174808	7.426021
289.356799	0.149701
287.538791	-7.126618


292.144984	7.183619
290.326975	-0.092701
288.508967	-7.369020


293.115159	6.941217
291.297151	-0.335103
289.479143	-7.611422


294.085335	6.698815
292.267327	-0.577505
290.449318	-7.853824


295.055511	6.456413
293.237503	-0.819906
291.419494	-8.096226


296.025687	6.214011
294.207679	-1.062308
292.389670	-8.338628


296.995863	5.971609
295.177854	-1.304710
293.359846	-8.581030


297.966039	5.729207
296.148030	-1.547112
294.330022	-8.823432


298.936215	5.486805
297.118206	-1.789514
295.300198	-9.065834


299.906390	5.244403
298.088382	-2.031916
296.270374	-9.308236


300.876566	5.002001
299.058558	-2.274318
297.240549	-9.550638


301.846742	4.759599
300.028734	-2.516720
298.210725	-9.793040


302.816918	4.517198
300.998909	-2.759122
299.180901	-10.035441


303.787094	4.274796
301.969085	-3.001524
300.151077	-10.277843


304.757270	4.032394
302.939261	-3.243926
301.121253	-10.520245


305.727445	3.789992
303.909437	-3.486328
302.091429	-10.762647


306.697621	3.547590
304.879613	-3.728730
303.061604	-11.005049


307.667797	3.305188
305.849789	-3.971132
304.031780	-11.247451


308.637973	3.062786
306.819964	-4.213534
305.001956	-11.489853


309.608149	2.820384
307.790140	-4.455935
305.972132	-11.732255


310.578325	2.577982
308.760316	-4.698337
306.942308	-11.974657


311.548500	2.335580
309.730492	-4.940739
307.912484	-12.217059


312.518676	2.093178
310.700668	-5.183141
308.882659	-12.459461


313.488852	1.850776
311.670844	-5.425543
309.852835	-12.701863


314.459028	1.608374
312.641020	-5.667945
310.823011	-12.944265


315.429204	1.365972
313.611195	-5.910347
311.793187	-13.186667


316.399380	1.123570
314.581371	-6.152749
312.763363	-13.429069


317.369555	0.881169
315.551547	-6.395151
313.733539	-13.671470


318.339731	0.638767
316.521723	-6.637553
314.703714	-13.913872


319.309907	0.396365
317.491899	-6.879955
315.673890	-14.156274


320.280083	0.153963
318.462075	-7.122357
316.644066	-14.398676


321.250259	-0.088439
319.432250	-7.364759
317.614242	-14.641078


322.220435	-0.330841
320.402426	-7.607161
318.584418	-14.883480


323.190610	-0.573243
321.372602	-7.849563
319.554594	-15.125882


324.160786	-0.815645
322.342778	-8.091964
320.524769	-15.368284


325.130962	-1.058047
323.312954	-8.334366
321.494945	-15.610686


326.101138	-1.300449
324.283130	-8.576768
322.465121	-15.853088


327.071314	-1.542851
325.253305	-8.819170
323.435297	-16.095490


328.041490	-1.785253
326.223481	-9.061572
324.405473	-16.337892


329.011665	-2.027655
327.193657	-9.303974
325.375649	-16.580294


329.981841	-2.270057
328.163833	-9.546376
326.345824	-16.822696


330.952017	-2.512459
329.134009	-9.788778
327.316000	-17.065098


331.922193	-2.754860
330.104185	-10.031180
328.286176	-17.307499


332.892369	-2.997262
331.074360	-10.273582
329.256352	-17.549901


333.862545	-3.239664
332.044536	-10.515984
330.226528	-17.792303


334.832721	-3.482066
333.014712	-10.758386
331.196704	-18.034705


335.802896	-3.724468
333.984888	-11.000788
332.166880	-18.277107


336.773072	-3.966870
334.955064	-11.243190
333.137055	-18.519509


337.743248	-4.209272
335.925240	-11.485592
334.107231	-18.761911


338.713424	-4.451674
336.895415	-11.727993
335.077407	-19.004313


339.683600	-4.694076
337.865591	-11.970395
336.047583	-19.246715


340.653776	-4.936478
338.835767	-12.212797
337.017759	-19.489117


341.623951	-5.178880
339.805943	-12.455199
337.987935	-19.731519


342.594127	-5.421282
340.776119	-12.697601
338.958110	-19.973921


343.564303	-5.663684
341.746295	-12.940003
339.928286	-20.216323


344.534479	-5.906086
342.716470	-13.182405
340.898462	-20.458725


345.504655	-6.148488
343.686646	-13.424807
341.868638	-20.701127


346.474831	-6.390889
344.656822	-13.667209
342.838814	-20.943528


347.445006	-6.633291
345.626998	-13.909611
343.808990	-21.185930


348.415182	-6.875693
346.597174	-14.152013
344.779165	-21.428332


349.385358	-7.118095
347.567350	-14.394415
345.749341	-21.670734


350.355534	-7.360497
348.537526	-14.636817
346.719517	-21.913136


351.325710	-7.602899
349.507701	-14.879219
347.689693	-22.155538


352.295886	-7.845301
350.477877	-15.121621
348.659869	-22.397940


353.266061	-8.087703
351.448053	-15.364023
349.630045	-22.640342


354.236237	-8.330105
352.418229	-15.606424
350.600220	-22.882744


355.206413	-8.572507
353.388405	-15.848826
351.570396	-23.125146


356.176589	-8.814909
354.358581	-16.091228
352.540572	-23.367548


357.146765	-9.057311
355.328756	-16.333630
353.510748	-23.609950


358.116941	-9.299713
356.298932	-16.576032
354.480924	-23.852352


359.087116	-9.542115
357.269108	-16.818434
355.451100	-24.094754


360.057292	-9.784517
358.239284	-17.060836
356.421275	-24.337156


361.027468	-10.026918
359.209460	-17.303238
357.391451	-24.579557


361.997644	-10.269320
360.179636	-17.545640
358.361627	-24.821959


362.967820	-10.511722
361.149811	-17.788042
359.331803	-25.064361


363.937996	-10.754124
362.119987	-18.030444
360.301979	-25.306763


364.908172	-10.996526
363.090163	-18.272846
361.272155	-25.549165


365.878347	-11.238928
364.060339	-18.515248
362.242331	-25.791567


366.848523	-11.481330
365.030515	-18.757650
363.212506	-26.033969


367.818699	-11.723732
366.000691	-19.000051
364.182682	-26.276371


368.788875	-11.966134
366.970867	-19.242453
365.152858	-26.518773


369.759051	-12.208536
367.941043	-19.484855
366.123034	-26.761175


370.729227	-12.450938
368.911219	-19.727257
367.093211	-27.003577


371.699402	-12.693340
369.881395	-19.969659
368.063387	-27.245979


372.669578	-12.935742
370.851570	-20.212061
369.033563	-27.488381


373.639754	-13.178144
371.821746	-20.454463
370.003739	-27.730783


374.609930	-13.420545
372.791922	-20.696865
370.973915	-27.973184


375.580106	-13.662947
373.762098	-20.939267
371.944091	-28.215586


376.550282	-13.905349
374.732274	-21.181669
372.914267	-28.457988


377.520458	-14.147751
375.702450	-21.424071
373.884443	-28.700390


378.490633	-14.390153
376.672626	-21.666473
374.854619	-28.942792


379.460809	-14.632555
377.642802	-21.908875
375.824795	-29.185194


380.430985	-14.874957
378.612978	-22.151276
376.794971	-29.427596


381.401161	-15.117359
379.583154	-22.393678
377.765147	-29.669998


382.371337	-15.359761
380.553330	-22.636080
378.735323	-29.912400


383.341513	-15.602163
381.523506	-22.878482
379.705499	-30.154802


384.311689	-15.844565
382.493682	-23.120884
380.675675	-30.397204


385.281864	-16.086967
383.463858	-23.363286
381.645851	-30.639606


386.252040	-16.329368
384.434034	-23.605688
382.616028	-30.882007


387.222216	-16.571770
385.404210	-23.848090
383.586204	-31.124409


388.192392	-16.814172
386.374386	-24.090492
384.556380	-31.366811


389.162568	-17.056574
387.344562	-24.332894
385.526556	-31.609213


390.132744	-17.298976
388.314738	-24.575296
386.496732	-31.851615


391.102920	-17.541378
389.284914	-24.817698
387.466908	-32.094017


392.073095	-17.783780
390.255090	-25.060100
388.437084	-32.336419


393.043271	-18.026182
391.225266	-25.302501
389.407260	-32.578821


394.013447	-18.268584
392.195442	-25.544903
390.377436	-32.821223


394.983623	-18.510986
393.165618	-25.787305
391.347612	-33.063625


395.953799	-18.753388
394.135794	-26.029707
392.317788	-33.306027


396.923975	-18.995790
395.105969	-26.272109
393.287964	-33.548429


397.894151	-19.238192
396.076145	-26.514511
394.258140	-33.790831


398.864326	-19.480593
397.046321	-26.756913
395.228316	-34.033232


399.834502	-19.722995
398.016497	-26.999315
396.198492	-34.275634


400.804678	-19.965397
398.986673	-27.241717
397.168669	-34.518036


401.774854	-20.207799
399.956849	-27.484119
398.138845	-34.760438


402.745030	-20.450201
400.927025	-27.726521
399.109021	-35.002840


403.715206	-20.692603
401.897201	-27.968923
400.079197	-35.245242


404.685382	-20.935005
402.867377	-28.211324
401.049373	-35.487644


405.655557	-21.177407
403.837553	-28.453726
402.019549	-35.730046


406.625733	-21.419809
404.807729	-28.696128
402.989725	-35.972448


407.595909	-21.662211
405.777905	-28.938530
403.959901	-36.214850


408.566085	-21.904613
406.748081	-29.180932
404.930077	-36.457252


409.536261	-22.147015
407.718257	-29.423334
405.900253	-36.699654


410.506437	-22.389416
408.688433	-29.665736
406.870429	-36.942055


411.476613	-22.631818
409.658609	-29.908138
407.840605	-37.184457


412.446788	-22.874220
410.628785	-30.150540
408.810781	-37.426859


413.416964	-23.116622
411.598961	-30.392942
409.780957	-37.669261


414.387140	-23.359024
412.569137	-30.635344
410.751133	-37.911663


415.357316	-23.601426
413.539313	-30.877746
411.721309	-38.154065


416.327492	-23.843828
414.509489	-31.120148
412.691486	-38.396467


417.297668	-24.086230
415.479665	-31.362549
413.661662	-38.638869


418.267844	-24.328632
416.449841	-31.604951
414.631838	-38.881271


419.238019	-24.571034
417.420017	-31.847353
415.602014	-39.123673


420.208195	-24.813436
418.390193	-32.089755
416.572190	-39.366075


421.178371	-25.055838
419.360369	-32.332157
417.542366	-39.608477


422.148547	-25.298240
420.330544	-32.574559
418.512542	-39.850879


423.118723	-25.540641
421.300720	-32.816961
419.482718	-40.093280


424.088899	-25.783043
422.270896	-33.059363
420.452894	-40.335682


425.059075	-26.025445
423.241072	-33.301765
421.423070	-40.578084


426.029250	-26.267847
424.211248	-33.544167
422.393246	-40.820486


426.999426	-26.510249
425.181424	-33.786569
423.363422	-41.062888


427.969602	-26.752651
426.151600	-34.028971
424.333598	-41.305290


428.939778	-26.995053
427.121776	-34.271372
425.303774	-41.547692


429.909954	-27.237455
428.091952	-34.513774
426.273950	-41.790094


430.880130	-27.479857
429.062128	-34.756176
427.244127	-42.032496


431.850306	-27.722259
430.032304	-34.998578
428.214303	-42.274898


432.820481	-27.964661
431.002480	-35.240980
429.184479	-42.517300


433.790657	-28.207063
431.972656	-35.483382
430.154655	-42.759702


434.760833	-28.449464
432.942832	-35.725784
431.124831	-43.002103


435.731009	-28.691866
433.913008	-35.968186
432.095007	-43.244505


436.701185	-28.934268
434.883184	-36.210588
433.065183	-43.486907


437.671361	-29.176670
435.853360	-36.452990
434.035359	-43.729309


438.641537	-29.419072
436.823536	-36.695392
435.005535	-43.971711


439.611712	-29.661474
437.793712	-36.937794
435.975711	-44.214113


440.581888	-29.903876
438.763888	-37.180196
436.945887	-44.456515


441.552064	-30.146278
439.734064	-37.422597
437.916063	-44.698917


442.522240	-30.388680
440.704240	-37.664999
438.886239	-44.941319


443.492416	-30.631082
441.674416	-37.907401
439.856415	-45.183721


444.462592	-30.873484
442.644592	-38.149803
440.826591	-45.426123


445.432768	-31.115886
443.614768	-38.392205
441.796767	-45.668525


446.402943	-31.358288
444.584943	-38.634607
442.766944	-45.910927


447.373119	-31.600689
445.555119	-38.877009
443.737120	-46.153328


448.343295	-31.843091
446.525295	-39.119411
444.707296	-46.395730


449.313471	-32.085493
447.495471	-39.361813
445.677472	-46.638132


450.283647	-32.327895
448.465647	-39.604215
446.647648	-46.880534


451.253823	-32.570297
449.435823	-39.846617
447.617824	-47.122936


452.223999	-32.812699
450.405999	-40.089019
448.588000	-47.365338


453.194174	-33.055101
451.376175	-40.331420
449.558176	-47.607740


454.164350	-33.297503
452.346351	-40.573822
450.528352	-47.850142


455.134526	-33.539905
453.316527	-40.816224
451.498528	-48.092544


456.104702	-33.782307
454.286703	-41.058626
452.468704	-48.334946


457.074878	-34.024709
455.256879	-41.301028
453.438880	-48.577348


458.045054	-34.267111
456.227055	-41.543430
454.409056	-48.819750


459.015230	-34.509512
457.197231	-41.785832
455.379232	-49.062152


459.985405	-34.751914
458.167407	-42.028234
456.349408	-49.304553


460.955581	-34.994316
459.137583	-42.270636
457.319585	-49.546955


461.925757	-35.236718
460.107759	-42.513038
458.289761	-49.789357


462.895933	-35.479120
461.077935	-42.755440
459.259937	-50.031759


463.866109	-35.721522
462.048111	-42.997842
460.230113	-50.274161


464.836285	-35.963924
463.018287	-43.240244
461.200289	-50.516563


465.806461	-36.206326
463.988463	-43.482645
462.170465	-50.758965


466.776636	-36.448728
464.958639	-43.725047
463.140641	-51.001367


467.746812	-36.691130
465.928815	-43.967449
464.110817	-51.243769


468.716988	-36.933532
466.898991	-44.209851
465.080993	-51.486171


469.687164	-37.175934
467.869167	-44.452253
466.051169	-51.728573


470.657340	-37.418336
468.839342	-44.694655
467.021345	-51.970975


471.627516	-37.660737
469.809518	-44.937057
467.991521	-52.213376


472.597691	-37.903139
470.779694	-45.179459
468.961697	-52.455778


473.567867	-38.145541
471.749870	-45.421861
469.931873	-52.698180


474.538043	-38.387943
472.720046	-45.664263
470.902049	-52.940582


475.508219	-38.630345
473.690222	-45.906665
471.872225	-53.182984


476.478395	-38.872747
474.660398	-46.149067
472.842402	-53.425386


477.448571	-39.115149
475.630574	-46.391468
473.812578	-53.667788


478.418747	-39.357551
476.600750	-46.633870
474.782754	-53.910190


479.388922	-39.599953
477.570926	-46.876272
475.752930	-54.152592


480.359098	-39.842355
478.541102	-47.118674
476.723106	-54.394994


481.329274	-40.084757
479.511278	-47.361076
477.693282	-54.637396


482.299450	-40.327159
480.481454	-47.603478
478.663458	-54.879798


483.269626	-40.569561
481.451630	-47.845880
479.633634	-55.122200


484.239802	-40.811962
482.421806	-48.088282
480.603810	-55.364601


485.209978	-41.054364
483.391982	-48.330684
481.573986	-55.607003


486.180153	-41.296766
484.362158	-48.573086
482.544162	-55.849405


487.150329	-41.539168
485.332334	-48.815488
483.514338	-56.091807


488.120505	-41.781570
486.302510	-49.057890
484.484514	-56.334209


489.090681	-42.023972
487.272686	-49.300292
485.454690	-56.576611


490.060857	-42.266374
488.242862	-49.542693
486.424866	-56.819013


491.031033	-42.508776
489.213038	-49.785095
487.395043	-57.061415


492.001209	-42.751178
490.183214	-50.027497
488.365219	-57.303817


492.971384	-42.993580
491.153390	-50.269899
489.335395	-57.546219


493.941560	-43.235982
492.123566	-50.512301
490.305571	-57.788621


494.911736	-43.478384
493.093741	-50.754703
491.275747	-58.031023


495.881912	-43.720785
494.063917	-50.997105
492.245923	-58.273424


496.852088	-43.963187
495.034093	-51.239507
493.216099	-58.515826


497.822264	-44.205589
496.004269	-51.481909
494.186275	-58.758228


498.792440	-44.447991
496.974445	-51.724311
495.156451	-59.000630


499.762615	-44.690393
497.944621	-51.966713
496.126627	-59.243032


500.732791	-44.932795
498.914797	-52.209115
497.096803	-59.485434


501.702967	-45.175197
499.884973	-52.451516
498.066979	-59.727836


502.673143	-45.417599
500.855149	-52.693918
499.037155	-59.970238


503.643319	-45.660001
501.825325	-52.936320
500.007331	-60.212640


504.613495	-45.902403
502.795501	-53.178722
500.977507	-60.455042


505.583671	-46.144805
503.765677	-53.421124
501.947683	-60.697444


506.553846	-46.387207
504.735853	-53.663526
502.917860	-60.939846


507.524022	-46.629609
505.706029	-53.905928
503.888036	-61.182248


508.494198	-46.872010
506.676205	-54.148330
504.858212	-61.424649


509.464374	-47.114412
507.646381	-54.390732
505.828388	-61.667051


510.434550	-47.356814
508.616556	-54.633134
506.798563	-61.909453


511.404725	-47.599216
509.586732	-54.875536
507.768739	-62.151855


512.374901	-47.841618
510.556908	-55.117938
508.738915	-62.394257


513.345077	-48.084020
511.527083	-55.360340
509.709090	-62.636659


514.315252	-48.326422
512.497259	-55.602742
510.679266	-62.879061


515.285428	-48.568824
513.467435	-55.845143
511.649442	-63.121463


516.255603	-48.811226
514.437610	-56.087545
512.619617	-63.363865


517.225779	-49.053628
515.407786	-56.329947
513.589793	-63.606267


518.195955	-49.296030
516.377962	-56.572349
514.559968	-63.848669


519.166130	-49.538432
517.348137	-56.814751
515.530144	-64.091071


520.136306	-49.780834
518.318313	-57.057153
516.500320	-64.333473


521.106482	-50.023236
519.288489	-57.299555
517.470495	-64.575875


522.076657	-50.265637
520.258664	-57.541957
518.440671	-64.818276


523.046833	-50.508039
521.228840	-57.784359
519.410847	-65.060678


524.017009	-50.750441
522.199016	-58.026761
520.381022	-65.303080


524.987184	-50.992843
523.169191	-58.269163
521.351198	-65.545482


525.957360	-51.235245
524.139367	-58.511565
522.321374	-65.787884


526.927536	-51.477647
525.109542	-58.753967
523.291549	-66.030286


527.897711	-51.720049
526.079718	-58.996369
524.261725	-66.272688


528.867887	-51.962451
527.049894	-59.238770
525.231901	-66.515090


529.838063	-52.204853
528.020069	-59.481172
526.202076	-66.757492


530.808238	-52.447255
528.990245	-59.723574
527.172252	-66.999894


531.778414	-52.689657
529.960421	-59.965976
528.142428	-67.242296


532.748589	-52.932059
530.930596	-60.208378
529.112603	-67.484698


533.718765	-53.174461
531.900772	-60.450780
530.082779	-67.727100


534.688941	-53.416863
532.870948	-60.693182
531.052954	-67.969502


535.659116	-53.659264
533.841123	-60.935584
532.023130	-68.211903


536.629292	-53.901666
534.811299	-61.177986
532.993306	-68.454305


537.599468	-54.144068
535.781475	-61.420388
533.963481	-68.696707


538.569643	-54.386470
536.751650	-61.662790
534.933657	-68.939109


539.539819	-54.628872
537.721826	-61.905192
535.903833	-69.181511


540.509995	-54.871274
538.692001	-62.147594
536.874008	-69.423913


541.480170	-55.113676
539.662177	-62.389996
537.844184	-69.666315


542.450346	-55.356078
540.632353	-62.632397
538.814360	-69.908717


543.420522	-55.598480
541.602528	-62.874799
539.784535	-70.151119


544.390697	-55.840882
542.572704	-63.117201
540.754711	-70.393521


545.360873	-56.083284
543.542880	-63.359603
541.724887	-70.635923


546.331049	-56.325686
544.513055	-63.602005
542.695062	-70.878325


547.301224	-56.568088
545.483231	-63.844407
543.665238	-71.120727


548.271400	-56.810490
546.453407	-64.086809
544.635413	-71.363129


549.241575	-57.052891
547.423582	-64.329211
545.605589	-71.605530


550.211751	-57.295293
548.393758	-64.571613
546.575765	-71.847932


551.181927	-57.537695
549.363934	-64.814015
547.545940	-72.090334


552.152102	-57.780097
550.334109	-65.056417
548.516116	-72.332736


553.122278	-58.022499
551.304285	-65.298819
549.486292	-72.575138


554.092454	-58.264901
552.274461	-65.541221
550.456467	-72.817540


555.062629	-58.507303
553.244636	-65.783623
551.426643	-73.059942


556.032805	-58.749705
554.214812	-66.026024
552.396819	-73.302344


557.002981	-58.992107
555.184987	-66.268426
553.366994	-73.544746


557.973156	-59.234509
556.155163	-66.510828
554.337170	-73.787148


558.943332	-59.476911
557.125339	-66.753230
555.307346	-74.029550


559.913508	-59.719313
558.095514	-66.995632
556.277521	-74.271952


560.883683	-59.961715
559.065690	-67.238034
557.247697	-74.514354


561.853859	-60.204117
560.035866	-67.480436
558.217873	-74.756756


562.824034	-60.446518
561.006041	-67.722838
559.188048	-74.999157


563.794210	-60.688920
561.976217	-67.965240
560.158224	-75.241559


564.764386	-60.931322
562.946393	-68.207642
561.128399	-75.483961


565.734561	-61.173724
563.916568	-68.450044
562.098575	-75.726363


566.704737	-61.416126
564.886744	-68.692446
563.068751	-75.968765


567.674913	-61.658528
565.856920	-68.934848
564.038926	-76.211167


568.645088	-61.900930
566.827095	-69.177250
565.009102	-76.453569


569.615264	-62.143332
567.797271	-69.419651
565.979278	-76.695971


570.585440	-62.385734
568.767446	-69.662053
566.949453	-76.938373


571.555615	-62.628136
569.737622	-69.904455
567.919629	-77.180775


572.525791	-62.870538
570.707798	-70.146857
568.889805	-77.423177


573.495967	-63.112940
571.677973	-70.389259
569.859980	-77.665579


574.445455	-63.349832
572.648236	-70.631310
570.851018	-77.912789


575.335489	-63.564201
573.620430	-70.865468
571.905370	-78.166734


576.227883	-63.768528
574.595200	-71.088656
572.962517	-78.408783


577.122522	-63.962787
575.572423	-71.300846
574.022323	-78.638906


578.019293	-64.146953
576.551974	-71.502012
575.084656	-78.857072


578.918082	-64.321003
577.533731	-71.692129
576.149379	-79.063254


579.818776	-64.484914
578.517567	-71.871171
577.216358	-79.257427


580.721259	-64.638667
579.503357	-72.039116
578.285456	-79.439565


581.625417	-64.782241
580.490978	-72.195943
579.356540	-79.609645


582.531135	-64.915619
581.480303	-72.341632
580.429471	-79.767646


583.438299	-65.038782
582.471207	-72.476165
581.504115	-79.913547


584.346793	-65.151717
583.463564	-72.599524
582.580334	-80.047331


585.256502	-65.254407
584.457248	-72.711693
583.657993	-80.168979


586.167310	-65.346841
585.452132	-72.812659
584.736954	-80.278478


587.079102	-65.429006
586.448091	-72.902409
585.817080	-80.375812


587.991762	-65.500893
587.444998	-72.980931
586.898235	-80.460969


588.905174	-65.562491
588.442727	-73.048215
587.980280	-80.533940


589.819222	-65.613794
589.441150	-73.104253
589.063078	-80.594713


590.733790	-65.654794
590.440142	-73.149038
590.146493	-80.643282


591.648762	-65.685486
591.439574	-73.182563
591.230386	-80.679641


592.564021	-65.705867
592.439321	-73.204826
592.314621	-80.703784


593.479453	-65.715934
593.439255	-73.215822
593.399058	-80.715709


594.394939	-65.715686
594.439250	-73.215550
594.483561	-80.715414


595.310365	-65.705123
595.439178	-73.204011
595.567991	-80.702900


596.225613	-65.684245
596.438913	-73.181206
596.652212	-80.678168


597.140568	-65.653056
597.438327	-73.147138
597.736086	-80.641220


598.055114	-65.611560
598.437294	-73.101811
598.819474	-80.592062


598.969134	-65.559762
599.435686	-73.045231
599.902239	-80.530701


599.882512	-65.497668
600.433378	-72.977405
600.984245	-80.457143


600.795133	-65.425286
601.430243	-72.898342
602.065353	-80.371398


601.706880	-65.342626
602.426153	-72.808052
603.145426	-80.273477


602.617638	-65.249699
603.420982	-72.706545
604.224327	-80.163392


603.527291	-65.146515
604.414605	-72.593836
605.301919	-80.041158


604.435724	-65.033088
605.406895	-72.469939
606.378066	-79.906789


605.342820	-64.909432
606.397725	-72.334868
607.452630	-79.760304


606.248467	-64.775563
607.386971	-72.188642
608.525476	-79.601720


607.152547	-64.631499
608.374507	-72.031279
609.596467	-79.431058


608.054946	-64.477257
609.360206	-71.862798
610.665466	-79.248339


608.955551	-64.312856
610.343945	-71.683222
611.732339	-79.053587


609.854245	-64.138319
611.325598	-71.492573
612.796950	-78.846826


610.750916	-63.953666
612.305040	-71.290875
613.859164	-78.628083


611.645450	-63.758922
613.282148	-71.078154
614.918845	-78.397385


612.537733	-63.554111
614.256796	-70.854436
615.975860	-78.154761


613.427651	-63.339260
615.228862	-70.619751
617.030074	-77.900243


614.315091	-63.114394
616.198222	-70.374128
618.081353	-77.633863


615.199942	-62.879544
617.164753	-70.117599
619.129564	-77.355654


616.082091	-62.634738
618.128332	-69.850195
620.174574	-77.065652


616.961425	-62.380008
619.088837	-69.571951
621.216250	-76.763894


617.837833	-62.115386
620.046146	-69.282902
622.254459	-76.450417


618.711203	-61.840907
621.000137	-68.983085
623.289071	-76.125263


619.581426	-61.556603
621.950689	-68.672537
624.319953	-75.788471


620.448390	-61.262513
622.897682	-68.351299
625.346975	-75.440085


621.311985	-60.958673
623.840995	-68.019411
626.370006	-75.080150


622.172102	-60.645121
624.780509	-67.676915
627.388917	-74.708710


623.028631	-60.321898
625.716104	-67.323855
628.403577	-74.325813


623.881464	-59.989044
626.647662	-66.960276
629.413859	-73.931508


624.730492	-59.646602
627.575063	-66.586223
630.419634	-73.525844


625.575608	-59.294615
628.498191	-66.201744
631.420775	-73.108873


626.416704	-58.933128
629.416929	-65.806888
632.417153	-72.680648


627.253674	-58.562187
630.331159	-65.401706
633.408643	-72.241224


628.086411	-58.181839
631.240765	-64.986248
634.395119	-71.790656


628.914810	-57.792132
632.145633	-64.560567
635.376456	-71.329001


629.738764	-57.393116
633.045647	-64.124717
636.352529	-70.856319


630.558171	-56.984841
633.940692	-63.678755
637.323213	-70.372668


631.372926	-56.567360
634.830656	-63.222735
638.288387	-69.878111


632.182924	-56.140724
635.715425	-62.756717
639.247926	-69.372710


632.988064	-55.704989
636.594887	-62.280759
640.201710	-68.856529


633.788243	-55.260210
637.468931	-61.794922
641.149618	-68.329635


634.583360	-54.806442
638.337444	-61.299268
642.091528	-67.792093


635.373314	-54.343745
639.200318	-60.793859
643.027322	-67.243972


636.158004	-53.872176
640.057442	-60.278759
643.956880	-66.685342


636.937330	-53.391795
640.908708	-59.754034
644.880085	-66.116273


637.711195	-52.902664
641.754007	-59.219751
645.796820	-65.536839


638.479499	-52.404844
642.593233	-58.675978
646.706967	-64.947111


639.242145	-51.898399
643.426278	-58.122783
647.610412	-64.347166


639.999036	-51.383393
644.253038	-57.560236
648.507039	-63.737080


640.750076	-50.859891
645.073406	-56.988410
649.396736	-63.116929


641.495170	-50.327960
645.887279	-56.407377
650.279388	-62.486793


642.234223	-49.787668
646.694554	-55.817210
651.154884	-61.846752


642.967142	-49.239082
647.495127	-55.217984
652.023113	-61.196886


643.693832	-48.682273
648.288898	-54.609776
652.883964	-60.537279


644.414203	-48.117311
649.075766	-53.992663
653.737329	-59.868014


645.128162	-47.544268
649.855630	-53.366722
654.583098	-59.189176


645.835619	-46.963217
650.628392	-52.732035
655.421165	-58.500852


646.536484	-46.374232
651.393953	-52.088680
656.251423	-57.803128


647.230668	-45.777387
652.152217	-51.436740
657.073766	-57.096094


647.918083	-45.172758
652.903087	-50.776298
657.888091	-56.379838


648.598642	-44.560422
653.646468	-50.107437
658.694293	-55.654453


649.272258	-43.940456
654.382264	-49.430243
659.492271	-54.920029


649.938845	-43.312940
655.110384	-48.744801
660.281923	-54.176661


650.598320	-42.677953
655.830735	-48.051198
661.063149	-53.424443


651.250598	-42.035576
656.543224	-47.349523
661.835850	-52.663470


651.895597	-41.385889
657.247762	-46.639864
662.599928	-51.893839


652.533234	-40.728977
657.944259	-45.922312
663.355285	-51.115647


653.163429	-40.064921
658.632627	-45.196957
664.101825	-50.328994


653.786102	-39.393807
659.312778	-44.463893
664.839455	-49.533979


654.401173	-38.715719
659.984627	-43.723211
665.568080	-48.730703


655.008565	-38.030744
660.648086	-42.975006
666.287608	-47.919268


655.608200	-37.338969
661.303074	-42.219373
666.997947	-47.099777


656.200003	-36.640481
661.949505	-41.456408
667.699007	-46.272335


656.783898	-35.935369
662.587299	-40.686208
668.390699	-45.437046


657.359811	-35.223723
663.216374	-39.908870
669.072936	-44.594016


657.927668	-34.505633
663.836650	-39.124493
669.745631	-43.743353


658.487399	-33.781191
664.448049	-38.333177
670.408698	-42.885163


659.038931	-33.050487
665.050492	-37.535022
671.062053	-42.019558


659.582195	-32.313615
665.643905	-36.730130
671.705614	-41.146645


660.117122	-31.570669
666.228210	-35.918603
672.339298	-40.266537


660.643643	-30.821743
666.803334	-35.100543
672.963025	-39.379344


661.161693	-30.066932
667.369205	-34.276055
673.576716	-38.485179


661.671205	-29.306331
667.925749	-33.445244
674.180293	-37.584157


662.172114	-28.540038
668.472897	-32.608214
674.773679	-36.676391


662.664357	-27.768149
669.010578	-31.765073
675.356800	-35.761997


663.147872	-26.990763
669.538726	-30.915926
675.929580	-34.841090


663.622597	-26.207978
670.057272	-30.060883
676.491948	-33.913788


664.088471	-25.419894
670.566151	-29.200051
677.043831	-32.980208


664.545436	-24.626610
671.065298	-28.333540
677.585160	-32.040469


664.993434	-23.828228
671.554650	-27.461459
678.115866	-31.094690


665.432407	-23.024849
672.034145	-26.583921
678.635882	-30.142992


665.862301	-22.216575
672.503721	-25.701035
679.145142	-29.185494


666.283059	-21.403508
672.963320	-24.812914
679.643580	-28.222320


666.694630	-20.585752
673.412882	-23.919671
680.131134	-27.253590


667.096961	-19.763411
673.852352	-23.021419
680.607742	-26.279428


667.490000	-18.936588
674.281672	-22.118273
681.073344	-25.299958


667.873698	-18.105389
674.700788	-21.210346
681.527879	-24.315303


668.248006	-17.269920
675.109648	-20.297755
681.971291	-23.325590


668.612876	-16.430286
675.508200	-19.380615
682.403523	-22.330944


668.981438	-15.557176
675.897148	-18.459353
682.812858	-21.361530


669.368395	-14.635078
676.284105	-17.537255
683.199816	-20.439432


669.755352	-13.712980
676.671062	-16.615157
683.586773	-19.517334


670.142309	-12.790882
677.058020	-15.693059
683.973730	-18.595236


670.529266	-11.868785
677.444977	-14.770962
684.360687	-17.673139


670.916224	-10.946687
677.831934	-13.848864
684.747645	-16.751041


671.303181	-10.024589
678.218891	-12.926766
685.134602	-15.828943


671.690138	-9.102491
678.605849	-12.004668
685.521559	-14.906845


672.077095	-8.180393
678.992806	-11.082571
685.908516	-13.984748


672.464053	-7.258296
679.379763	-10.160473
686.295473	-13.062650


672.851010	-6.336198
679.766720	-9.238375
686.682431	-12.140552


673.237967	-5.414100
680.153677	-8.316277
687.069388	-11.218454


673.624924	-4.492002
680.540635	-7.394179
687.456345	-10.296357


674.011881	-3.569904
680.927592	-6.472082
687.843302	-9.374259


674.398839	-2.647806
681.314549	-5.549984
688.230260	-8.452161


674.785796	-1.725709
681.701506	-4.627886
688.617217	-7.530063


675.172753	-0.803611
682.088464	-3.705788
689.004174	-6.607966


675.559710	0.118487
682.475421	-2.783690
689.391131	-5.685868


675.946668	1.040585
682.862378	-1.861593
689.778088	-4.763770


676.333625	1.962683
683.249335	-0.939495
690.165046	-3.841672


676.720582	2.884781
683.636292	-0.017397
690.552003	-2.919575


677.107539	3.806878
684.023250	0.904701
690.938960	-1.997477


677.494496	4.728976
684.410207	1.826799
691.325917	-1.075379


677.881454	5.651074
684.797164	2.748896
691.712875	-0.153282


678.268411	6.573172
685.184121	3.670994
692.099832	0.768816


678.655368	7.495270
685.571079	4.593092
692.486789	1.690914


679.042325	8.417368
685.958036	5.515190
692.873746	2.613012


679.429283	9.339465
686.344993	6.437287
693.260704	3.535109


679.816240	10.261563
686.731950	7.359385
693.647661	4.457207


680.203197	11.183661
687.118908	8.281483
694.034618	5.379305


680.590154	12.105759
687.505865	9.203581
694.421575	6.301403


680.977112	13.027857
687.892822	10.125679
694.808532	7.223500


681.364069	13.949955
688.279779	11.047776
695.195490	8.145598


681.751026	14.872052
688.666736	11.969874
695.582447	9.067696


682.137983	15.794150
689.053694	12.891972
695.969404	9.989794


682.524940	16.716248
689.440651	13.814070
696.356361	10.911891


682.911898	17.638346
689.827608	14.736168
696.743319	11.833989


683.298855	18.560444
690.214565	15.658265
697.130276	12.756087


683.685812	19.482542
690.601523	16.580363
697.517233	13.678185


684.072769	20.404639
690.988480	17.502461
697.904190	14.600282


684.459727	21.326737
691.375437	18.424559
698.291147	15.522380


684.846684	22.248835
691.762394	19.346657
698.678105	16.444478


685.233641	23.170933
692.149351	20.268754
699.065062	17.366576


685.620598	24.093031
692.536309	21.190852
699.452019	18.288673


686.007555	25.015129
692.923266	22.112950
699.838976	19.210771


686.394513	25.937226
693.310223	23.035048
700.225934	20.132869


686.781470	26.859324
693.697180	23.957145
700.612891	21.054967


687.168427	27.781422
694.084138	24.879243
700.999848	21.977064


687.555384	28.703520
694.471095	25.801341
701.386805	22.899162


687.942342	29.625618
694.858052	26.723439
701.773762	23.821260


688.329299	30.547716
695.245009	27.645537
702.160720	24.743358


688.716256	31.469813
695.631966	28.567634
702.547677	25.665455


689.103213	32.391911
696.018924	29.489732
702.934634	26.587553


689.490170	33.314009
696.405881	30.411830
703.321591	27.509651


689.877128	34.236107
696.792838	31.333928
703.708549	28.431749


690.264085	35.158205
697.179795	32.256026
704.095506	29.353846


690.651042	36.080302
697.566753	33.178123
704.482463	30.275944


691.037999	37.002400
697.953710	34.100221
704.869420	31.198042


691.424957	37.924498
698.340667	35.022319
705.256377	32.120140


691.811914	38.846596
698.727624	35.944417
705.643335	33.042237


692.198871	39.768694
699.114581	36.866515
706.030292	33.964335


692.585828	40.690792
699.501539	37.788612
706.417249	34.886433


692.972785	41.612889
699.888496	38.710710
706.804206	35.808531


693.359743	42.534987
700.275453	39.632808
707.191164	36.730628


693.746700	43.457085
700.662410	40.554906
707.578121	37.652726


694.133657	44.379183
701.049368	41.477003
707.965078	38.574824


694.520614	45.301281
701.436325	42.399101
708.352035	39.496922


694.907572	46.223379
701.823282	43.321199
708.738992	40.419019


695.294529	47.145476
702.210239	44.243297
709.125950	41.341117


695.681486	48.067574
702.597196	45.165395
709.512907	42.263215


696.068443	48.989672
702.984154	46.087492
709.899864	43.185313


696.455400	49.911770
703.371111	47.009590
710.286821	44.107410


696.842358	50.833868
703.758068	47.931688
710.673779	45.029508


697.229315	51.755966
704.145025	48.853786
711.060736	45.951606


697.616272	52.678063
704.531983	49.775884
711.447693	46.873704


698.003229	53.600161
704.918940	50.697981
711.834650	47.795801


698.390187	54.522259
705.305897	51.620079
712.221607	48.717899


698.777144	55.444357
705.692854	52.542177
712.608565	49.639997


699.164101	56.366455
706.079811	53.464275
712.995522	50.562095


699.551058	57.288553
706.466769	54.386373
713.382479	51.484192


699.938015	58.210650
706.853726	55.308470
713.769436	52.406290


700.324973	59.132748
707.240683	56.230568
714.156394	53.328388


700.711930	60.054846
707.627640	57.152666
714.543351	54.250486


701.098887	60.976944
708.014598	58.074764
714.930308	55.172583


701.485844	61.899042
708.401555	58.996861
715.317265	56.094681


701.872802	62.821140
708.788512	59.918959
715.704222	57.016779


702.259759	63.743237
709.175469	60.841057
716.091180	57.938877


702.646716	64.665335
709.562426	61.763155
716.478137	58.860974


703.033673	65.587433
709.949384	62.685253
716.865094	59.783072


703.420630	66.509531
710.336341	63.607350
717.252051	60.705170


703.807588	67.431629
710.723298	64.529448
717.639009	61.627268


704.194545	68.353727
711.110255	65.451546
718.025966	62.549365


704.581502	69.275824
711.497213	66.373644
718.412923	63.471463


704.968459	70.197922
711.884170	67.295742
718.799880	64.393561


705.355417	71.120020
712.271127	68.217839
719.186838	65.315659


705.865655	72.278771
712.674031	69.133025
719.482407	65.987279


706.419864	73.423330
713.109816	70.033015
719.799768	66.642699


707.015171	74.547062
713.577917	70.916627
720.140664	67.286192


707.650795	75.648492
714.077720	71.782703
720.504646	67.916914


708.325901	76.726173
714.608569	72.630105
720.891238	68.534036


709.039603	77.778691
715.169767	73.457720
721.299931	69.136750


709.790964	78.804664
715.760577	74.264463
721.730189	69.724262


710.578998	79.802745
716.380223	75.049274
722.181448	70.295803


711.402671	80.771625
717.027893	75.811123
722.653115	70.850622


712.260901	81.710031
717.702736	76.549011
723.144571	71.387990


713.152561	82.616732
718.403866	77.261967
723.655170	71.907203


714.076482	83.490536
719.130362	77.949057
724.184243	72.407578


715.031450	84.330299
719.881272	78.609379
724.731094	72.888459


716.016212	85.134916
720.655609	79.242065
725.295007	73.349215


717.029475	85.903332
721.452358	79.846286
725.875241	73.789240


718.069908	86.634538
722.270471	80.421248
726.471033	74.207958


719.136147	87.327574
723.108875	80.966196
727.081603	74.604818


720.226792	87.981530
723.966470	81.480415
727.706148	74.979299


721.340410	88.595549
724.842130	81.963230
728.343850	75.330911


722.475540	89.168823
725.734705	82.414007
728.993869	75.659191


723.630692	89.700601
726.643023	82.832155
729.655355	75.963708


724.804350	90.190185
727.565893	83.217124
730.327437	76.244063


725.994973	90.636931
728.502103	83.568409
731.009234	76.499888


727.200998	91.040253
729.450424	83.885550
731.699850	76.730847


728.420841	91.399622
730.409611	84.168129
732.398380	76.936636


729.652902	91.714566
731.378404	84.415776
733.103907	77.116986


730.895564	91.984672
732.355533	84.628166
733.815503	77.271659


732.147194	92.209585
733.339715	84.805020
734.532235	77.400454


733.406150	92.389010
734.329657	84.946105
735.253163	77.503200


734.670780	92.522711
735.324060	85.051237
735.977339	77.579763


735.939423	92.610513
736.321619	85.120278
736.703814	77.630043


737.210414	92.652301
737.321024	85.153136
737.431633	77.653972


738.482085	92.648019
738.320963	85.149770
738.159841	77.651521


739.752766	92.597673
739.320124	85.110182
738.887483	77.622692


741.020789	92.501330
740.317196	85.034426
739.613603	77.567522


742.284489	92.359116
741.310868	84.922601
740.337247	77.486085


743.542209	92.171217
742.299838	84.774853
741.057467	77.378488


744.792296	91.937881
743.282806	84.591376
741.773316	77.244871


746.033111	91.659413
744.258483	84.372411
742.483855	77.085410


747.230153	91.345698
745.225666	84.118525
743.221180	76.891353


748.193776	91.078434
746.189290	83.851261
744.184804	76.624088


749.157399	90.811170
747.152913	83.583997
745.148427	76.356824


750.121023	90.543906
748.116537	83.316733
746.112051	76.089560


751.084646	90.276641
749.080160	83.049468
747.075674	75.822296


752.048270	90.009377
750.043784	82.782204
748.039297	75.555031


753.011893	89.742113
751.007407	82.514940
749.002921	75.287767


753.975516	89.474849
751.971030	82.247676
749.966544	75.020503


754.939140	89.207584
752.934654	81.980411
750.930168	74.753239


755.902763	88.940320
753.898277	81.713147
751.893791	74.485974


756.866387	88.673056
754.861901	81.445883
752.857415	74.218710


757.830010	88.405791
755.825524	81.178619
753.821038	73.951446


758.793634	88.138527
756.789147	80.911354
754.784661	73.684182


759.757257	87.871263
757.752771	80.644090
755.748285	73.416917


760.720880	87.603999
758.716394	80.376826
756.711908	73.149653


761.684504	87.336734
759.680018	80.109562
757.675532	72.882389


762.648127	87.069470
760.643641	79.842297
758.639155	72.615125


763.611751	86.802206
761.607265	79.575033
759.602779	72.347860


764.575374	86.534942
762.570888	79.307769
760.566402	72.080596


765.538998	86.267677
763.534511	79.040505
761.530025	71.813332


766.502621	86.000413
764.498135	78.773240
762.493649	71.546067


767.466244	85.733149
765.461758	78.505976
763.457272	71.278803


768.429868	85.465885
766.425382	78.238712
764.420896	71.011539


769.393491	85.198620
767.389005	77.971448
765.384519	70.744275


770.357115	84.931356
768.352629	77.704183
766.348142	70.477010


771.320738	84.664092
769.316252	77.436919
767.311766	70.209746


772.284361	84.396828
770.279875	77.169655
768.275389	69.942482


773.247985	84.129563
771.243499	76.902391
769.239013	69.675218


774.211608	83.862299
772.207122	76.635126
770.202636	69.407953


775.175232	83.595035
773.170746	76.367862
771.166260	69.140689


776.138855	83.327771
774.134369	76.100598
772.129883	68.873425


777.102479	83.060506
775.097992	75.833333
773.093506	68.606161


778.066102	82.793242
776.061616	75.566069
774.057130	68.338896


779.029725	82.525978
777.025239	75.298805
775.020753	68.071632


779.993349	82.258714
777.988863	75.031541
775.984377	67.804368


780.956972	81.991449
778.952486	74.764276
776.948000	67.537104


781.920596	81.724185
779.916110	74.497012
777.911623	67.269839


782.884219	81.456921
780.879733	74.229748
778.875247	67.002575


783.847842	81.189657
781.843356	73.962484
779.838870	66.735311


784.811466	80.922392
782.806980	73.695219
780.802494	66.468047


785.775089	80.655128
783.770603	73.427955
781.766117	66.200782


786.738713	80.387864
784.734227	73.160691
782.729741	65.933518


787.702336	80.120600
785.697850	72.893427
783.693364	65.666254


788.665960	79.853335
786.661473	72.626162
784.656987	65.398990


789.629583	79.586071
787.625097	72.358898
785.620611	65.131725


790.593206	79.318807
788.588720	72.091634
786.584234	64.864461


791.556830	79.051542
789.552344	71.824370
787.547858	64.597197


792.520453	78.784278
790.515967	71.557105
788.511481	64.329933


793.484077	78.517014
791.479591	71.289841
789.475104	64.062668


794.447700	78.249750
792.443214	71.022577
790.438728	63.795404


795.411323	77.982485
793.406837	70.755313
791.402351	63.528140


796.374947	77.715221
794.370461	70.488048
792.365975	63.260876


797.338570	77.447957
795.334084	70.220784
793.329598	62.993611


798.302194	77.180693
796.297708	69.953520
794.293222	62.726347


799.265817	76.913428
797.261331	69.686256
795.256845	62.459083


800.229441	76.646164
798.224954	69.418991
796.220468	62.191818


801.193064	76.378900
799.188578	69.151727
797.184092	61.924554


802.156687	76.111636
800.152201	68.884463
798.147715	61.657290


803.120311	75.844371
801.115825	68.617199
799.111339	61.390026


804.083934	75.577107
802.079448	68.349934
800.074962	61.122761


805.047558	75.309843
803.043072	68.082670
801.038585	60.855497


806.011181	75.042579
804.006695	67.815406
802.002209	60.588233


806.974804	74.775314
804.970318	67.548142
802.965832	60.320969


807.938428	74.508050
805.933942	67.280877
803.929456	60.053704


808.902051	74.240786
806.897565	67.013613
804.893079	59.786440


809.865675	73.973522
807.861189	66.746349
805.856703	59.519176


810.829298	73.706257
808.824812	66.479084
806.820326	59.251912


811.792922	73.438993
809.788435	66.211820
807.783949	58.984647


812.756545	73.171729
810.752059	65.944556
808.747573	58.717383


813.720168	72.904465
811.715682	65.677292
809.711196	58.450119


814.683792	72.637200
812.679306	65.410027
810.674820	58.182855


815.647415	72.369936
813.642929	65.142763
811.638443	57.915590


816.611039	72.102672
814.606553	64.875499
812.602067	57.648326


817.574662	71.835408
815.570176	64.608235
813.565690	57.381062


818.538286	71.568143
816.533799	64.340970
814.529313	57.113798


819.501909	71.300879
817.497423	64.073706
815.492937	56.846533


820.465532	71.033615
818.461046	63.806442
816.456560	56.579269


821.429156	70.766351
819.424670	63.539178
817.420184	56.312005


822.392779	70.499086
820.388293	63.271913
818.383807	56.044741


823.356403	70.231822
821.351917	63.004649
819.347430	55.777476


824.320026	69.964558
822.315540	62.737385
820.311054	55.510212


825.283649	69.697293
823.279163	62.470121
821.274677	55.242948


826.247273	69.430029
824.242787	62.202856
822.238301	54.975684


827.210896	69.162765
825.206410	61.935592
823.201924	54.708419


828.174520	68.895501
826.170034	61.668328
824.165548	54.441155


829.138143	68.628236
827.133657	61.401064
825.129171	54.173891


830.101767	68.360972
828.097280	61.133799
826.092794	53.906626


831.065390	68.093708
829.060904	60.866535
827.056418	53.639362


832.029013	67.826444
830.024527	60.599271
828.020041	53.372098


832.992637	67.559179
830.988151	60.332007
828.983665	53.104834


833.956260	67.291915
831.951774	60.064742
829.947288	52.837569


834.919884	67.024651
832.915398	59.797478
830.910911	52.570305


835.883507	66.757387
833.879021	59.530214
831.874535	52.303041


836.847130	66.490122
834.842644	59.262950
832.838158	52.035777


837.810754	66.222858
835.806268	58.995685
833.801782	51.768512


838.774377	65.955594
836.769891	58.728421
834.765405	51.501248


839.738001	65.688330
837.733515	58.461157
835.729029	51.233984


840.701624	65.421065
838.697138	58.193893
836.692652	50.966720


841.665248	65.153801
839.660761	57.926628
837.656275	50.699455


842.628871	64.886537
840.624385	57.659364
838.619899	50.432191


843.592494	64.619273
841.588008	57.392100
839.583522	50.164927


844.556118	64.352008
842.551632	57.124835
840.547146	49.897663


845.519741	64.084744
843.515255	56.857571
841.510769	49.630398


846.483365	63.817480
844.478879	56.590307
842.474392	49.363134


847.446988	63.550216
845.442502	56.323043
843.438016	49.095870


848.410611	63.282951
846.406125	56.055778
844.401639	48.828606


849.374235	63.015687
847.369749	55.788514
845.365263	48.561341


850.172663	62.799781
848.335277	55.528329
846.497892	48.256878


850.881800	62.634200
849.309030	55.300961
847.736260	47.967723


851.596470	62.494416
850.290380	55.109016
848.984290	47.723617


852.315734	62.380613
851.278039	54.952747
850.240344	47.524882


853.038649	62.292940
852.270711	54.832359
851.502773	47.371778


853.764266	62.231512
853.267093	54.748009
852.769919	47.264507


854.491631	62.196410
854.265876	54.699809
854.040120	47.203208


855.219791	62.187680
855.265749	54.687822
855.311707	47.187963


855.947789	62.205334
856.265401	54.712063
856.583012	47.218791


856.674670	62.249348
857.263518	54.772500
857.852366	47.295653


857.399479	62.319664
858.258791	54.869055
859.118102	47.418446


858.121265	62.416191
859.249912	55.001601
860.378560	47.587011


858.839081	62.538801
860.235582	55.169963
861.632083	47.801125


859.551984	62.687334
861.214506	55.373921
862.877028	48.060507


860.259038	62.861594
862.185399	55.613206
864.111760	48.364818


860.959316	63.061353
863.146987	55.887505
865.334657	48.713658


861.651898	63.286348
864.098007	56.196458
866.544115	49.106568


862.335875	63.536285
865.037210	56.539659
867.738546	49.543033


863.010349	63.810835
865.963365	56.916657
868.916382	50.022480


863.674434	64.109638
866.875255	57.326959
870.076077	50.544279


864.327260	64.432301
867.771684	57.770024
871.216108	51.107747


864.967968	64.778401
868.651474	58.245271
872.334979	51.712142


865.595719	65.147484
869.513470	58.752078
873.431222	52.356672


866.209687	65.539064
870.356542	59.289777
874.503397	53.040491


866.809068	65.952629
871.179582	59.857665
875.550097	53.762700


867.393073	66.387635
871.981510	60.454994
876.569947	54.522352


867.960937	66.843512
872.761274	61.080981
877.561610	55.318450


868.511914	67.319660
873.517849	61.734804
878.523783	56.149949


869.045281	67.815455
874.250242	62.415605
879.455203	57.015756


869.560337	68.330245
874.957493	63.122491
880.354648	57.914737


870.056408	68.863356
875.638672	63.854533
881.220937	58.845710


870.532840	69.414087
876.292887	64.610770
882.052933	59.807453


870.989009	69.981716
876.919276	65.390210
882.849543	60.798704


871.424317	70.565497
877.517020	66.191829
883.609722	61.818162


871.838191	71.164663
878.085332	67.014576
884.332473	62.864488


872.230089	71.778429
878.623467	67.857370
885.016845	63.936310


872.599496	72.405989
879.130719	68.719104
885.661941	65.032219


872.945927	73.046519
879.606421	69.598649
886.266915	66.150778


873.268927	73.699178
880.049949	70.494848
886.830971	67.290518


