64.691612	15.000000
64.691612	7.500000
64.691612	0.000000


65.691612	15.000000
65.691612	7.500000
65.691612	0.000000


66.691612	15.000000
66.691612	7.500000
66.691612	0.000000


67.691612	15.000000
67.691612	7.500000
67.691612	0.000000


68.691612	15.000000
68.691612	7.500000
68.691612	0.000000


69.691612	15.000000
69.691612	7.500000
69.691612	0.000000


70.691612	15.000000
70.691612	7.500000
70.691612	0.000000


71.691612	15.000000
71.691612	7.500000
71.691612	0.000000


72.691612	15.000000
72.691612	7.500000
72.691612	0.000000


73.691612	15.000000
73.691612	7.500000
73.691612	0.000000


74.691612	15.000000
74.691612	7.500000
74.691612	0.000000


75.691612	15.000000
75.691612	7.500000
75.691612	0.000000


76.691612	15.000000
76.691612	7.500000
76.691612	0.000000


77.691612	15.000000
77.691612	7.500000
77.691612	0.000000


78.691612	15.000000
78.691612	7.500000
78.691612	0.000000


79.691612	15.000000
79.691612	7.500000
79.691612	0.000000


80.691612	15.000000
80.691612	7.500000
80.691612	0.000000


81.691612	15.000000
81.691612	7.500000
81.691612	0.000000


82.691612	15.000000
82.691612	7.500000
82.691612	0.000000


83.691612	15.000000
83.691612	7.500000
83.691612	0.000000


84.691612	15.000000
84.691612	7.500000
84.691612	0.000000


85.691612	15.000000
85.691612	7.500000
85.691612	0.000000


86.691612	15.000000
86.691612	7.500000
86.691612	0.000000


87.691612	15.000000
87.691612	7.500000
87.691612	0.000000


88.691612	15.000000
88.691612	7.500000
88.691612	0.000000


89.691612	15.000000
89.691612	7.500000
89.691612	0.000000


90.691612	15.000000
90.691612	7.500000
90.691612	0.000000


91.691612	15.000000
91.691612	7.500000
91.691612	0.000000


92.691612	15.000000
92.691612	7.500000
92.691612	0.000000


93.691612	15.000000
93.691612	7.500000
93.691612	0.000000


94.691612	15.000000
94.691612	7.500000
94.691612	0.000000


95.691612	15.000000
95.691612	7.500000
95.691612	0.000000


96.691612	15.000000
96.691612	7.500000
96.691612	0.000000


97.691612	15.000000
97.691612	7.500000
97.691612	0.000000


98.691612	15.000000
98.691612	7.500000
98.691612	0.000000


99.691612	15.000000
99.691612	7.500000
99.691612	0.000000


100.691612	15.000000
100.691612	7.500000
100.691612	0.000000


101.691612	15.000000
101.691612	7.500000
101.691612	0.000000


102.691612	15.000000
102.691612	7.500000
102.691612	0.000000


103.691612	15.000000
103.691612	7.500000
103.691612	0.000000


104.691612	15.000000
104.691612	7.500000
104.691612	0.000000


105.691612	15.000000
105.691612	7.500000
105.691612	0.000000


106.691612	15.000000
106.691612	7.500000
106.691612	0.000000


107.691612	15.000000
107.691612	7.500000
107.691612	0.000000


108.691612	15.000000
108.691612	7.500000
108.691612	0.000000


109.691612	15.000000
109.691612	7.500000
109.691612	0.000000


110.691612	15.000000
110.691612	7.500000
110.691612	0.000000


111.691612	15.000000
111.691612	7.500000
111.691612	0.000000


112.691612	15.000000
112.691612	7.500000
112.691612	0.000000


113.691612	15.000000
113.691612	7.500000
113.691612	0.000000


114.691612	15.000000
114.691612	7.500000
114.691612	0.000000


115.691612	15.000000
115.691612	7.500000
115.691612	0.000000


116.691612	15.000000
116.691612	7.500000
116.691612	0.000000


117.691612	15.000000
117.691612	7.500000
117.691612	0.000000


118.691612	15.000000
118.691612	7.500000
118.691612	0.000000


119.691612	15.000000
119.691612	7.500000
119.691612	0.000000


120.691612	15.000000
120.691612	7.500000
120.691612	0.000000


121.691612	15.000000
121.691612	7.500000
121.691612	0.000000


122.691612	15.000000
122.691612	7.500000
122.691612	0.000000


123.691612	15.000000
123.691612	7.500000
123.691612	0.000000


124.691612	15.000000
124.691612	7.500000
124.691612	0.000000


125.691612	15.000000
125.691612	7.500000
125.691612	0.000000


126.691612	15.000000
126.691612	7.500000
126.691612	0.000000


127.691612	15.000000
127.691612	7.500000
127.691612	0.000000


128.691612	15.000000
128.691612	7.500000
128.691612	0.000000


129.691612	15.000000
129.691612	7.500000
129.691612	0.000000


130.691612	15.000000
130.691612	7.500000
130.691612	0.000000


131.691612	15.000000
131.691612	7.500000
131.691612	0.000000


132.691612	15.000000
132.691612	7.500000
132.691612	0.000000


133.691612	15.000000
133.691612	7.500000
133.691612	0.000000


134.691612	15.000000
134.691612	7.500000
134.691612	0.000000


135.691612	15.000000
135.691612	7.500000
135.691612	0.000000


136.691612	15.000000
136.691612	7.500000
136.691612	0.000000


137.691612	15.000000
137.691612	7.500000
137.691612	0.000000


138.691612	15.000000
138.691612	7.500000
138.691612	0.000000


139.691612	15.000000
139.691612	7.500000
139.691612	0.000000


140.691612	15.000000
140.691612	7.500000
140.691612	0.000000


141.691612	15.000000
141.691612	7.500000
141.691612	0.000000


142.691612	15.000000
142.691612	7.500000
142.691612	0.000000


143.691612	15.000000
143.691612	7.500000
143.691612	0.000000


144.691612	15.000000
144.691612	7.500000
144.691612	0.000000


145.691612	15.000000
145.691612	7.500000
145.691612	0.000000


146.691612	15.000000
146.691612	7.500000
146.691612	0.000000


147.691612	15.000000
147.691612	7.500000
147.691612	0.000000


148.691612	15.000000
148.691612	7.500000
148.691612	0.000000


149.691612	15.000000
149.691612	7.500000
149.691612	0.000000


150.691612	15.000000
150.691612	7.500000
150.691612	0.000000


151.691612	15.000000
151.691612	7.500000
151.691612	0.000000


152.691612	15.000000
152.691612	7.500000
152.691612	0.000000


153.691612	15.000000
153.691612	7.500000
153.691612	0.000000


154.691612	15.000000
154.691612	7.500000
154.691612	0.000000


155.691612	15.000000
155.691612	7.500000
155.691612	0.000000


156.691612	15.000000
156.691612	7.500000
156.691612	0.000000


157.691612	15.000000
157.691612	7.500000
157.691612	0.000000


158.691612	15.000000
158.691612	7.500000
158.691612	0.000000


159.691612	15.000000
159.691612	7.500000
159.691612	0.000000


160.691612	15.000000
160.691612	7.500000
160.691612	0.000000


161.691612	15.000000
161.691612	7.500000
161.691612	0.000000


162.691612	15.000000
162.691612	7.500000
162.691612	0.000000


163.691612	15.000000
163.691612	7.500000
163.691612	0.000000


164.691612	15.000000
164.691612	7.500000
164.691612	0.000000


165.691612	15.000000
165.691612	7.500000
165.691612	0.000000


166.691612	15.000000
166.691612	7.500000
166.691612	0.000000


167.691612	15.000000
167.691612	7.500000
167.691612	0.000000


168.691612	15.000000
168.691612	7.500000
168.691612	0.000000


169.691612	15.000000
169.691612	7.500000
169.691612	0.000000


170.691612	15.000000
170.691612	7.500000
170.691612	0.000000


171.691612	15.000000
171.691612	7.500000
171.691612	0.000000


172.691612	15.000000
172.691612	7.500000
172.691612	0.000000


173.691612	15.000000
173.691612	7.500000
173.691612	0.000000


174.691612	15.000000
174.691612	7.500000
174.691612	0.000000


175.691612	15.000000
175.691612	7.500000
175.691612	0.000000


176.691612	15.000000
176.691612	7.500000
176.691612	0.000000


177.691612	15.000000
177.691612	7.500000
177.691612	0.000000


178.691612	15.000000
178.691612	7.500000
178.691612	0.000000


179.691612	15.000000
179.691612	7.500000
179.691612	0.000000


180.691612	15.000000
180.691612	7.500000
180.691612	0.000000


181.691612	15.000000
181.691612	7.500000
181.691612	0.000000


182.691612	15.000000
182.691612	7.500000
182.691612	0.000000


183.691612	15.000000
183.691612	7.500000
183.691612	0.000000


184.691612	15.000000
184.691612	7.500000
184.691612	0.000000


185.691612	15.000000
185.691612	7.500000
185.691612	0.000000


186.691612	15.000000
186.691612	7.500000
186.691612	0.000000


187.691612	15.000000
187.691612	7.500000
187.691612	0.000000


188.691612	15.000000
188.691612	7.500000
188.691612	0.000000


189.691612	15.000000
189.691612	7.500000
189.691612	0.000000


190.691612	15.000000
190.691612	7.500000
190.691612	0.000000


191.691612	15.000000
191.691612	7.500000
191.691612	0.000000


192.691612	15.000000
192.691612	7.500000
192.691612	0.000000


193.691612	15.000000
193.691612	7.500000
193.691612	0.000000


194.691612	15.000000
194.691612	7.500000
194.691612	0.000000


195.691612	15.000000
195.691612	7.500000
195.691612	0.000000


0.832977	15.000000
0.832977	7.500000
0.832977	0.000000


1.832977	15.000000
1.832977	7.500000
1.832977	0.000000


2.832977	15.000000
2.832977	7.500000
2.832977	0.000000


3.832977	15.000000
3.832977	7.500000
3.832977	0.000000


4.832977	15.000000
4.832977	7.500000
4.832977	0.000000


5.832977	15.000000
5.832977	7.500000
5.832977	0.000000


6.832977	15.000000
6.832977	7.500000
6.832977	0.000000


7.832977	15.000000
7.832977	7.500000
7.832977	0.000000


8.832977	15.000000
8.832977	7.500000
8.832977	0.000000


9.832977	15.000000
9.832977	7.500000
9.832977	0.000000


10.832977	15.000000
10.832977	7.500000
10.832977	0.000000


11.832977	15.000000
11.832977	7.500000
11.832977	0.000000


12.832977	15.000000
12.832977	7.500000
12.832977	0.000000


13.832977	15.000000
13.832977	7.500000
13.832977	0.000000


14.832977	15.000000
14.832977	7.500000
14.832977	0.000000


15.832977	15.000000
15.832977	7.500000
15.832977	0.000000


16.832977	15.000000
16.832977	7.500000
16.832977	0.000000


17.832977	15.000000
17.832977	7.500000
17.832977	0.000000


18.832977	15.000000
18.832977	7.500000
18.832977	0.000000


19.832977	15.000000
19.832977	7.500000
19.832977	0.000000


20.832977	15.000000
20.832977	7.500000
20.832977	0.000000


21.832977	15.000000
21.832977	7.500000
21.832977	0.000000


22.832977	15.000000
22.832977	7.500000
22.832977	0.000000


23.832977	15.000000
23.832977	7.500000
23.832977	0.000000


24.832977	15.000000
24.832977	7.500000
24.832977	0.000000


25.832977	15.000000
25.832977	7.500000
25.832977	0.000000


26.832977	15.000000
26.832977	7.500000
26.832977	0.000000


27.832977	15.000000
27.832977	7.500000
27.832977	0.000000


28.832977	15.000000
28.832977	7.500000
28.832977	0.000000


29.832977	15.000000
29.832977	7.500000
29.832977	0.000000


30.832977	15.000000
30.832977	7.500000
30.832977	0.000000


31.832977	15.000000
31.832977	7.500000
31.832977	0.000000


32.832977	15.000000
32.832977	7.500000
32.832977	0.000000


33.832977	15.000000
33.832977	7.500000
33.832977	0.000000


34.832977	15.000000
34.832977	7.500000
34.832977	0.000000


35.832977	15.000000
35.832977	7.500000
35.832977	0.000000


36.832977	15.000000
36.832977	7.500000
36.832977	0.000000


37.832977	15.000000
37.832977	7.500000
37.832977	0.000000


38.832977	15.000000
38.832977	7.500000
38.832977	0.000000


39.832977	15.000000
39.832977	7.500000
39.832977	0.000000


40.832977	15.000000
40.832977	7.500000
40.832977	0.000000


41.832977	15.000000
41.832977	7.500000
41.832977	0.000000


42.832977	15.000000
42.832977	7.500000
42.832977	0.000000


43.832977	15.000000
43.832977	7.500000
43.832977	0.000000


44.832977	15.000000
44.832977	7.500000
44.832977	0.000000


45.832977	15.000000
45.832977	7.500000
45.832977	0.000000


46.832977	15.000000
46.832977	7.500000
46.832977	0.000000


47.832977	15.000000
47.832977	7.500000
47.832977	0.000000


48.832977	15.000000
48.832977	7.500000
48.832977	0.000000


49.832977	15.000000
49.832977	7.500000
49.832977	0.000000


50.832977	15.000000
50.832977	7.500000
50.832977	0.000000


51.832977	15.000000
51.832977	7.500000
51.832977	0.000000


52.832977	15.000000
52.832977	7.500000
52.832977	0.000000


53.832977	15.000000
53.832977	7.500000
53.832977	0.000000


54.832977	15.000000
54.832977	7.500000
54.832977	0.000000


55.832977	15.000000
55.832977	7.500000
55.832977	0.000000


56.832977	15.000000
56.832977	7.500000
56.832977	0.000000


57.832977	15.000000
57.832977	7.500000
57.832977	0.000000


58.832977	15.000000
58.832977	7.500000
58.832977	0.000000


59.832977	15.000000
59.832977	7.500000
59.832977	0.000000


60.832977	15.000000
60.832977	7.500000
60.832977	0.000000


61.832977	15.000000
61.832977	7.500000
61.832977	0.000000


62.832977	15.000000
62.832977	7.500000
62.832977	0.000000


