748.721069	-281.603516
746.930603	-288.886658
745.140137	-296.169800


749.692155	-281.842247
747.901689	-289.125389
746.111222	-296.408531


750.663240	-282.080979
748.872774	-289.364121
747.082308	-296.647263


751.634326	-282.319710
749.843859	-289.602852
748.053393	-296.885995


752.605411	-282.558442
750.814945	-289.841584
749.024479	-297.124726


753.576497	-282.797174
751.786030	-290.080316
749.995564	-297.363458


754.547582	-283.035905
752.757116	-290.319047
750.966650	-297.602189


755.518668	-283.274637
753.728201	-290.557779
751.937735	-297.840921


756.489753	-283.513368
754.699287	-290.796510
752.908821	-298.079653


757.460839	-283.752100
755.670372	-291.035242
753.879906	-298.318384


758.431924	-283.990832
756.641458	-291.273974
754.850992	-298.557116


759.403010	-284.229563
757.612543	-291.512705
755.822077	-298.795847


760.374095	-284.468295
758.583629	-291.751437
756.793163	-299.034579


761.345181	-284.707026
759.554714	-291.990168
757.764248	-299.273310


762.316266	-284.945758
760.525800	-292.228900
758.735333	-299.512042


763.287352	-285.184489
761.496885	-292.467632
759.706419	-299.750774


764.258437	-285.423221
762.467971	-292.706363
760.677504	-299.989505


765.229523	-285.661953
763.439056	-292.945095
761.648590	-300.228237


766.200608	-285.900684
764.410142	-293.183826
762.619675	-300.466968


767.171694	-286.139416
765.381227	-293.422558
763.590761	-300.705700


768.142779	-286.378147
766.352313	-293.661289
764.561846	-300.944432


769.113864	-286.616879
767.323398	-293.900021
765.532932	-301.183163


770.084950	-286.855611
768.294484	-294.138753
766.504017	-301.421895


771.056035	-287.094342
769.265569	-294.377484
767.475103	-301.660626


772.027121	-287.333074
770.236655	-294.616216
768.446188	-301.899358


772.998206	-287.571805
771.207740	-294.854947
769.417274	-302.138090


773.969292	-287.810537
772.178826	-295.093679
770.388359	-302.376821


774.940377	-288.049269
773.149911	-295.332411
771.359445	-302.615553


775.911463	-288.288000
774.120997	-295.571142
772.330530	-302.854284


776.882548	-288.526732
775.092082	-295.809874
773.301616	-303.093016


777.853634	-288.765463
776.063168	-296.048605
774.272701	-303.331747


778.824719	-289.004195
777.034253	-296.287337
775.243787	-303.570479


779.795805	-289.242926
778.005338	-296.526069
776.214872	-303.809211


780.766890	-289.481658
778.976424	-296.764800
777.185958	-304.047942


781.737976	-289.720390
779.947509	-297.003532
778.157043	-304.286674


782.709061	-289.959121
780.918595	-297.242263
779.128129	-304.525405


783.680147	-290.197853
781.889680	-297.480995
780.099214	-304.764137


784.651232	-290.436584
782.860766	-297.719726
781.070300	-305.002869


785.622318	-290.675316
783.831851	-297.958458
782.041385	-305.241600


786.593403	-290.914048
784.802937	-298.197190
783.012471	-305.480332


787.564489	-291.152779
785.774022	-298.435921
783.983556	-305.719063


788.535574	-291.391511
786.745108	-298.674653
784.954642	-305.957795


789.506660	-291.630242
787.716193	-298.913384
785.925727	-306.196527


790.477745	-291.868974
788.687279	-299.152116
786.896813	-306.435258


791.448831	-292.107706
789.658364	-299.390848
787.867898	-306.673990


792.419916	-292.346437
790.629450	-299.629579
788.838983	-306.912721


793.391002	-292.585169
791.600535	-299.868311
789.810069	-307.151453


794.362087	-292.823900
792.571621	-300.107042
790.781154	-307.390184


795.333173	-293.062632
793.542706	-300.345774
791.752240	-307.628916


796.304258	-293.301363
794.513792	-300.584506
792.723325	-307.867648


797.275344	-293.540095
795.484877	-300.823237
793.694411	-308.106379


798.246429	-293.778827
796.455963	-301.061969
794.665496	-308.345111


799.217514	-294.017558
797.427048	-301.300700
795.636582	-308.583842


800.188600	-294.256290
798.398134	-301.539432
796.607667	-308.822574


801.159685	-294.495021
799.369219	-301.778163
797.578753	-309.061306


802.130771	-294.733753
800.340305	-302.016895
798.549838	-309.300037


803.101856	-294.972485
801.311390	-302.255627
799.520924	-309.538769


804.072942	-295.211216
802.282476	-302.494358
800.492009	-309.777500


805.044027	-295.449948
803.253561	-302.733090
801.463095	-310.016232


806.015113	-295.688679
804.224647	-302.971821
802.434180	-310.254964


806.986198	-295.927411
805.195732	-303.210553
803.405266	-310.493695


807.957284	-296.166143
806.166818	-303.449285
804.376351	-310.732427


808.928369	-296.404874
807.137903	-303.688016
805.347437	-310.971158


809.899455	-296.643606
808.108988	-303.926748
806.318522	-311.209890


810.870540	-296.882337
809.080074	-304.165479
807.289608	-311.448621


811.841626	-297.121069
810.051159	-304.404211
808.260693	-311.687353


812.812711	-297.359800
811.022245	-304.642943
809.231779	-311.926085


813.783797	-297.598532
811.993330	-304.881674
810.202864	-312.164816


814.754882	-297.837264
812.964416	-305.120406
811.173950	-312.403548


815.725968	-298.075995
813.935501	-305.359137
812.145035	-312.642279


816.697053	-298.314727
814.906587	-305.597869
813.116121	-312.881011


817.668139	-298.553458
815.877672	-305.836600
814.087206	-313.119743


818.639224	-298.792190
816.848758	-306.075332
815.058292	-313.358474


819.610310	-299.030922
817.819843	-306.314064
816.029377	-313.597206


820.581395	-299.269653
818.790929	-306.552795
817.000462	-313.835937


821.552481	-299.508385
819.762014	-306.791527
817.971548	-314.074669


822.523566	-299.747116
820.733100	-307.030258
818.942633	-314.313401


823.494652	-299.985848
821.704185	-307.268990
819.913719	-314.552132


824.465737	-300.224580
822.675271	-307.507722
820.884804	-314.790864


825.436823	-300.463311
823.646356	-307.746453
821.855890	-315.029595


826.407908	-300.702043
824.617442	-307.985185
822.826975	-315.268327


827.378993	-300.940774
825.588527	-308.223916
823.798061	-315.507058


828.350079	-301.179506
826.559613	-308.462648
824.769146	-315.745790


829.321164	-301.418237
827.530698	-308.701380
825.740232	-315.984522


830.292250	-301.656969
828.501784	-308.940111
826.711317	-316.223253


831.263335	-301.895701
829.472869	-309.178843
827.682403	-316.461985


832.234421	-302.134432
830.443955	-309.417574
828.653488	-316.700716


833.205506	-302.373164
831.415040	-309.656306
829.624574	-316.939448


834.176592	-302.611895
832.386126	-309.895038
830.595659	-317.178180


835.147677	-302.850627
833.357211	-310.133769
831.566745	-317.416911


836.118763	-303.089359
834.328297	-310.372501
832.537830	-317.655643


837.089848	-303.328090
835.299382	-310.611232
833.508916	-317.894374


838.060934	-303.566822
836.270467	-310.849964
834.480001	-318.133106


839.032019	-303.805553
837.241553	-311.088695
835.451087	-318.371838


840.003105	-304.044285
838.212638	-311.327427
836.422172	-318.610569


840.974190	-304.283017
839.183724	-311.566159
837.393258	-318.849301


841.945276	-304.521748
840.154809	-311.804890
838.364343	-319.088032


842.916361	-304.760480
841.125895	-312.043622
839.335429	-319.326764


843.887447	-304.999211
842.096980	-312.282353
840.306514	-319.565495


844.858532	-305.237943
843.068066	-312.521085
841.277600	-319.804227


845.829618	-305.476674
844.039151	-312.759817
842.248685	-320.042959


846.800703	-305.715406
845.010237	-312.998548
843.219771	-320.281690


847.771789	-305.954138
845.981322	-313.237280
844.190856	-320.520422


848.742874	-306.192869
846.952408	-313.476011
845.161942	-320.759153


849.713960	-306.431601
847.923493	-313.714743
846.133027	-320.997885


850.685045	-306.670332
848.894579	-313.953475
847.104112	-321.236617


0.538712	15.000000
0.538712	7.500000
0.538712	0.000000


1.538712	15.000000
1.538712	7.500000
1.538712	0.000000


2.538712	15.000000
2.538712	7.500000
2.538712	0.000000


3.538712	15.000000
3.538712	7.500000
3.538712	0.000000


4.538712	15.000000
4.538712	7.500000
4.538712	0.000000


5.538712	15.000000
5.538712	7.500000
5.538712	0.000000


6.538712	15.000000
6.538712	7.500000
6.538712	0.000000


7.538712	15.000000
7.538712	7.500000
7.538712	0.000000


8.538712	15.000000
8.538712	7.500000
8.538712	0.000000


9.538712	15.000000
9.538712	7.500000
9.538712	0.000000


10.538712	15.000000
10.538712	7.500000
10.538712	0.000000


11.538712	15.000000
11.538712	7.500000
11.538712	0.000000


12.538712	15.000000
12.538712	7.500000
12.538712	0.000000


13.538712	15.000000
13.538712	7.500000
13.538712	0.000000


14.538712	15.000000
14.538712	7.500000
14.538712	0.000000


15.538712	15.000000
15.538712	7.500000
15.538712	0.000000


16.538712	15.000000
16.538712	7.500000
16.538712	0.000000


17.538712	15.000000
17.538712	7.500000
17.538712	0.000000


18.538712	15.000000
18.538712	7.500000
18.538712	0.000000


19.538712	15.000000
19.538712	7.500000
19.538712	0.000000


20.538712	15.000000
20.538712	7.500000
20.538712	0.000000


21.538712	15.000000
21.538712	7.500000
21.538712	0.000000


22.538712	15.000000
22.538712	7.500000
22.538712	0.000000


23.538712	15.000000
23.538712	7.500000
23.538712	0.000000


24.538712	15.000000
24.538712	7.500000
24.538712	0.000000


25.538712	15.000000
25.538712	7.500000
25.538712	0.000000


26.538712	15.000000
26.538712	7.500000
26.538712	0.000000


27.538712	15.000000
27.538712	7.500000
27.538712	0.000000


28.538712	15.000000
28.538712	7.500000
28.538712	0.000000


29.538712	15.000000
29.538712	7.500000
29.538712	0.000000


30.538712	15.000000
30.538712	7.500000
30.538712	0.000000


31.538712	15.000000
31.538712	7.500000
31.538712	0.000000


32.538712	15.000000
32.538712	7.500000
32.538712	0.000000


33.538712	15.000000
33.538712	7.500000
33.538712	0.000000


34.538712	15.000000
34.538712	7.500000
34.538712	0.000000


35.538712	15.000000
35.538712	7.500000
35.538712	0.000000


36.538712	15.000000
36.538712	7.500000
36.538712	0.000000


37.538712	15.000000
37.538712	7.500000
37.538712	0.000000


38.538712	15.000000
38.538712	7.500000
38.538712	0.000000


39.538712	15.000000
39.538712	7.500000
39.538712	0.000000


40.538712	15.000000
40.538712	7.500000
40.538712	0.000000


41.538712	15.000000
41.538712	7.500000
41.538712	0.000000


42.538712	15.000000
42.538712	7.500000
42.538712	0.000000


43.538712	15.000000
43.538712	7.500000
43.538712	0.000000


44.538712	15.000000
44.538712	7.500000
44.538712	0.000000


45.538712	15.000000
45.538712	7.500000
45.538712	0.000000


46.538712	15.000000
46.538712	7.500000
46.538712	0.000000


47.538712	15.000000
47.538712	7.500000
47.538712	0.000000


48.538712	15.000000
48.538712	7.500000
48.538712	0.000000


49.538712	15.000000
49.538712	7.500000
49.538712	0.000000


50.538712	15.000000
50.538712	7.500000
50.538712	0.000000


51.538712	15.000000
51.538712	7.500000
51.538712	0.000000


52.538712	15.000000
52.538712	7.500000
52.538712	0.000000


53.538712	15.000000
53.538712	7.500000
53.538712	0.000000


54.538712	15.000000
54.538712	7.500000
54.538712	0.000000


55.538712	15.000000
55.538712	7.500000
55.538712	0.000000


56.538712	15.000000
56.538712	7.500000
56.538712	0.000000


57.538712	15.000000
57.538712	7.500000
57.538712	0.000000


58.538712	15.000000
58.538712	7.500000
58.538712	0.000000


59.538712	15.000000
59.538712	7.500000
59.538712	0.000000


60.538712	15.000000
60.538712	7.500000
60.538712	0.000000


61.538712	15.000000
61.538712	7.500000
61.538712	0.000000


62.538712	15.000000
62.538712	7.500000
62.538712	0.000000


63.538712	15.000000
63.538712	7.500000
63.538712	0.000000


64.538712	15.000000
64.538712	7.500000
64.538712	0.000000


65.538712	15.000000
65.538712	7.500000
65.538712	0.000000


66.538712	15.000000
66.538712	7.500000
66.538712	0.000000


67.538712	15.000000
67.538712	7.500000
67.538712	0.000000


68.538712	15.000000
68.538712	7.500000
68.538712	0.000000


69.538712	15.000000
69.538712	7.500000
69.538712	0.000000


70.538712	15.000000
70.538712	7.500000
70.538712	0.000000


71.538712	15.000000
71.538712	7.500000
71.538712	0.000000


72.538712	15.000000
72.538712	7.500000
72.538712	0.000000


73.538712	15.000000
73.538712	7.500000
73.538712	0.000000


74.538712	15.000000
74.538712	7.500000
74.538712	0.000000


75.538712	15.000000
75.538712	7.500000
75.538712	0.000000


76.538712	15.000000
76.538712	7.500000
76.538712	0.000000


77.538712	15.000000
77.538712	7.500000
77.538712	0.000000


78.538712	15.000000
78.538712	7.500000
78.538712	0.000000


79.538712	15.000000
79.538712	7.500000
79.538712	0.000000


80.538713	15.000000
80.538713	7.500000
80.538713	0.000000


81.538713	15.000000
81.538713	7.500000
81.538713	0.000000


82.538713	15.000000
82.538713	7.500000
82.538713	0.000000


83.538713	15.000000
83.538713	7.500000
83.538713	0.000000


84.538713	15.000000
84.538713	7.500000
84.538713	0.000000


85.538713	15.000000
85.538713	7.500000
85.538713	0.000000


86.538713	15.000000
86.538713	7.500000
86.538713	0.000000


87.538713	15.000000
87.538713	7.500000
87.538713	0.000000


88.538713	15.000000
88.538713	7.500000
88.538713	0.000000


89.538713	15.000000
89.538713	7.500000
89.538713	0.000000


90.538713	15.000000
90.538713	7.500000
90.538713	0.000000


91.538713	15.000000
91.538713	7.500000
91.538713	0.000000


92.538713	15.000000
92.538713	7.500000
92.538713	0.000000


93.538713	15.000000
93.538713	7.500000
93.538713	0.000000


94.538713	15.000000
94.538713	7.500000
94.538713	0.000000


95.538713	15.000000
95.538713	7.500000
95.538713	0.000000


96.538714	15.000000
96.538714	7.500000
96.538714	0.000000


97.538714	15.000000
97.538714	7.500000
97.538714	0.000000


98.538714	15.000000
98.538714	7.500000
98.538714	0.000000


99.538714	15.000000
99.538714	7.500000
99.538714	0.000000


100.538714	15.000000
100.538714	7.500000
100.538714	0.000000


101.538714	15.000000
101.538714	7.500000
101.538714	0.000000


102.538714	15.000000
102.538714	7.500000
102.538714	0.000000


103.538714	15.000000
103.538714	7.500000
103.538714	0.000000


104.538714	15.000000
104.538714	7.500000
104.538714	0.000000


105.538714	15.000000
105.538714	7.500000
105.538714	0.000000


106.538714	15.000000
106.538714	7.500000
106.538714	0.000000


107.538714	15.000000
107.538714	7.500000
107.538714	0.000000


108.538714	15.000000
108.538714	7.500000
108.538714	0.000000


109.538714	15.000000
109.538714	7.500000
109.538714	0.000000


110.538714	15.000000
110.538714	7.500000
110.538714	0.000000


111.538715	15.000000
111.538715	7.500000
111.538715	0.000000


112.538715	15.000000
112.538715	7.500000
112.538715	0.000000


113.538715	15.000000
113.538715	7.500000
113.538715	0.000000


114.538715	15.000000
114.538715	7.500000
114.538715	0.000000


115.538715	15.000000
115.538715	7.500000
115.538715	0.000000


116.538715	15.000000
116.538715	7.500000
116.538715	0.000000


117.538715	15.000000
117.538715	7.500000
117.538715	0.000000


118.538715	15.000000
118.538715	7.500000
118.538715	0.000000


119.538715	15.000000
119.538715	7.500000
119.538715	0.000000


120.538715	15.000000
120.538715	7.500000
120.538715	0.000000


121.538715	15.000000
121.538715	7.500000
121.538715	0.000000


122.538715	15.000000
122.538715	7.500000
122.538715	0.000000


123.538715	15.000000
123.538715	7.500000
123.538715	0.000000


124.538715	15.000000
124.538715	7.500000
124.538715	0.000000


125.538715	15.000000
125.538715	7.500000
125.538715	0.000000


126.538715	15.000000
126.538715	7.500000
126.538715	0.000000


127.538715	15.000000
127.538715	7.500000
127.538715	0.000000


128.538715	15.000000
128.538715	7.500000
128.538715	0.000000


129.538715	15.000000
129.538715	7.500000
129.538715	0.000000


130.538715	15.000000
130.538715	7.500000
130.538715	0.000000


131.538715	15.000000
131.538715	7.500000
131.538715	0.000000


132.538715	15.000000
132.538715	7.500000
132.538715	0.000000


133.538715	15.000000
133.538715	7.500000
133.538715	0.000000


134.538715	15.000000
134.538715	7.500000
134.538715	0.000000


135.538715	15.000000
135.538715	7.500000
135.538715	0.000000


136.538715	15.000000
136.538715	7.500000
136.538715	0.000000


137.538715	15.000000
137.538715	7.500000
137.538715	0.000000


138.538714	15.000000
138.538714	7.500000
138.538714	0.000000


139.538714	15.000000
139.538714	7.500000
139.538714	0.000000


140.538714	15.000000
140.538714	7.500000
140.538714	0.000000


141.538714	15.000000
141.538714	7.500000
141.538714	0.000000


142.538714	15.000000
142.538714	7.500000
142.538714	0.000000


143.538714	15.000000
143.538714	7.500000
143.538714	0.000000


144.538714	15.000000
144.538714	7.500000
144.538714	0.000000


145.538714	15.000000
145.538714	7.500000
145.538714	0.000000


146.538714	15.000000
146.538714	7.500000
146.538714	0.000000


147.538714	15.000000
147.538714	7.500000
147.538714	0.000000


148.538714	15.000000
148.538714	7.500000
148.538714	0.000000


149.538714	15.000000
149.538714	7.500000
149.538714	0.000000


150.538714	15.000000
150.538714	7.500000
150.538714	0.000000


151.538714	15.000000
151.538714	7.500000
151.538714	0.000000


152.538714	15.000000
152.538714	7.500000
152.538714	0.000000


153.538714	15.000000
153.538714	7.500000
153.538714	0.000000


154.538713	15.000000
154.538713	7.500000
154.538713	0.000000


155.538713	15.000000
155.538713	7.500000
155.538713	0.000000


156.538713	15.000000
156.538713	7.500000
156.538713	0.000000


157.538713	15.000000
157.538713	7.500000
157.538713	0.000000


158.538713	15.000000
158.538713	7.500000
158.538713	0.000000


159.538713	15.000000
159.538713	7.500000
159.538713	0.000000


160.538713	15.000000
160.538713	7.500000
160.538713	0.000000


161.538713	15.000000
161.538713	7.500000
161.538713	0.000000


162.538713	15.000000
162.538713	7.500000
162.538713	0.000000


163.538713	15.000000
163.538713	7.500000
163.538713	0.000000


164.538713	15.000000
164.538713	7.500000
164.538713	0.000000


165.538713	15.000000
165.538713	7.500000
165.538713	0.000000


166.538713	15.000000
166.538713	7.500000
166.538713	0.000000


167.538713	15.000000
167.538713	7.500000
167.538713	0.000000


168.538713	15.000000
168.538713	7.500000
168.538713	0.000000


169.538712	15.000000
169.538712	7.500000
169.538712	0.000000


170.538712	15.000000
170.538712	7.500000
170.538712	0.000000


171.538712	15.000000
171.538712	7.500000
171.538712	0.000000


172.538712	15.000000
172.538712	7.500000
172.538712	0.000000


173.538712	15.000000
173.538712	7.500000
173.538712	0.000000


174.538712	15.000000
174.538712	7.500000
174.538712	0.000000


175.538712	15.000000
175.538712	7.500000
175.538712	0.000000


176.538712	15.000000
176.538712	7.500000
176.538712	0.000000


177.538712	15.000000
177.538712	7.500000
177.538712	0.000000


178.538712	15.000000
178.538712	7.500000
178.538712	0.000000


179.538712	15.000000
179.538712	7.500000
179.538712	0.000000


180.538712	15.000000
180.538712	7.500000
180.538712	0.000000


181.538712	15.000000
181.538712	7.500000
181.538712	0.000000


182.538712	15.000000
182.538712	7.500000
182.538712	0.000000


183.538712	15.000000
183.538712	7.500000
183.538712	0.000000


184.538711	15.000000
184.538711	7.500000
184.538711	0.000000


185.538711	15.000000
185.538711	7.500000
185.538711	0.000000


186.538711	15.000000
186.538711	7.500000
186.538711	0.000000


187.538711	15.000000
187.538711	7.500000
187.538711	0.000000


188.538711	15.000000
188.538711	7.500000
188.538711	0.000000


189.538711	15.000000
189.538711	7.500000
189.538711	0.000000


190.538711	15.000000
190.538711	7.500000
190.538711	0.000000


191.538711	15.000000
191.538711	7.500000
191.538711	0.000000


192.538711	15.000000
192.538711	7.500000
192.538711	0.000000


193.538711	15.000000
193.538711	7.500000
193.538711	0.000000


194.538711	15.000000
194.538711	7.500000
194.538711	0.000000


195.538711	15.000000
195.538711	7.500000
195.538711	0.000000


196.538711	15.000000
196.538711	7.500000
196.538711	0.000000


197.538711	15.000000
197.538711	7.500000
197.538711	0.000000


198.538711	15.000000
198.538711	7.500000
198.538711	0.000000


199.538711	15.000000
199.538711	7.500000
199.538711	0.000000


200.538710	15.000000
200.538710	7.500000
200.538710	0.000000


201.538710	15.000000
201.538710	7.500000
201.538710	0.000000


202.538710	15.000000
202.538710	7.500000
202.538710	0.000000


203.538710	15.000000
203.538710	7.500000
203.538710	0.000000


204.538710	15.000000
204.538710	7.500000
204.538710	0.000000


205.538710	15.000000
205.538710	7.500000
205.538710	0.000000


206.538710	15.000000
206.538710	7.500000
206.538710	0.000000


207.538710	15.000000
207.538710	7.500000
207.538710	0.000000


208.538710	15.000000
208.538710	7.500000
208.538710	0.000000


209.538710	15.000000
209.538710	7.500000
209.538710	0.000000


210.538710	15.000000
210.538710	7.500000
210.538710	0.000000


211.538710	15.000000
211.538710	7.500000
211.538710	0.000000


212.538710	15.000000
212.538710	7.500000
212.538710	0.000000


213.538710	15.000000
213.538710	7.500000
213.538710	0.000000


214.538710	15.000000
214.538710	7.500000
214.538710	0.000000


215.538709	15.000000
215.538709	7.500000
215.538709	0.000000


216.538709	15.000000
216.538709	7.500000
216.538709	0.000000


217.538709	15.000000
217.538709	7.500000
217.538709	0.000000


218.538709	15.000000
218.538709	7.500000
218.538709	0.000000


219.538709	15.000000
219.538709	7.500000
219.538709	0.000000


220.538709	15.000000
220.538709	7.500000
220.538709	0.000000


221.538709	15.000000
221.538709	7.500000
221.538709	0.000000


222.538709	15.000000
222.538709	7.500000
222.538709	0.000000


223.538709	15.000000
223.538709	7.500000
223.538709	0.000000


224.538709	15.000000
224.538709	7.500000
224.538709	0.000000


225.538709	15.000000
225.538709	7.500000
225.538709	0.000000


226.538709	15.000000
226.538709	7.500000
226.538709	0.000000


227.538709	15.000000
227.538709	7.500000
227.538709	0.000000


228.538709	15.000000
228.538709	7.500000
228.538709	0.000000


229.538709	15.000000
229.538709	7.500000
229.538709	0.000000


230.538708	15.000000
230.538708	7.500000
230.538708	0.000000


231.538708	15.000000
231.538708	7.500000
231.538708	0.000000


232.538708	15.000000
232.538708	7.500000
232.538708	0.000000


233.538708	15.000000
233.538708	7.500000
233.538708	0.000000


234.538708	15.000000
234.538708	7.500000
234.538708	0.000000


235.538708	15.000000
235.538708	7.500000
235.538708	0.000000


236.538708	15.000000
236.538708	7.500000
236.538708	0.000000


237.538708	15.000000
237.538708	7.500000
237.538708	0.000000


238.538708	15.000000
238.538708	7.500000
238.538708	0.000000


239.538708	15.000000
239.538708	7.500000
239.538708	0.000000


240.538708	15.000000
240.538708	7.500000
240.538708	0.000000


241.538708	15.000000
241.538708	7.500000
241.538708	0.000000


242.538708	15.000000
242.538708	7.500000
242.538708	0.000000


243.538708	15.000000
243.538708	7.500000
243.538708	0.000000


244.538708	15.000000
244.538708	7.500000
244.538708	0.000000


245.538708	15.000000
245.538708	7.500000
245.538708	0.000000


246.538708	15.000000
246.538708	7.500000
246.538708	0.000000


247.538708	15.000000
247.538708	7.500000
247.538708	0.000000


248.538708	15.000000
248.538708	7.500000
248.538708	0.000000


249.538708	15.000000
249.538708	7.500000
249.538708	0.000000


250.538708	15.000000
250.538708	7.500000
250.538708	0.000000


251.538708	15.000000
251.538708	7.500000
251.538708	0.000000


252.538708	15.000000
252.538708	7.500000
252.538708	0.000000


253.538708	15.000000
253.538708	7.500000
253.538708	0.000000


254.538708	15.000000
254.538708	7.500000
254.538708	0.000000


255.538708	15.000000
255.538708	7.500000
255.538708	0.000000


256.538708	15.000000
256.538708	7.500000
256.538708	0.000000


257.538708	15.000000
257.538708	7.500000
257.538708	0.000000


258.538708	15.000000
258.538708	7.500000
258.538708	0.000000


259.538708	15.000000
259.538708	7.500000
259.538708	0.000000


260.538708	15.000000
260.538708	7.500000
260.538708	0.000000


261.538708	15.000000
261.538708	7.500000
261.538708	0.000000


262.538708	15.000000
262.538708	7.500000
262.538708	0.000000


263.538708	15.000000
263.538708	7.500000
263.538708	0.000000


264.538708	15.000000
264.538708	7.500000
264.538708	0.000000


265.538708	15.000000
265.538708	7.500000
265.538708	0.000000


266.538708	15.000000
266.538708	7.500000
266.538708	0.000000


267.538708	15.000000
267.538708	7.500000
267.538708	0.000000


268.538708	15.000000
268.538708	7.500000
268.538708	0.000000


269.538708	15.000000
269.538708	7.500000
269.538708	0.000000


270.538708	15.000000
270.538708	7.500000
270.538708	0.000000


271.538708	15.000000
271.538708	7.500000
271.538708	0.000000


272.538708	15.000000
272.538708	7.500000
272.538708	0.000000


273.538708	15.000000
273.538708	7.500000
273.538708	0.000000


274.538708	15.000000
274.538708	7.500000
274.538708	0.000000


275.538708	15.000000
275.538708	7.500000
275.538708	0.000000


276.538708	15.000000
276.538708	7.500000
276.538708	0.000000


277.538708	15.000000
277.538708	7.500000
277.538708	0.000000


278.538708	15.000000
278.538708	7.500000
278.538708	0.000000


279.538708	15.000000
279.538708	7.500000
279.538708	0.000000


280.538708	15.000000
280.538708	7.500000
280.538708	0.000000


281.538708	15.000000
281.538708	7.500000
281.538708	0.000000


282.538708	15.000000
282.538708	7.500000
282.538708	0.000000


283.538708	15.000000
283.538708	7.500000
283.538708	0.000000


284.538708	15.000000
284.538708	7.500000
284.538708	0.000000


285.538708	15.000000
285.538708	7.500000
285.538708	0.000000


286.538708	15.000000
286.538708	7.500000
286.538708	0.000000


287.538708	15.000000
287.538708	7.500000
287.538708	0.000000


288.538708	15.000000
288.538708	7.500000
288.538708	0.000000


289.538708	15.000000
289.538708	7.500000
289.538708	0.000000


290.538708	15.000000
290.538708	7.500000
290.538708	0.000000


291.538708	15.000000
291.538708	7.500000
291.538708	0.000000


292.538708	15.000000
292.538708	7.500000
292.538708	0.000000


293.538708	15.000000
293.538708	7.500000
293.538708	0.000000


294.538708	15.000000
294.538708	7.500000
294.538708	0.000000


295.538708	15.000000
295.538708	7.500000
295.538708	0.000000


296.538708	15.000000
296.538708	7.500000
296.538708	0.000000


297.538708	15.000000
297.538708	7.500000
297.538708	0.000000


298.538708	15.000000
298.538708	7.500000
298.538708	0.000000


299.538708	15.000000
299.538708	7.500000
299.538708	0.000000


300.538708	15.000000
300.538708	7.500000
300.538708	0.000000


301.538708	15.000000
301.538708	7.500000
301.538708	0.000000


302.538708	15.000000
302.538708	7.500000
302.538708	0.000000


303.538708	15.000000
303.538708	7.500000
303.538708	0.000000


304.538708	15.000000
304.538708	7.500000
304.538708	0.000000


305.538708	15.000000
305.538708	7.500000
305.538708	0.000000


306.538708	15.000000
306.538708	7.500000
306.538708	0.000000


307.538708	15.000000
307.538708	7.500000
307.538708	0.000000


308.538708	15.000000
308.538708	7.500000
308.538708	0.000000


309.538708	15.000000
309.538708	7.500000
309.538708	0.000000


310.538708	15.000000
310.538708	7.500000
310.538708	0.000000


311.538708	15.000000
311.538708	7.500000
311.538708	0.000000


312.538708	15.000000
312.538708	7.500000
312.538708	0.000000


313.538708	15.000000
313.538708	7.500000
313.538708	0.000000


314.538708	15.000000
314.538708	7.500000
314.538708	0.000000


315.538708	15.000000
315.538708	7.500000
315.538708	0.000000


316.538708	15.000000
316.538708	7.500000
316.538708	0.000000


317.538708	15.000000
317.538708	7.500000
317.538708	0.000000


318.538708	15.000000
318.538708	7.500000
318.538708	0.000000


319.538708	15.000000
319.538708	7.500000
319.538708	0.000000


320.538708	15.000000
320.538708	7.500000
320.538708	0.000000


321.538708	15.000000
321.538708	7.500000
321.538708	0.000000


322.538708	15.000000
322.538708	7.500000
322.538708	0.000000


323.538708	15.000000
323.538708	7.500000
323.538708	0.000000


324.538708	15.000000
324.538708	7.500000
324.538708	0.000000


325.538708	15.000000
325.538708	7.500000
325.538708	0.000000


326.538708	15.000000
326.538708	7.500000
326.538708	0.000000


327.538708	15.000000
327.538708	7.500000
327.538708	0.000000


328.538708	15.000000
328.538708	7.500000
328.538708	0.000000


329.538708	15.000000
329.538708	7.500000
329.538708	0.000000


330.538708	15.000000
330.538708	7.500000
330.538708	0.000000


331.538708	15.000000
331.538708	7.500000
331.538708	0.000000


332.538708	15.000000
332.538708	7.500000
332.538708	0.000000


333.538708	15.000000
333.538708	7.500000
333.538708	0.000000


334.538708	15.000000
334.538708	7.500000
334.538708	0.000000


335.538708	15.000000
335.538708	7.500000
335.538708	0.000000


336.538708	15.000000
336.538708	7.500000
336.538708	0.000000


337.538708	15.000000
337.538708	7.500000
337.538708	0.000000


338.538708	15.000000
338.538708	7.500000
338.538708	0.000000


339.538708	15.000000
339.538708	7.500000
339.538708	0.000000


340.538708	15.000000
340.538708	7.500000
340.538708	0.000000


341.538708	15.000000
341.538708	7.500000
341.538708	0.000000


342.538708	15.000000
342.538708	7.500000
342.538708	0.000000


343.538708	15.000000
343.538708	7.500000
343.538708	0.000000


344.538708	15.000000
344.538708	7.500000
344.538708	0.000000


345.538708	15.000000
345.538708	7.500000
345.538708	0.000000


346.538708	15.000000
346.538708	7.500000
346.538708	0.000000


347.538708	15.000000
347.538708	7.500000
347.538708	0.000000


348.538708	15.000000
348.538708	7.500000
348.538708	0.000000


349.538708	15.000000
349.538708	7.500000
349.538708	0.000000


350.538708	15.000000
350.538708	7.500000
350.538708	0.000000


351.538708	15.000000
351.538708	7.500000
351.538708	0.000000


352.538708	15.000000
352.538708	7.500000
352.538708	0.000000


353.538708	15.000000
353.538708	7.500000
353.538708	0.000000


354.538708	15.000000
354.538708	7.500000
354.538708	0.000000


355.538708	15.000000
355.538708	7.500000
355.538708	0.000000


356.538708	15.000000
356.538708	7.500000
356.538708	0.000000


357.538708	15.000000
357.538708	7.500000
357.538708	0.000000


358.538708	15.000000
358.538708	7.500000
358.538708	0.000000


359.538708	15.000000
359.538708	7.500000
359.538708	0.000000


360.538708	15.000000
360.538708	7.500000
360.538708	0.000000


361.538708	15.000000
361.538708	7.500000
361.538708	0.000000


362.538708	15.000000
362.538708	7.500000
362.538708	0.000000


363.538708	15.000000
363.538708	7.500000
363.538708	0.000000


364.538708	15.000000
364.538708	7.500000
364.538708	0.000000


365.538708	15.000000
365.538708	7.500000
365.538708	0.000000


366.538708	15.000000
366.538708	7.500000
366.538708	0.000000


367.538708	15.000000
367.538708	7.500000
367.538708	0.000000


368.538708	15.000000
368.538708	7.500000
368.538708	0.000000


369.538708	15.000000
369.538708	7.500000
369.538708	0.000000


370.538708	15.000000
370.538708	7.500000
370.538708	0.000000


371.538708	15.000000
371.538708	7.500000
371.538708	0.000000


372.538708	15.000000
372.538708	7.500000
372.538708	0.000000


373.538708	15.000000
373.538708	7.500000
373.538708	0.000000


374.538708	15.000000
374.538708	7.500000
374.538708	0.000000


375.538708	15.000000
375.538708	7.500000
375.538708	0.000000


376.538708	15.000000
376.538708	7.500000
376.538708	0.000000


377.538708	15.000000
377.538708	7.500000
377.538708	0.000000


378.538708	15.000000
378.538708	7.500000
378.538708	0.000000


379.538708	15.000000
379.538708	7.500000
379.538708	0.000000


380.538708	15.000000
380.538708	7.500000
380.538708	0.000000


381.538708	15.000000
381.538708	7.500000
381.538708	0.000000


382.538708	15.000000
382.538708	7.500000
382.538708	0.000000


383.538708	15.000000
383.538708	7.500000
383.538708	0.000000


384.538708	15.000000
384.538708	7.500000
384.538708	0.000000


385.538708	15.000000
385.538708	7.500000
385.538708	0.000000


386.538708	15.000000
386.538708	7.500000
386.538708	0.000000


387.538708	15.000000
387.538708	7.500000
387.538708	0.000000


388.538708	15.000000
388.538708	7.500000
388.538708	0.000000


389.538708	15.000000
389.538708	7.500000
389.538708	0.000000


390.538708	15.000000
390.538708	7.500000
390.538708	0.000000


391.538708	15.000000
391.538708	7.500000
391.538708	0.000000


392.538708	15.000000
392.538708	7.500000
392.538708	0.000000


393.538708	15.000000
393.538708	7.500000
393.538708	0.000000


394.538708	15.000000
394.538708	7.500000
394.538708	0.000000


395.538708	15.000000
395.538708	7.500000
395.538708	0.000000


396.538708	15.000000
396.538708	7.500000
396.538708	0.000000


397.538708	15.000000
397.538708	7.500000
397.538708	0.000000


398.538708	15.000000
398.538708	7.500000
398.538708	0.000000


399.538708	15.000000
399.538708	7.500000
399.538708	0.000000


400.538708	15.000000
400.538708	7.500000
400.538708	0.000000


401.538708	15.000000
401.538708	7.500000
401.538708	0.000000


402.538708	15.000000
402.538708	7.500000
402.538708	0.000000


403.538708	15.000000
403.538708	7.500000
403.538708	0.000000


404.538708	15.000000
404.538708	7.500000
404.538708	0.000000


405.538708	15.000000
405.538708	7.500000
405.538708	0.000000


406.538708	15.000000
406.538708	7.500000
406.538708	0.000000


407.538708	15.000000
407.538708	7.500000
407.538708	0.000000


408.538708	15.000000
408.538708	7.500000
408.538708	0.000000


409.538708	15.000000
409.538708	7.500000
409.538708	0.000000


410.538708	15.000000
410.538708	7.500000
410.538708	0.000000


411.538708	15.000000
411.538708	7.500000
411.538708	0.000000


412.538708	15.000000
412.538708	7.500000
412.538708	0.000000


413.538708	15.000000
413.538708	7.500000
413.538708	0.000000


414.538708	15.000000
414.538708	7.500000
414.538708	0.000000


415.538708	15.000000
415.538708	7.500000
415.538708	0.000000


416.538708	15.000000
416.538708	7.500000
416.538708	0.000000


417.538708	15.000000
417.538708	7.500000
417.538708	0.000000


418.538708	15.000000
418.538708	7.500000
418.538708	0.000000


419.538708	15.000000
419.538708	7.500000
419.538708	0.000000


420.538708	15.000000
420.538708	7.500000
420.538708	0.000000


421.538708	15.000000
421.538708	7.500000
421.538708	0.000000


422.538708	15.000000
422.538708	7.500000
422.538708	0.000000


423.538708	15.000000
423.538708	7.500000
423.538708	0.000000


424.538708	15.000000
424.538708	7.500000
424.538708	0.000000


425.538708	15.000000
425.538708	7.500000
425.538708	0.000000


426.538708	15.000000
426.538708	7.500000
426.538708	0.000000


427.538708	15.000000
427.538708	7.500000
427.538708	0.000000


428.538708	15.000000
428.538708	7.500000
428.538708	0.000000


429.538708	15.000000
429.538708	7.500000
429.538708	0.000000


430.538708	15.000000
430.538708	7.500000
430.538708	0.000000


431.538708	15.000000
431.538708	7.500000
431.538708	0.000000


432.538708	15.000000
432.538708	7.500000
432.538708	0.000000


433.538708	15.000000
433.538708	7.500000
433.538708	0.000000


434.538708	15.000000
434.538708	7.500000
434.538708	0.000000


435.538708	15.000000
435.538708	7.500000
435.538708	0.000000


436.538708	15.000000
436.538708	7.500000
436.538708	0.000000


437.538708	15.000000
437.538708	7.500000
437.538708	0.000000


438.538708	15.000000
438.538708	7.500000
438.538708	0.000000


439.538708	15.000000
439.538708	7.500000
439.538708	0.000000


440.538708	15.000000
440.538708	7.500000
440.538708	0.000000


441.538708	15.000000
441.538708	7.500000
441.538708	0.000000


442.538708	15.000000
442.538708	7.500000
442.538708	0.000000


443.538708	15.000000
443.538708	7.500000
443.538708	0.000000


444.538708	15.000000
444.538708	7.500000
444.538708	0.000000


445.538708	15.000000
445.538708	7.500000
445.538708	0.000000


446.538708	15.000000
446.538708	7.500000
446.538708	0.000000


447.538708	15.000000
447.538708	7.500000
447.538708	0.000000


448.538708	15.000000
448.538708	7.500000
448.538708	0.000000


449.538708	15.000000
449.538708	7.500000
449.538708	0.000000


450.538708	15.000000
450.538708	7.500000
450.538708	0.000000


451.538708	15.000000
451.538708	7.500000
451.538708	0.000000


452.538708	15.000000
452.538708	7.500000
452.538708	0.000000


453.538708	15.000000
453.538708	7.500000
453.538708	0.000000


454.538708	15.000000
454.538708	7.500000
454.538708	0.000000


455.538708	15.000000
455.538708	7.500000
455.538708	0.000000


456.538708	15.000000
456.538708	7.500000
456.538708	0.000000


457.538708	15.000000
457.538708	7.500000
457.538708	0.000000


458.538708	15.000000
458.538708	7.500000
458.538708	0.000000


459.538708	15.000000
459.538708	7.500000
459.538708	0.000000


460.538708	15.000000
460.538708	7.500000
460.538708	0.000000


461.538708	15.000000
461.538708	7.500000
461.538708	0.000000


462.538708	15.000000
462.538708	7.500000
462.538708	0.000000


463.613659	14.997716
463.538701	7.498090
463.463744	-0.001535


464.809440	14.970124
464.538407	7.475023
464.267373	-0.020078


466.004091	14.911274
465.537167	7.425823
465.070243	-0.059629


467.196795	14.821207
466.534300	7.350524
465.871804	-0.120159


468.386736	14.699983
467.529122	7.249177
466.671509	-0.201628


469.573100	14.547686
468.520955	7.121853
467.468809	-0.303980


470.755076	14.364419
469.509119	6.968637
468.263161	-0.427144


471.931856	14.150309
470.492938	6.789636
469.054021	-0.571038


473.102635	13.905502
471.471741	6.584970
469.840848	-0.735562


474.266612	13.630164
472.444858	6.354780
470.623103	-0.920604


475.422992	13.324485
473.411622	6.099224
471.400253	-1.126037


476.570983	12.988673
474.371374	5.818476
472.171765	-1.351720


477.709801	12.622958
475.323457	5.512728
472.937112	-1.597501


478.838667	12.227590
476.267219	5.182190
473.695771	-1.863209


479.956809	11.802839
477.202016	4.827087
474.447223	-2.148665


481.063462	11.348996
478.127208	4.447662
475.190953	-2.453672


482.157870	10.866372
479.042162	4.044175
475.926454	-2.778021


483.239283	10.355295
479.946253	3.616902
476.653222	-3.121492


484.306963	9.816117
480.838862	3.166134
477.370761	-3.483849


485.360180	9.249205
481.719379	2.692180
478.078579	-3.864845


486.398212	8.654947
482.587203	2.195364
478.776193	-4.264218


487.420351	8.033750
483.441738	1.676027
479.463126	-4.681696


488.425897	7.386038
484.282402	1.134522
480.138907	-5.116994


489.414163	6.712254
485.108619	0.571221
480.803075	-5.569813


490.384473	6.012859
485.919825	-0.013492
481.455176	-6.039844


491.336163	5.288332
486.715463	-0.619217
482.094763	-6.526765


492.268583	4.539167
487.494991	-1.245538
482.721399	-7.030244


493.181095	3.765878
488.257876	-1.892029
483.334657	-7.549937


494.073074	2.968992
489.003595	-2.558247
483.934115	-8.085487


494.943912	2.149055
489.731638	-3.243737
484.519365	-8.636528


495.793011	1.306628
490.441509	-3.948028
485.090006	-9.202685


496.619793	0.442287
491.132720	-4.670641
485.645647	-9.783569


497.423691	-0.443378
491.804801	-5.411081
486.185910	-10.378784


498.204155	-1.349761
492.457290	-6.168841
486.710424	-10.987922


498.928010	-2.233932
493.090500	-6.942796
487.252991	-11.651660


499.555859	-3.012267
493.718349	-7.721131
487.880840	-12.429996


500.183707	-3.790603
494.346198	-8.499467
488.508688	-13.208331


500.811556	-4.568938
494.974046	-9.277802
489.136537	-13.986666


501.439405	-5.347274
495.601895	-10.056138
489.764385	-14.765002


502.067254	-6.125609
496.229744	-10.834473
490.392234	-15.543337


502.695103	-6.903944
496.857592	-11.612808
491.020082	-16.321672


503.322951	-7.682280
497.485441	-12.391144
491.647930	-17.100008


503.950800	-8.460615
498.113290	-13.169479
492.275779	-17.878343


504.578649	-9.238951
498.741138	-13.947815
492.903627	-18.656678


505.206498	-10.017286
499.368987	-14.726150
493.531476	-19.435014


505.834347	-10.795622
499.996836	-15.504485
494.159324	-20.213349


506.462196	-11.573957
500.624684	-16.282821
494.787173	-20.991684


507.090044	-12.352292
501.252533	-17.061156
495.415021	-21.770020


507.717893	-13.130628
501.880381	-17.839491
496.042870	-22.548355


508.345742	-13.908963
502.508230	-18.617827
496.670718	-23.326690


508.973591	-14.687299
503.136079	-19.396162
497.298567	-24.105026


509.601440	-15.465634
503.763927	-20.174498
497.926415	-24.883361


510.229288	-16.243970
504.391776	-20.952833
498.554264	-25.661696


510.857137	-17.022305
505.019625	-21.731168
499.182112	-26.440032


511.484986	-17.800640
505.647473	-22.509504
499.809960	-27.218367


512.112835	-18.578976
506.275322	-23.287839
500.437809	-27.996702


512.740684	-19.357311
506.903171	-24.066175
501.065657	-28.775038


513.368533	-20.135647
507.531019	-24.844510
501.693506	-29.553373


513.996381	-20.913982
508.158868	-25.622845
502.321354	-30.331708


514.624230	-21.692318
508.786716	-26.401181
502.949203	-31.110044


515.252079	-22.470653
509.414565	-27.179516
503.577051	-31.888379


515.879928	-23.248989
510.042414	-27.957852
504.204900	-32.666714


516.507777	-24.027324
510.670262	-28.736187
504.832748	-33.445050


517.135626	-24.805659
511.298111	-29.514522
505.460597	-34.223385


517.763474	-25.583995
511.925960	-30.292858
506.088445	-35.001721


518.391323	-26.362330
512.553808	-31.071193
506.716293	-35.780056


519.019172	-27.140666
513.181657	-31.849528
507.344142	-36.558391


519.647021	-27.919001
513.809506	-32.627864
507.971990	-37.336727


520.274870	-28.697337
514.437354	-33.406199
508.599839	-38.115062


520.902718	-29.475672
515.065203	-34.184535
509.227687	-38.893397


521.530567	-30.254007
515.693052	-34.962870
509.855536	-39.671733


522.158416	-31.032343
516.320900	-35.741205
510.483384	-40.450068


522.786265	-31.810678
516.948749	-36.519541
511.111233	-41.228403


523.414114	-32.589014
517.576597	-37.297876
511.739081	-42.006739


524.041963	-33.367349
518.204446	-38.076212
512.366930	-42.785074


524.669811	-34.145685
518.832295	-38.854547
512.994778	-43.563409


525.297660	-34.924020
519.460143	-39.632882
513.622627	-44.341745


525.925509	-35.702355
520.087992	-40.411218
514.250475	-45.120080


526.553358	-36.480691
520.715841	-41.189553
514.878323	-45.898415


527.181207	-37.259026
521.343689	-41.967889
515.506172	-46.676751


527.809055	-38.037362
521.971538	-42.746224
516.134020	-47.455086


528.436904	-38.815697
522.599387	-43.524559
516.761869	-48.233421


529.064753	-39.594033
523.227235	-44.302895
517.389717	-49.011757


529.692602	-40.372368
523.855084	-45.081230
518.017566	-49.790092


530.320451	-41.150704
524.482932	-45.859565
518.645414	-50.568427


530.948300	-41.929039
525.110781	-46.637901
519.273263	-51.346763


531.576148	-42.707374
525.738630	-47.416236
519.901111	-52.125098


532.203997	-43.485710
526.366478	-48.194572
520.528960	-52.903433


532.831846	-44.264045
526.994327	-48.972907
521.156808	-53.681769


533.459695	-45.042381
527.622176	-49.751242
521.784656	-54.460104


534.087544	-45.820716
528.250024	-50.529578
522.412505	-55.238439


534.715392	-46.599052
528.877873	-51.307913
523.040353	-56.016775


535.343241	-47.377387
529.505722	-52.086249
523.668202	-56.795110


535.971090	-48.155722
530.133570	-52.864584
524.296050	-57.573445


536.598939	-48.934058
530.761419	-53.642919
524.923899	-58.351781


537.226788	-49.712393
531.389267	-54.421255
525.551747	-59.130116


537.854637	-50.490729
532.017116	-55.199590
526.179596	-59.908452


538.482485	-51.269064
532.644965	-55.977926
526.807444	-60.686787


539.110334	-52.047400
533.272813	-56.756261
527.435293	-61.465122


539.738183	-52.825735
533.900662	-57.534596
528.063141	-62.243458


540.366032	-53.604070
534.528511	-58.312932
528.690990	-63.021793


540.993881	-54.382406
535.156359	-59.091267
529.318838	-63.800128


541.621730	-55.160741
535.784208	-59.869602
529.946686	-64.578464


542.249578	-55.939077
536.412057	-60.647938
530.574535	-65.356799


542.877427	-56.717412
537.039905	-61.426273
531.202383	-66.135134


543.505276	-57.495748
537.667754	-62.204609
531.830232	-66.913470


544.133125	-58.274083
538.295603	-62.982944
532.458080	-67.691805


544.760974	-59.052419
538.923451	-63.761279
533.085929	-68.470140


545.388822	-59.830754
539.551300	-64.539615
533.713777	-69.248476


546.016671	-60.609089
540.179148	-65.317950
534.341626	-70.026811


546.644520	-61.387425
540.806997	-66.096286
534.969474	-70.805146


547.272369	-62.165760
541.434846	-66.874621
535.597323	-71.583482


547.900218	-62.944096
542.062694	-67.652956
536.225171	-72.361817


548.528067	-63.722431
542.690543	-68.431292
536.853019	-73.140152


549.155915	-64.500767
543.318392	-69.209627
537.480868	-73.918488


549.783764	-65.279102
543.946240	-69.987963
538.108716	-74.696823


550.411613	-66.057437
544.574089	-70.766298
538.736565	-75.475158


551.039462	-66.835773
545.201938	-71.544633
539.364413	-76.253494


551.667311	-67.614108
545.829786	-72.322971
539.992262	-77.031833


552.295160	-68.392444
546.457635	-73.101306
540.620111	-77.810168


552.923009	-69.170779
547.085484	-73.879641
541.247960	-78.588504


553.550858	-69.949115
547.713334	-74.657977
541.875809	-79.366839


554.178707	-70.727450
548.341183	-75.436312
542.503658	-80.145175


554.806556	-71.505786
548.969032	-76.214648
543.131507	-80.923510


555.434405	-72.284121
549.596881	-76.992983
543.759356	-81.701846


556.062254	-73.062456
550.224730	-77.771319
544.387205	-82.480181


556.690103	-73.840792
550.852579	-78.549654
545.015054	-83.258516


557.317952	-74.619127
551.480428	-79.327990
545.642903	-84.036852


557.945801	-75.397463
552.108277	-80.106325
546.270753	-84.815187


558.573650	-76.175798
552.736126	-80.884660
546.898602	-85.593523


559.201500	-76.954134
553.363975	-81.662996
547.526451	-86.371858


559.829349	-77.732469
553.991824	-82.441331
548.154300	-87.150194


560.457198	-78.510804
554.619673	-83.219667
548.782149	-87.928529


561.085047	-79.289140
555.247522	-83.998002
549.409998	-88.706865


561.712896	-80.067475
555.875371	-84.776338
550.037847	-89.485200


562.340745	-80.845811
556.503220	-85.554673
550.665696	-90.263535


562.968594	-81.624146
557.131070	-86.333009
551.293545	-91.041871


563.596443	-82.402482
557.758919	-87.111344
551.921394	-91.820206


564.224292	-83.180817
558.386768	-87.889679
552.549243	-92.598542


564.852141	-83.959153
559.014617	-88.668015
553.177092	-93.376877


565.479990	-84.737488
559.642466	-89.446350
553.804941	-94.155213


566.107839	-85.515823
560.270315	-90.224686
554.432790	-94.933548


566.735688	-86.294159
560.898164	-91.003021
555.060639	-95.711884


567.363537	-87.072494
561.526013	-91.781357
555.688489	-96.490219


567.991386	-87.850830
562.153862	-92.559692
556.316338	-97.268554


568.619236	-88.629165
562.781711	-93.338028
556.944187	-98.046890


569.247085	-89.407501
563.409560	-94.116363
557.572036	-98.825225


569.874934	-90.185836
564.037409	-94.894698
558.199885	-99.603561


570.502783	-90.964172
564.665258	-95.673034
558.827734	-100.381896


571.130632	-91.742507
565.293107	-96.451369
559.455583	-101.160232


571.758481	-92.520842
565.920956	-97.229705
560.083432	-101.938567


572.386330	-93.299178
566.548806	-98.008040
560.711281	-102.716902


573.014179	-94.077513
567.176655	-98.786376
561.339130	-103.495238


573.642028	-94.855849
567.804504	-99.564711
561.966979	-104.273573


574.269877	-95.634184
568.432353	-100.343047
562.594828	-105.051909


574.897726	-96.412520
569.060202	-101.121382
563.222677	-105.830244


575.525575	-97.190855
569.688051	-101.899717
563.850526	-106.608580


576.153424	-97.969191
570.315900	-102.678053
564.478375	-107.386915


576.781273	-98.747526
570.943749	-103.456388
565.106225	-108.165251


577.409122	-99.525861
571.571598	-104.234724
565.734074	-108.943586


578.036972	-100.304197
572.199447	-105.013059
566.361923	-109.721921


578.664821	-101.082532
572.827296	-105.791395
566.989772	-110.500257


579.292670	-101.860868
573.455145	-106.569730
567.617621	-111.278592


579.920519	-102.639203
574.082994	-107.348065
568.245470	-112.056928


580.548368	-103.417539
574.710843	-108.126401
568.873319	-112.835263


581.176217	-104.195874
575.338692	-108.904736
569.501168	-113.613599


581.804066	-104.974210
575.966542	-109.683072
570.129017	-114.391934


582.431915	-105.752545
576.594391	-110.461407
570.756866	-115.170270


583.059764	-106.530880
577.222240	-111.239743
571.384715	-115.948605


583.572231	-107.150066
577.859891	-112.010029
572.147550	-116.869993


584.097218	-107.750522
578.518083	-112.762840
572.938947	-117.775157


584.638215	-108.336595
579.196347	-113.497617
573.754478	-118.658639


585.194827	-108.907858
579.894189	-114.213827
574.593550	-119.519796


585.766650	-109.463896
580.611100	-114.910948
575.455550	-120.358001


586.353267	-110.004302
581.346560	-115.588472
576.339853	-121.172643


586.954251	-110.528685
582.100032	-116.245907
577.245813	-121.963129


587.569165	-111.036661
582.870968	-116.882773
578.172771	-122.728884


588.197560	-111.527862
583.658806	-117.498606
579.120052	-123.469350


588.838980	-112.001929
584.462973	-118.092959
580.086967	-124.183989


589.492956	-112.458518
585.282884	-118.665398
581.072811	-124.872279


590.159014	-112.897296
586.117941	-119.215508
582.076867	-125.533719


590.836668	-113.317943
586.967536	-119.742886
583.098404	-126.167829


591.525425	-113.720154
587.831051	-120.247150
584.136677	-126.774146


592.224782	-114.103634
588.707857	-120.727931
585.190932	-127.352229


592.934232	-114.468106
589.597316	-121.184881
586.260399	-127.901656


593.653257	-114.813304
590.498779	-121.617667
587.344302	-128.422029


594.381334	-115.138977
591.411592	-122.025972
588.441850	-128.912967


595.117933	-115.444886
592.335089	-122.409501
589.552244	-129.374115


595.862518	-115.730811
593.268597	-122.767973
590.674676	-129.805135


596.614546	-115.996542
594.211437	-123.101128
591.808329	-130.205714


597.373470	-116.241885
595.162923	-123.408723
592.952376	-130.575560


598.138737	-116.466663
596.122362	-123.690534
594.105987	-130.914405


598.909790	-116.670712
597.089055	-123.946356
595.268319	-131.222000


599.850582	-116.902244
598.060086	-124.185382
596.269589	-131.468520


600.821668	-117.140976
599.031171	-124.424114
597.240674	-131.707252


601.792753	-117.379707
600.002256	-124.662846
598.211760	-131.945984


602.763839	-117.618439
600.973342	-124.901577
599.182845	-132.184716


603.734924	-117.857171
601.944427	-125.140309
600.153930	-132.423447


604.706010	-118.095902
602.915513	-125.379041
601.125016	-132.662179


605.677095	-118.334634
603.886598	-125.617772
602.096101	-132.900911


606.648180	-118.573366
604.857684	-125.856504
603.067187	-133.139643


607.619266	-118.812097
605.828769	-126.095236
604.038272	-133.378374


608.590351	-119.050829
606.799854	-126.333968
605.009358	-133.617106


609.561437	-119.289561
607.770940	-126.572699
605.980443	-133.855838


610.532522	-119.528292
608.742025	-126.811431
606.951528	-134.094570


611.503607	-119.767024
609.713111	-127.050163
607.922614	-134.333301


612.474693	-120.005756
610.684196	-127.288894
608.893699	-134.572033


613.445778	-120.244487
611.655281	-127.527626
609.864785	-134.810765


614.416864	-120.483219
612.626367	-127.766358
610.835870	-135.049497


615.387949	-120.721951
613.597452	-128.005089
611.806955	-135.288228


616.359034	-120.960682
614.568538	-128.243821
612.778041	-135.526960


617.330120	-121.199414
615.539623	-128.482553
613.749126	-135.765692


618.301205	-121.438146
616.510708	-128.721285
614.720212	-136.004424


619.272291	-121.676877
617.481794	-128.960016
615.691297	-136.243155


620.243376	-121.915609
618.452879	-129.198748
616.662382	-136.481887


621.214462	-122.154341
619.423965	-129.437480
617.633468	-136.720619


622.185547	-122.393072
620.395050	-129.676211
618.604553	-136.959351


623.156632	-122.631804
621.366136	-129.914943
619.575639	-137.198082


624.127718	-122.870536
622.337221	-130.153675
620.546724	-137.436814


625.098803	-123.109267
623.308306	-130.392406
621.517810	-137.675546


626.069889	-123.347999
624.279392	-130.631138
622.488895	-137.914278


627.040974	-123.586731
625.250477	-130.869870
623.459980	-138.153009


628.012059	-123.825462
626.221563	-131.108602
624.431066	-138.391741


628.983145	-124.064194
627.192648	-131.347333
625.402151	-138.630473


629.954230	-124.302926
628.163733	-131.586065
626.373237	-138.869204


630.925316	-124.541657
629.134819	-131.824797
627.344322	-139.107936


631.896401	-124.780389
630.105904	-132.063528
628.315407	-139.346668


632.867486	-125.019121
631.076990	-132.302260
629.286493	-139.585400


633.838572	-125.257852
632.048075	-132.540992
630.257578	-139.824131


634.809657	-125.496584
633.019160	-132.779724
631.228664	-140.062863


635.780743	-125.735316
633.990246	-133.018455
632.199749	-140.301595


636.751828	-125.974047
634.961331	-133.257187
633.170834	-140.540327


637.722914	-126.212779
635.932417	-133.495919
634.141920	-140.779058


638.693999	-126.451511
636.903502	-133.734650
635.113005	-141.017790


639.665084	-126.690242
637.874588	-133.973382
636.084091	-141.256522


640.636170	-126.928974
638.845673	-134.212114
637.055176	-141.495254


641.607255	-127.167706
639.816758	-134.450845
638.026262	-141.733985


642.578341	-127.406437
640.787844	-134.689577
638.997347	-141.972717


643.549426	-127.645169
641.758929	-134.928309
639.968432	-142.211449


644.520511	-127.883901
642.730015	-135.167041
640.939518	-142.450181


645.491597	-128.122632
643.701100	-135.405772
641.910603	-142.688912


646.462682	-128.361364
644.672185	-135.644504
642.881689	-142.927644


647.433768	-128.600096
645.643271	-135.883236
643.852774	-143.166376


648.404853	-128.838827
646.614356	-136.121967
644.823859	-143.405108


649.375939	-129.077559
647.585442	-136.360699
645.794945	-143.643839


650.347024	-129.316291
648.556527	-136.599431
646.766030	-143.882571


651.318109	-129.555022
649.527613	-136.838162
647.737116	-144.121303


652.289195	-129.793754
650.498698	-137.076894
648.708201	-144.360035


653.260280	-130.032486
651.469783	-137.315626
649.679287	-144.598766


654.231366	-130.271217
652.440869	-137.554358
650.650372	-144.837498


655.202451	-130.509949
653.411954	-137.793089
651.621457	-145.076230


656.173536	-130.748681
654.383040	-138.031821
652.592543	-145.314961


657.144622	-130.987412
655.354125	-138.270553
653.563628	-145.553693


658.115707	-131.226144
656.325210	-138.509284
654.534714	-145.792425


659.086793	-131.464876
657.296296	-138.748016
655.505799	-146.031157


660.057878	-131.703607
658.267381	-138.986748
656.476884	-146.269888


661.028963	-131.942339
659.238467	-139.225480
657.447970	-146.508620


662.000049	-132.181071
660.209552	-139.464211
658.419055	-146.747352


662.971134	-132.419802
661.180637	-139.702943
659.390141	-146.986084


663.942220	-132.658534
662.151723	-139.941675
660.361226	-147.224815


664.913305	-132.897266
663.122808	-140.180406
661.332311	-147.463547


665.884391	-133.135997
664.093894	-140.419138
662.303397	-147.702279


666.855476	-133.374729
665.064979	-140.657870
663.274482	-147.941011


667.826561	-133.613461
666.036065	-140.896601
664.245568	-148.179742


668.797647	-133.852192
667.007150	-141.135333
665.216653	-148.418474


669.768732	-134.090924
667.978235	-141.374065
666.187739	-148.657206


670.739818	-134.329655
668.949321	-141.612797
667.158824	-148.895938


671.710903	-134.568387
669.920406	-141.851528
668.129909	-149.134669


672.681988	-134.807119
670.891492	-142.090260
669.100995	-149.373401


673.653074	-135.045850
671.862577	-142.328992
670.072080	-149.612133


674.624159	-135.284582
672.833662	-142.567723
671.043166	-149.850865


675.595245	-135.523314
673.804748	-142.806455
672.014251	-150.089596


676.566330	-135.762045
674.775833	-143.045187
672.985336	-150.328328


677.537415	-136.000777
675.746919	-143.283918
673.956422	-150.567060


678.508501	-136.239509
676.718004	-143.522650
674.927507	-150.805792


679.479586	-136.478240
677.689089	-143.761382
675.898593	-151.044523


680.450672	-136.716972
678.660175	-144.000114
676.869678	-151.283255


681.421757	-136.955704
679.631260	-144.238845
677.840763	-151.521987


682.392843	-137.194435
680.602346	-144.477577
678.811849	-151.760718


683.363928	-137.433167
681.573431	-144.716309
679.782934	-151.999450


684.335013	-137.671899
682.544517	-144.955040
680.754020	-152.238182


685.306099	-137.910630
683.515602	-145.193772
681.725105	-152.476914


686.277184	-138.149362
684.486687	-145.432504
682.696191	-152.715645


687.248270	-138.388094
685.457773	-145.671236
683.667276	-152.954377


688.219355	-138.626825
686.428858	-145.909967
684.638361	-153.193109


689.190440	-138.865557
687.399944	-146.148699
685.609447	-153.431841


690.161526	-139.104289
688.371029	-146.387431
686.580532	-153.670572


691.132611	-139.343020
689.342114	-146.626162
687.551618	-153.909304


692.103697	-139.581752
690.313200	-146.864894
688.522703	-154.148036


693.074782	-139.820484
691.284285	-147.103626
689.493788	-154.386768


694.045867	-140.059215
692.255371	-147.342357
690.464874	-154.625499


695.016953	-140.297947
693.226456	-147.581089
691.435959	-154.864231


695.988038	-140.536679
694.197541	-147.819821
692.407045	-155.102963


696.959124	-140.775410
695.168627	-148.058553
693.378130	-155.341695


697.981122	-141.027693
696.139515	-148.298079
694.297907	-155.568466


699.164815	-141.346572
697.105055	-148.558190
695.045295	-155.769807


700.338365	-141.700961
698.062322	-148.847265
695.786279	-155.993569


701.500708	-142.090536
699.010447	-149.165042
696.520187	-156.239549


702.650790	-142.514945
699.948571	-149.511234
697.246352	-156.507522


703.787567	-142.973803
700.875842	-149.885525
697.964117	-156.797246


704.910006	-143.466693
701.791418	-150.287576
698.672830	-157.108459


706.017091	-143.993167
702.694469	-150.717022
699.371847	-157.440876


707.107815	-144.552749
703.584175	-151.173474
700.060534	-157.794198


708.181190	-145.144930
704.459728	-151.656517
700.738267	-158.168103


709.236240	-145.769173
705.320335	-152.165713
701.404430	-158.562253


710.272010	-146.424911
706.165214	-152.700600
702.058418	-158.976288


711.287558	-147.111550
706.993599	-153.260692
702.699639	-159.409834


712.281964	-147.828466
707.804737	-153.845482
703.327510	-159.862497


713.254324	-148.575009
708.597893	-154.454438
703.941462	-160.333867


714.203757	-149.350501
709.372348	-155.087008
704.540938	-160.823516


715.129401	-150.154239
710.127397	-155.742619
705.125393	-161.330999


716.030417	-150.985492
710.862357	-156.420674
705.694297	-161.855855


716.905985	-151.843508
711.576560	-157.120559
706.247134	-162.397609


717.755312	-152.727507
712.269357	-157.841638
706.783403	-162.955770


718.577628	-153.636687
712.940122	-158.583258
707.302616	-163.529829


719.372185	-154.570224
713.588244	-159.344745
707.804302	-164.119267


720.138263	-155.527269
714.213135	-160.125409
708.288007	-164.723549


720.875167	-156.506954
714.814229	-160.924540
708.753290	-165.342126


721.582228	-157.508391
715.390980	-161.741414
709.199731	-165.974437


722.258804	-158.530671
715.942864	-162.575289
709.626924	-166.619908


722.904282	-159.572866
716.469381	-163.425410
710.034481	-167.277953


723.518075	-160.634030
716.970054	-164.291003
710.422032	-167.947976


724.099627	-161.713200
717.444427	-165.171284
710.789226	-168.629368


724.648410	-162.809397
717.892070	-166.065454
711.135730	-169.321511


725.163926	-163.921627
718.312578	-166.972702
711.461229	-170.023776


725.645707	-165.048879
718.705567	-167.892204
711.765427	-170.735528


726.093316	-166.190132
719.070683	-168.823125
712.048049	-171.456119


726.506347	-167.344349
719.407593	-169.764622
712.308838	-172.184895


726.884425	-168.510483
719.715992	-170.715840
712.547558	-172.921196


727.227207	-169.687476
719.995599	-171.675915
712.763992	-173.664354


727.534381	-170.874259
720.246162	-172.643976
712.957943	-174.413693


727.805670	-172.069756
720.467453	-173.619145
713.129236	-175.168535


728.040826	-173.272883
720.659270	-174.600538
713.277714	-175.928193


728.239637	-174.482546
720.821441	-175.587262
713.403244	-176.691978


728.401922	-175.697649
720.953817	-176.578424
713.505712	-177.459199


728.527534	-176.917088
721.056279	-177.573123
713.585024	-178.229157


728.616359	-178.139758
721.128734	-178.570457
713.641108	-179.001155


728.668316	-179.364548
721.171115	-179.569520
713.673914	-179.774492


728.684611	-180.522554
721.184733	-180.569376
713.684855	-180.616197


728.690854	-181.522534
721.190976	-181.569356
713.691098	-181.616178


728.697097	-182.522515
721.197219	-182.569337
713.697341	-182.616158


728.703340	-183.522495
721.203462	-183.569317
713.703584	-183.616139


728.709583	-184.522475
721.209705	-184.569297
713.709827	-184.616119


728.715826	-185.522456
721.215948	-185.569278
713.716070	-185.616100


728.722069	-186.522436
721.222191	-186.569258
713.722313	-186.616080


728.728312	-187.522416
721.228434	-187.569238
713.728556	-187.616061


728.734555	-188.522396
721.234677	-188.569219
713.734799	-188.616041


728.740798	-189.522377
721.240920	-189.569199
713.741042	-189.616022


728.747040	-190.522357
721.247163	-190.569180
713.747285	-190.616002


728.753283	-191.522337
721.253405	-191.569160
713.753528	-191.615983


728.759526	-192.522318
721.259648	-192.569140
713.759770	-192.615963


728.765769	-193.522298
721.265891	-193.569121
713.766013	-193.615944


728.772012	-194.522278
721.272134	-194.569101
713.772256	-194.615924


728.778255	-195.522258
721.278377	-195.569081
713.778499	-195.615905


728.784498	-196.522239
721.284620	-196.569062
713.784742	-196.615885


728.790741	-197.522219
721.290863	-197.569042
713.790985	-197.615866


728.796984	-198.522199
721.297106	-198.569023
713.797228	-198.615846


728.803227	-199.522179
721.303349	-199.569003
713.803471	-199.615826


728.809470	-200.522160
721.309592	-200.568983
713.809714	-200.615807


728.815712	-201.522140
721.315835	-201.568964
713.815957	-201.615787


728.821955	-202.522120
721.322077	-202.568944
713.822200	-202.615768


728.828198	-203.522101
721.328320	-203.568924
713.828442	-203.615748


728.834441	-204.522081
721.334563	-204.568905
713.834685	-204.615729


728.840684	-205.522061
721.340806	-205.568885
713.840928	-205.615709


728.846927	-206.522041
721.347049	-206.568866
713.847171	-206.615690


728.853170	-207.522022
721.353292	-207.568846
713.853414	-207.615670


728.859413	-208.522002
721.359535	-208.568826
713.859657	-208.615651


728.865656	-209.521982
721.365778	-209.568807
713.865900	-209.615631


728.871899	-210.521963
721.372021	-210.568787
713.872143	-210.615612


728.878142	-211.521943
721.378264	-211.568767
713.878386	-211.615592


728.884385	-212.521923
721.384507	-212.568748
713.884629	-212.615573


728.890627	-213.521903
721.390749	-213.568728
713.890872	-213.615553


728.896870	-214.521884
721.396992	-214.568709
713.897114	-214.615534


728.903113	-215.521864
721.403235	-215.568689
713.903357	-215.615514


728.909356	-216.521844
721.409478	-216.568669
713.909600	-216.615495


728.915599	-217.521824
721.415721	-217.568650
713.915843	-217.615475


728.921842	-218.521805
721.421964	-218.568630
713.922086	-218.615456


728.928085	-219.521785
721.428207	-219.568611
713.928329	-219.615436


728.934328	-220.521765
721.434450	-220.568591
713.934572	-220.615416


728.940571	-221.521746
721.440693	-221.568571
713.940815	-221.615397


728.946814	-222.521726
721.446936	-222.568552
713.947058	-222.615377


728.953057	-223.521706
721.453179	-223.568532
713.953301	-223.615358


728.959299	-224.521686
721.459422	-224.568512
713.959544	-224.615338


728.965542	-225.521667
721.465664	-225.568493
713.965786	-225.615319


728.971785	-226.521647
721.471907	-226.568473
713.972029	-226.615299


728.978028	-227.521627
721.478150	-227.568454
713.978272	-227.615280


728.984271	-228.521607
721.484393	-228.568434
713.984515	-228.615260


728.990514	-229.521588
721.490636	-229.568414
713.990758	-229.615241


728.996757	-230.521568
721.496879	-230.568395
713.997001	-230.615221


729.003000	-231.521548
721.503122	-231.568375
714.003244	-231.615202


729.009243	-232.521529
721.509365	-232.568355
714.009487	-232.615182


729.015486	-233.521509
721.515608	-233.568336
714.015730	-233.615163


729.021729	-234.521489
721.521851	-234.568316
714.021973	-234.615143


729.027971	-235.521469
721.528094	-235.568297
714.028216	-235.615124


729.034214	-236.521450
721.534336	-236.568277
714.034459	-236.615104


729.040457	-237.521430
721.540579	-237.568257
714.040701	-237.615085


729.046700	-238.521410
721.546822	-238.568238
714.046944	-238.615065


729.052943	-239.521391
721.553065	-239.568218
714.053187	-239.615046


729.059186	-240.521371
721.559308	-240.568198
714.059430	-240.615026


729.065429	-241.521351
721.565551	-241.568179
714.065673	-241.615006


729.071672	-242.521331
721.571794	-242.568159
714.071916	-242.614987


729.077915	-243.521312
721.578037	-243.568140
714.078159	-243.614967


729.084158	-244.521292
721.584280	-244.568120
714.084402	-244.614948


729.090401	-245.521272
721.590523	-245.568100
714.090645	-245.614928


729.096643	-246.521252
721.596766	-246.568081
714.096888	-246.614909


729.102886	-247.521233
721.603008	-247.568061
714.103131	-247.614889


729.109129	-248.521213
721.609251	-248.568041
714.109373	-248.614870


729.115372	-249.521193
721.615494	-249.568022
714.115616	-249.614850


729.121615	-250.521174
721.621737	-250.568002
714.121859	-250.614831


729.127858	-251.521154
721.627980	-251.567983
714.128102	-251.614811


729.134101	-252.521134
721.634223	-252.567963
714.134345	-252.614792


729.140344	-253.521114
721.640466	-253.567943
714.140588	-253.614772


729.146587	-254.521095
721.646709	-254.567924
714.146831	-254.614753


729.152830	-255.521075
721.652952	-255.567904
714.153074	-255.614733


729.159073	-256.521055
721.659195	-256.567884
714.159317	-256.614714


729.170177	-257.360747
721.673011	-257.567764
714.175844	-257.774780


729.203192	-258.134075
721.715663	-258.566816
714.228134	-258.999557


729.259486	-258.906057
721.788388	-259.564130
714.317290	-260.222203


729.339006	-259.675993
721.891120	-260.558801
714.443233	-261.441609


729.441682	-260.443185
722.023765	-261.549926
714.605849	-262.656668


729.567418	-261.206936
722.186203	-262.536607
714.804988	-263.866278


729.716103	-261.966553
722.378287	-263.517946
715.040471	-265.069340


729.887600	-262.721347
722.599842	-264.493056
715.312085	-266.264764


730.081754	-263.470633
722.850668	-265.461049
715.619582	-267.451465


730.298389	-264.213731
723.130536	-266.421048
715.962683	-268.628365


730.537308	-264.949966
723.439193	-267.372181
716.341078	-269.794397


730.798294	-265.678671
723.776358	-268.313587
716.754422	-270.948502


731.081111	-266.399185
724.141726	-269.244409
717.202341	-272.089633


731.385502	-267.110853
724.534965	-270.163804
717.684429	-273.216755


731.711190	-267.813030
724.955719	-271.070937
718.200247	-274.328845


732.057881	-268.505078
725.403605	-271.964986
718.749328	-275.424894


732.425260	-269.186370
725.878216	-272.845138
719.331173	-276.503906


732.812992	-269.856287
726.379123	-273.710595
719.945255	-277.564904


733.220727	-270.514221
726.905871	-274.560572
720.591016	-278.606924


733.648094	-271.159575
727.457982	-275.394298
721.267870	-279.629020


734.094706	-271.791765
728.034954	-276.211015
721.975203	-280.630266


734.560157	-272.410215
728.636265	-277.009983
722.712373	-281.609751


735.044025	-273.014365
729.261368	-277.790477
723.478712	-282.566589


735.545870	-273.603666
729.909696	-278.551788
724.273523	-283.499910


736.065238	-274.177585
730.580662	-279.293226
725.096085	-284.408867


736.601657	-274.735599
731.273655	-280.014117
725.945653	-285.292635


737.154640	-275.277203
731.988048	-280.713808
726.821455	-286.150414


737.723686	-275.801904
732.723191	-281.391664
727.722696	-286.981423


738.308278	-276.309228
733.478418	-282.047069
728.648559	-287.784910


738.907886	-276.798714
734.253044	-282.679429
729.598203	-288.560144


739.521965	-277.269917
735.046365	-283.288170
730.570766	-289.306423


740.149958	-277.722409
735.857662	-283.872740
731.565367	-290.023070


740.791296	-278.155781
736.686199	-284.432607
732.581102	-290.709433


741.445396	-278.569639
737.531223	-284.967265
733.617050	-291.364890


742.111665	-278.963607
738.391968	-285.476227
734.672271	-291.988847


742.789498	-279.337328
739.267652	-285.959032
735.745806	-292.580736


743.478280	-279.690463
740.157482	-286.415243
736.836683	-293.140022


744.177386	-280.022691
741.060649	-286.844444
737.943911	-293.666196


744.886182	-280.333711
741.976334	-287.246246
739.066485	-294.158781


745.604025	-280.623241
742.903706	-287.620286
740.203386	-294.617330


746.330263	-280.891017
743.841923	-287.966222
741.353584	-295.041427


747.064236	-281.136797
744.790135	-288.283742
742.516033	-295.430687


747.805280	-281.360358
745.747480	-288.572558
743.689680	-295.784757


