651.540710	-540.185242
644.106689	-539.192688
636.672668	-538.200134


651.408371	-541.176446
643.974350	-540.183893
636.540329	-539.191339


651.276032	-542.167651
643.842011	-541.175097
636.407990	-540.182543


651.143693	-543.158855
643.709672	-542.166302
636.275651	-541.173748


651.011354	-544.150060
643.577333	-543.157506
636.143312	-542.164952


650.879015	-545.141264
643.444994	-544.148711
636.010973	-543.156157


650.746676	-546.132469
643.312655	-545.139915
635.878634	-544.147362


650.614337	-547.123674
643.180316	-546.131120
635.746295	-545.138566


650.481998	-548.114878
643.047977	-547.122324
635.613956	-546.129771


650.349658	-549.106083
642.915637	-548.113529
635.481616	-547.120975


650.217319	-550.097287
642.783298	-549.104734
635.349277	-548.112180


650.084980	-551.088492
642.650959	-550.095938
635.216938	-549.103384


649.952641	-552.079696
642.518620	-551.087143
635.084599	-550.094589


649.820302	-553.070901
642.386281	-552.078347
634.952260	-551.085793


649.687963	-554.062105
642.253942	-553.069552
634.819921	-552.076998


649.555624	-555.053310
642.121603	-554.060756
634.687582	-553.068203


649.423285	-556.044515
641.989264	-555.051961
634.555243	-554.059407


649.290946	-557.035719
641.856925	-556.043165
634.422904	-555.050612


649.158606	-558.026924
641.724585	-557.034370
634.290564	-556.041816


649.026267	-559.018128
641.592246	-558.025575
634.158225	-557.033021


648.893928	-560.009333
641.459907	-559.016779
634.025886	-558.024225


648.761589	-561.000537
641.327568	-560.007984
633.893547	-559.015430


648.629250	-561.991742
641.195229	-560.999188
633.761208	-560.006634


648.496911	-562.982946
641.062890	-561.990393
633.628869	-560.997839


648.364572	-563.974151
640.930551	-562.981597
633.496530	-561.989044


648.232233	-564.965356
640.798212	-563.972802
633.364191	-562.980248


648.099894	-565.956560
640.665873	-564.964006
633.231852	-563.971453


647.967555	-566.947765
640.533534	-565.955211
633.099513	-564.962657


647.835215	-567.938969
640.401194	-566.946416
632.967173	-565.953862


647.702876	-568.930174
640.268855	-567.937620
632.834834	-566.945066


647.570537	-569.921378
640.136516	-568.928825
632.702495	-567.936271


647.438198	-570.912583
640.004177	-569.920029
632.570156	-568.927475


647.305859	-571.903787
639.871838	-570.911234
632.437817	-569.918680


647.173520	-572.894992
639.739499	-571.902438
632.305478	-570.909885


647.041181	-573.886197
639.607160	-572.893643
632.173139	-571.901089


646.908842	-574.877401
639.474821	-573.884847
632.040800	-572.892294


646.776503	-575.868606
639.342482	-574.876052
631.908461	-573.883498


646.644163	-576.859810
639.210142	-575.867257
631.776121	-574.874703


646.511824	-577.851015
639.077803	-576.858461
631.643782	-575.865907


646.379485	-578.842219
638.945464	-577.849666
631.511443	-576.857112


646.247146	-579.833424
638.813125	-578.840870
631.379104	-577.848316


646.114807	-580.824628
638.680786	-579.832075
631.246765	-578.839521


645.982468	-581.815833
638.548447	-580.823279
631.114426	-579.830726


645.850129	-582.807038
638.416108	-581.814484
630.982087	-580.821930


645.717790	-583.798242
638.283769	-582.805688
630.849748	-581.813135


645.585451	-584.789447
638.151430	-583.796893
630.717409	-582.804339


645.453111	-585.780651
638.019090	-584.788098
630.585069	-583.795544


645.320772	-586.771856
637.886751	-585.779302
630.452730	-584.786748


645.188433	-587.763060
637.754412	-586.770507
630.320391	-585.777953


645.056094	-588.754265
637.622073	-587.761711
630.188052	-586.769157


644.923755	-589.745469
637.489734	-588.752916
630.055713	-587.760362


644.791416	-590.736674
637.357395	-589.744120
629.923374	-588.751567


644.659077	-591.727879
637.225056	-590.735325
629.791035	-589.742771


644.526738	-592.719083
637.092717	-591.726529
629.658696	-590.733976


644.394399	-593.710288
636.960378	-592.717734
629.526357	-591.725180


644.262059	-594.701492
636.828038	-593.708939
629.394017	-592.716385


644.129720	-595.692697
636.695699	-594.700143
629.261678	-593.707589


643.997381	-596.683901
636.563360	-595.691348
629.129339	-594.698794


643.865042	-597.675106
636.431021	-596.682552
628.997000	-595.689998


643.732703	-598.666310
636.298682	-597.673757
628.864661	-596.681203


643.600364	-599.657515
636.166343	-598.664961
628.732322	-597.672408


643.468025	-600.648720
636.034004	-599.656166
628.599983	-598.663612


643.335686	-601.639924
635.901665	-600.647370
628.467644	-599.654817


643.203347	-602.631129
635.769326	-601.638575
628.335305	-600.646021


643.071007	-603.622333
635.636986	-602.629780
628.202965	-601.637226


642.938668	-604.613538
635.504647	-603.620984
628.070626	-602.628430


642.806329	-605.604742
635.372308	-604.612189
627.938287	-603.619635


642.673990	-606.595947
635.239969	-605.603393
627.805948	-604.610839


642.541651	-607.587151
635.107630	-606.594598
627.673609	-605.602044


642.409312	-608.578356
634.975291	-607.585802
627.541270	-606.593249


642.276973	-609.569561
634.842952	-608.577007
627.408931	-607.584453


642.144634	-610.560765
634.710613	-609.568211
627.276592	-608.575658


642.012295	-611.551970
634.578274	-610.559416
627.144253	-609.566862


641.879956	-612.543174
634.445935	-611.550621
627.011914	-610.558067


641.747616	-613.534379
634.313595	-612.541825
626.879574	-611.549271


641.615277	-614.525583
634.181256	-613.533030
626.747235	-612.540476


641.482938	-615.516788
634.048917	-614.524234
626.614896	-613.531680


641.350599	-616.507992
633.916578	-615.515439
626.482557	-614.522885


641.218260	-617.499197
633.784239	-616.506643
626.350218	-615.514090


641.085921	-618.490402
633.651900	-617.497848
626.217879	-616.505294


640.953582	-619.481606
633.519561	-618.489052
626.085540	-617.496499


640.821243	-620.472811
633.387222	-619.480257
625.953201	-618.487703


640.688904	-621.464015
633.254883	-620.471462
625.820862	-619.478908


640.556564	-622.455220
633.122543	-621.462666
625.688522	-620.470112


640.424225	-623.446424
632.990204	-622.453871
625.556183	-621.461317


640.291886	-624.437629
632.857865	-623.445075
625.423844	-622.452521


640.159547	-625.428833
632.725526	-624.436280
625.291505	-623.443726


640.027208	-626.420038
632.593187	-625.427484
625.159166	-624.434931


639.894869	-627.411243
632.460848	-626.418689
625.026827	-625.426135


639.762530	-628.402447
632.328509	-627.409893
624.894488	-626.417340


639.630191	-629.393652
632.196170	-628.401098
624.762149	-627.408544


639.497852	-630.384856
632.063831	-629.392303
624.629810	-628.399749


639.365512	-631.376061
631.931491	-630.383507
624.497470	-629.390953


639.233173	-632.367265
631.799152	-631.374712
624.365131	-630.382158


0.242561	15.000000
0.242561	7.500000
0.242561	0.000000


1.242561	15.000000
1.242561	7.500000
1.242561	0.000000


2.242561	15.000000
2.242561	7.500000
2.242561	0.000000


3.242561	15.000000
3.242561	7.500000
3.242561	0.000000


4.242561	15.000000
4.242561	7.500000
4.242561	0.000000


5.242561	15.000000
5.242561	7.500000
5.242561	0.000000


6.242561	15.000000
6.242561	7.500000
6.242561	0.000000


7.242561	15.000000
7.242561	7.500000
7.242561	0.000000


8.242561	15.000000
8.242561	7.500000
8.242561	0.000000


9.242561	15.000000
9.242561	7.500000
9.242561	0.000000


10.242561	15.000000
10.242561	7.500000
10.242561	0.000000


11.242561	15.000000
11.242561	7.500000
11.242561	0.000000


12.242561	15.000000
12.242561	7.500000
12.242561	0.000000


13.242561	15.000000
13.242561	7.500000
13.242561	0.000000


14.242561	15.000000
14.242561	7.500000
14.242561	0.000000


15.242561	15.000000
15.242561	7.500000
15.242561	0.000000


16.242561	15.000000
16.242561	7.500000
16.242561	0.000000


17.242561	15.000000
17.242561	7.500000
17.242561	0.000000


18.242561	15.000000
18.242561	7.500000
18.242561	0.000000


19.242561	15.000000
19.242561	7.500000
19.242561	0.000000


20.242561	15.000000
20.242561	7.500000
20.242561	0.000000


21.242561	15.000000
21.242561	7.500000
21.242561	0.000000


22.242561	15.000000
22.242561	7.500000
22.242561	0.000000


23.242561	15.000000
23.242561	7.500000
23.242561	0.000000


24.242561	15.000000
24.242561	7.500000
24.242561	0.000000


25.242561	15.000000
25.242561	7.500000
25.242561	0.000000


26.242561	15.000000
26.242561	7.500000
26.242561	0.000000


27.242561	15.000000
27.242561	7.500000
27.242561	0.000000


28.242561	15.000000
28.242561	7.500000
28.242561	0.000000


29.242561	15.000000
29.242561	7.500000
29.242561	0.000000


30.242561	15.000000
30.242561	7.500000
30.242561	0.000000


31.242561	15.000000
31.242561	7.500000
31.242561	0.000000


32.242561	15.000000
32.242561	7.500000
32.242561	0.000000


33.242561	15.000000
33.242561	7.500000
33.242561	0.000000


34.242561	15.000000
34.242561	7.500000
34.242561	0.000000


35.242561	15.000000
35.242561	7.500000
35.242561	0.000000


36.242561	15.000000
36.242561	7.500000
36.242561	0.000000


37.242561	15.000000
37.242561	7.500000
37.242561	0.000000


38.242561	15.000000
38.242561	7.500000
38.242561	0.000000


39.242561	15.000000
39.242561	7.500000
39.242561	0.000000


40.242561	15.000000
40.242561	7.500000
40.242561	0.000000


41.242561	15.000000
41.242561	7.500000
41.242561	0.000000


42.242561	15.000000
42.242561	7.500000
42.242561	0.000000


43.242561	15.000000
43.242561	7.500000
43.242561	0.000000


44.242561	15.000000
44.242561	7.500000
44.242561	0.000000


45.242561	15.000000
45.242561	7.500000
45.242561	0.000000


46.242561	15.000000
46.242561	7.500000
46.242561	0.000000


47.242561	15.000000
47.242561	7.500000
47.242561	0.000000


48.242561	15.000000
48.242561	7.500000
48.242561	0.000000


49.242561	15.000000
49.242561	7.500000
49.242561	0.000000


50.242561	15.000000
50.242561	7.500000
50.242561	0.000000


51.242561	15.000000
51.242561	7.500000
51.242561	0.000000


52.242561	15.000000
52.242561	7.500000
52.242561	0.000000


53.242561	15.000000
53.242561	7.500000
53.242561	0.000000


54.242561	15.000000
54.242561	7.500000
54.242561	0.000000


55.242561	15.000000
55.242561	7.500000
55.242561	0.000000


56.242561	15.000000
56.242561	7.500000
56.242561	0.000000


57.242561	15.000000
57.242561	7.500000
57.242561	0.000000


58.242561	15.000000
58.242561	7.500000
58.242561	0.000000


59.242561	15.000000
59.242561	7.500000
59.242561	0.000000


60.242561	15.000000
60.242561	7.500000
60.242561	0.000000


61.242561	15.000000
61.242561	7.500000
61.242561	0.000000


62.242561	15.000000
62.242561	7.500000
62.242561	0.000000


63.242561	15.000000
63.242561	7.500000
63.242561	0.000000


64.242561	15.000000
64.242561	7.500000
64.242561	0.000000


65.242561	15.000000
65.242561	7.500000
65.242561	0.000000


66.242561	15.000000
66.242561	7.500000
66.242561	0.000000


67.242561	15.000000
67.242561	7.500000
67.242561	0.000000


68.242561	15.000000
68.242561	7.500000
68.242561	0.000000


69.242561	15.000000
69.242561	7.500000
69.242561	0.000000


70.242561	15.000000
70.242561	7.500000
70.242561	0.000000


71.242561	15.000000
71.242561	7.500000
71.242561	0.000000


72.242561	15.000000
72.242561	7.500000
72.242561	0.000000


73.242561	15.000000
73.242561	7.500000
73.242561	0.000000


74.242561	15.000000
74.242561	7.500000
74.242561	0.000000


75.242561	15.000000
75.242561	7.500000
75.242561	0.000000


76.242561	15.000000
76.242561	7.500000
76.242561	0.000000


77.242561	15.000000
77.242561	7.500000
77.242561	0.000000


78.242561	15.000000
78.242561	7.500000
78.242561	0.000000


79.242561	15.000000
79.242561	7.500000
79.242561	0.000000


80.242561	15.000000
80.242561	7.500000
80.242561	0.000000


81.242562	15.000000
81.242562	7.500000
81.242562	0.000000


82.242562	15.000000
82.242562	7.500000
82.242562	0.000000


83.242562	15.000000
83.242562	7.500000
83.242562	0.000000


84.242562	15.000000
84.242562	7.500000
84.242562	0.000000


85.242562	15.000000
85.242562	7.500000
85.242562	0.000000


86.242562	15.000000
86.242562	7.500000
86.242562	0.000000


87.242562	15.000000
87.242562	7.500000
87.242562	0.000000


88.242562	15.000000
88.242562	7.500000
88.242562	0.000000


89.242562	15.000000
89.242562	7.500000
89.242562	0.000000


90.242562	15.000000
90.242562	7.500000
90.242562	0.000000


91.242562	15.000000
91.242562	7.500000
91.242562	0.000000


92.242562	15.000000
92.242562	7.500000
92.242562	0.000000


93.242563	15.000000
93.242563	7.500000
93.242563	0.000000


94.242563	15.000000
94.242563	7.500000
94.242563	0.000000


95.242563	15.000000
95.242563	7.500000
95.242563	0.000000


96.242563	15.000000
96.242563	7.500000
96.242563	0.000000


97.242563	15.000000
97.242563	7.500000
97.242563	0.000000


98.242563	15.000000
98.242563	7.500000
98.242563	0.000000


99.242563	15.000000
99.242563	7.500000
99.242563	0.000000


100.242563	15.000000
100.242563	7.500000
100.242563	0.000000


101.242563	15.000000
101.242563	7.500000
101.242563	0.000000


102.242563	15.000000
102.242563	7.500000
102.242563	0.000000


103.242563	15.000000
103.242563	7.500000
103.242563	0.000000


104.242563	15.000000
104.242563	7.500000
104.242563	0.000000


105.242564	15.000000
105.242564	7.500000
105.242564	0.000000


106.242564	15.000000
106.242564	7.500000
106.242564	0.000000


107.242564	15.000000
107.242564	7.500000
107.242564	0.000000


108.242564	15.000000
108.242564	7.500000
108.242564	0.000000


109.242564	15.000000
109.242564	7.500000
109.242564	0.000000


110.242564	15.000000
110.242564	7.500000
110.242564	0.000000


111.242564	15.000000
111.242564	7.500000
111.242564	0.000000


112.242564	15.000000
112.242564	7.500000
112.242564	0.000000


113.242564	15.000000
113.242564	7.500000
113.242564	0.000000


114.242564	15.000000
114.242564	7.500000
114.242564	0.000000


115.242564	15.000000
115.242564	7.500000
115.242564	0.000000


116.242564	15.000000
116.242564	7.500000
116.242564	0.000000


117.242565	15.000000
117.242565	7.500000
117.242565	0.000000


118.242565	15.000000
118.242565	7.500000
118.242565	0.000000


119.242565	15.000000
119.242565	7.500000
119.242565	0.000000


120.242565	15.000000
120.242565	7.500000
120.242565	0.000000


121.242565	15.000000
121.242565	7.500000
121.242565	0.000000


122.242565	15.000000
122.242565	7.500000
122.242565	0.000000


123.242565	15.000000
123.242565	7.500000
123.242565	0.000000


124.242565	15.000000
124.242565	7.500000
124.242565	0.000000


125.242565	15.000000
125.242565	7.500000
125.242565	0.000000


126.242565	15.000000
126.242565	7.500000
126.242565	0.000000


127.242565	15.000000
127.242565	7.500000
127.242565	0.000000


128.242565	15.000000
128.242565	7.500000
128.242565	0.000000


129.242566	15.000000
129.242566	7.500000
129.242566	0.000000


130.242566	15.000000
130.242566	7.500000
130.242566	0.000000


131.242566	15.000000
131.242566	7.500000
131.242566	0.000000


132.242566	15.000000
132.242566	7.500000
132.242566	0.000000


133.242566	15.000000
133.242566	7.500000
133.242566	0.000000


134.242566	15.000000
134.242566	7.500000
134.242566	0.000000


135.242566	15.000000
135.242566	7.500000
135.242566	0.000000


136.242566	15.000000
136.242566	7.500000
136.242566	0.000000


137.242566	15.000000
137.242566	7.500000
137.242566	0.000000


138.242566	15.000000
138.242566	7.500000
138.242566	0.000000


139.242566	15.000000
139.242566	7.500000
139.242566	0.000000


140.242566	15.000000
140.242566	7.500000
140.242566	0.000000


141.242567	15.000000
141.242567	7.500000
141.242567	0.000000


142.242567	15.000000
142.242567	7.500000
142.242567	0.000000


143.242567	15.000000
143.242567	7.500000
143.242567	0.000000


144.242567	15.000000
144.242567	7.500000
144.242567	0.000000


145.242567	15.000000
145.242567	7.500000
145.242567	0.000000


146.242567	15.000000
146.242567	7.500000
146.242567	0.000000


147.242567	15.000000
147.242567	7.500000
147.242567	0.000000


148.242567	15.000000
148.242567	7.500000
148.242567	0.000000


149.242567	15.000000
149.242567	7.500000
149.242567	0.000000


150.242567	15.000000
150.242567	7.500000
150.242567	0.000000


151.242567	15.000000
151.242567	7.500000
151.242567	0.000000


152.242567	15.000000
152.242567	7.500000
152.242567	0.000000


153.242568	15.000000
153.242568	7.500000
153.242568	0.000000


154.242568	15.000000
154.242568	7.500000
154.242568	0.000000


155.242568	15.000000
155.242568	7.500000
155.242568	0.000000


156.242568	15.000000
156.242568	7.500000
156.242568	0.000000


157.242568	15.000000
157.242568	7.500000
157.242568	0.000000


158.242568	15.000000
158.242568	7.500000
158.242568	0.000000


159.242568	15.000000
159.242568	7.500000
159.242568	0.000000


160.242568	15.000000
160.242568	7.500000
160.242568	0.000000


161.242568	15.000000
161.242568	7.500000
161.242568	0.000000


162.242568	15.000000
162.242568	7.500000
162.242568	0.000000


163.242568	15.000000
163.242568	7.500000
163.242568	0.000000


164.242568	15.000000
164.242568	7.500000
164.242568	0.000000


165.242568	15.000000
165.242568	7.500000
165.242568	0.000000


166.242569	15.000000
166.242569	7.500000
166.242569	0.000000


167.242569	15.000000
167.242569	7.500000
167.242569	0.000000


168.242569	15.000000
168.242569	7.500000
168.242569	0.000000


169.242569	15.000000
169.242569	7.500000
169.242569	0.000000


170.242569	15.000000
170.242569	7.500000
170.242569	0.000000


171.242569	15.000000
171.242569	7.500000
171.242569	0.000000


172.242569	15.000000
172.242569	7.500000
172.242569	0.000000


173.242569	15.000000
173.242569	7.500000
173.242569	0.000000


174.242569	15.000000
174.242569	7.500000
174.242569	0.000000


175.242569	15.000000
175.242569	7.500000
175.242569	0.000000


176.242569	15.000000
176.242569	7.500000
176.242569	0.000000


177.242569	15.000000
177.242569	7.500000
177.242569	0.000000


178.242569	15.000000
178.242569	7.500000
178.242569	0.000000


179.242569	15.000000
179.242569	7.500000
179.242569	0.000000


180.242569	15.000000
180.242569	7.500000
180.242569	0.000000


181.242569	15.000000
181.242569	7.500000
181.242569	0.000000


182.242569	15.000000
182.242569	7.500000
182.242569	0.000000


183.242569	15.000000
183.242569	7.500000
183.242569	0.000000


184.242569	15.000000
184.242569	7.500000
184.242569	0.000000


185.242569	15.000000
185.242569	7.500000
185.242569	0.000000


186.242569	15.000000
186.242569	7.500000
186.242569	0.000000


187.242569	15.000000
187.242569	7.500000
187.242569	0.000000


188.242569	15.000000
188.242569	7.500000
188.242569	0.000000


189.242569	15.000000
189.242569	7.500000
189.242569	0.000000


190.242569	15.000000
190.242569	7.500000
190.242569	0.000000


191.242569	15.000000
191.242569	7.500000
191.242569	0.000000


192.242569	15.000000
192.242569	7.500000
192.242569	0.000000


193.242569	15.000000
193.242569	7.500000
193.242569	0.000000


194.242569	15.000000
194.242569	7.500000
194.242569	0.000000


195.242569	15.000000
195.242569	7.500000
195.242569	0.000000


196.242569	15.000000
196.242569	7.500000
196.242569	0.000000


197.242569	15.000000
197.242569	7.500000
197.242569	0.000000


198.242569	15.000000
198.242569	7.500000
198.242569	0.000000


199.242569	15.000000
199.242569	7.500000
199.242569	0.000000


200.242569	15.000000
200.242569	7.500000
200.242569	0.000000


201.242569	15.000000
201.242569	7.500000
201.242569	0.000000


202.242569	15.000000
202.242569	7.500000
202.242569	0.000000


203.242569	15.000000
203.242569	7.500000
203.242569	0.000000


204.242569	15.000000
204.242569	7.500000
204.242569	0.000000


205.242569	15.000000
205.242569	7.500000
205.242569	0.000000


206.242569	15.000000
206.242569	7.500000
206.242569	0.000000


207.242569	15.000000
207.242569	7.500000
207.242569	0.000000


208.242569	15.000000
208.242569	7.500000
208.242569	0.000000


209.242569	15.000000
209.242569	7.500000
209.242569	0.000000


210.242569	15.000000
210.242569	7.500000
210.242569	0.000000


211.242569	15.000000
211.242569	7.500000
211.242569	0.000000


212.242569	15.000000
212.242569	7.500000
212.242569	0.000000


213.242569	15.000000
213.242569	7.500000
213.242569	0.000000


214.242569	15.000000
214.242569	7.500000
214.242569	0.000000


215.242569	15.000000
215.242569	7.500000
215.242569	0.000000


216.242569	15.000000
216.242569	7.500000
216.242569	0.000000


217.242569	15.000000
217.242569	7.500000
217.242569	0.000000


218.242569	15.000000
218.242569	7.500000
218.242569	0.000000


219.242569	15.000000
219.242569	7.500000
219.242569	0.000000


220.242569	15.000000
220.242569	7.500000
220.242569	0.000000


221.242569	15.000000
221.242569	7.500000
221.242569	0.000000


222.242569	15.000000
222.242569	7.500000
222.242569	0.000000


223.242569	15.000000
223.242569	7.500000
223.242569	0.000000


224.242569	15.000000
224.242569	7.500000
224.242569	0.000000


225.242569	15.000000
225.242569	7.500000
225.242569	0.000000


226.242569	15.000000
226.242569	7.500000
226.242569	0.000000


227.242569	15.000000
227.242569	7.500000
227.242569	0.000000


228.242569	15.000000
228.242569	7.500000
228.242569	0.000000


229.242569	15.000000
229.242569	7.500000
229.242569	0.000000


230.344984	14.996673
230.242557	7.497372
230.140130	-0.001928


231.610497	14.956918
231.242011	7.465975
230.873526	-0.024967


232.873802	14.872279
232.239722	7.399130
231.605643	-0.074018


234.133307	14.742863
233.234433	7.296923
232.335558	-0.149017


235.387427	14.568833
234.224889	7.159481
233.062351	-0.249872


236.634582	14.350409
235.209845	6.986978
233.785108	-0.376454


237.873200	14.087866
236.188059	6.779631
234.502918	-0.528604


239.101721	13.781534
237.158299	6.537701
235.214877	-0.706131


240.318597	13.431799
238.119342	6.261494
235.920087	-0.908812


241.522297	13.039102
239.069979	5.951356
236.617660	-1.136389


242.711303	12.603937
240.009011	5.607679
237.306719	-1.388578


243.884117	12.126853
240.935255	5.230896
237.986394	-1.665060


245.039263	11.608450
241.847546	4.821481
238.655830	-1.965487


246.175285	11.049382
242.744734	4.379951
239.314183	-2.289481


247.290752	10.450353
243.625688	3.906860
239.960624	-2.636633


248.384260	9.812117
244.489299	3.402805
240.594338	-3.006507


249.454430	9.135479
245.334479	2.868422
241.214528	-3.398635


250.499914	8.421290
246.160163	2.304382
241.820413	-3.812526


251.519396	7.670451
246.965312	1.711398
242.411228	-4.247655


252.511592	6.883907
247.748911	1.090215
242.986230	-4.703477


253.475251	6.062649
248.509972	0.441616
243.544694	-5.179417


254.409159	5.207712
249.247538	-0.233581
244.085917	-5.674874


255.312141	4.320172
249.960679	-0.934527
244.609217	-6.189226


256.183058	3.401147
250.648497	-1.660338
245.113936	-6.721823


256.974048	2.508253
251.311145	-2.409220
245.648242	-7.326693


257.629711	1.753199
251.966808	-3.164274
246.303905	-8.081747


258.285374	0.998145
252.622471	-3.919328
246.959568	-8.836800


258.941036	0.243092
253.278134	-4.674381
247.615231	-9.591854


259.596699	-0.511962
253.933797	-5.429435
248.270894	-10.346908


260.252362	-1.267016
254.589459	-6.184488
248.926557	-11.101961


260.908025	-2.022069
255.245122	-6.939542
249.582220	-11.857015


261.563688	-2.777123
255.900785	-7.694596
250.237882	-12.612069


262.219351	-3.532177
256.556448	-8.449649
250.893545	-13.367122


262.875014	-4.287230
257.212111	-9.204703
251.549208	-14.122176


263.530677	-5.042284
257.867774	-9.959757
252.204871	-14.877229


264.186340	-5.797337
258.523437	-10.714810
252.860534	-15.632283


264.842003	-6.552391
259.179100	-11.469864
253.516197	-16.387337


265.497666	-7.307445
259.834763	-12.224918
254.171860	-17.142390


266.153329	-8.062498
260.490426	-12.979971
254.827523	-17.897444


266.808991	-8.817552
261.146089	-13.735025
255.483186	-18.652498


267.464654	-9.572606
261.801752	-14.490078
256.138849	-19.407551


268.120317	-10.327659
262.457414	-15.245132
256.794512	-20.162605


268.775980	-11.082713
263.113077	-16.000186
257.450175	-20.917659


269.431643	-11.837767
263.768740	-16.755239
258.105837	-21.672712


270.087306	-12.592820
264.424403	-17.510293
258.761500	-22.427766


270.742969	-13.347874
265.080066	-18.265347
259.417163	-23.182820


271.398632	-14.102927
265.735729	-19.020400
260.072826	-23.937873


272.054295	-14.857981
266.391392	-19.775454
260.728489	-24.692927


272.709958	-15.613035
267.047055	-20.530508
261.384152	-25.447980


273.365621	-16.368088
267.702718	-21.285561
262.039815	-26.203034


274.021284	-17.123142
268.358381	-22.040615
262.695478	-26.958088


274.676946	-17.878196
269.014044	-22.795668
263.351141	-27.713141


275.332609	-18.633249
269.669706	-23.550722
264.006804	-28.468195


275.988272	-19.388303
270.325369	-24.305776
264.662467	-29.223249


276.643935	-20.143357
270.981032	-25.060829
265.318129	-29.978302


277.299598	-20.898410
271.636695	-25.815883
265.973792	-30.733356


277.955261	-21.653464
272.292358	-26.570937
266.629455	-31.488410


278.610924	-22.408517
272.948021	-27.325990
267.285118	-32.243463


279.266587	-23.163571
273.603684	-28.081044
267.940781	-32.998517


279.922250	-23.918625
274.259347	-28.836098
268.596444	-33.753570


280.577913	-24.673678
274.915010	-29.591151
269.252107	-34.508624


281.233576	-25.428732
275.570673	-30.346205
269.907770	-35.263678


281.889238	-26.183786
276.226336	-31.101259
270.563433	-36.018731


282.544901	-26.938839
276.881999	-31.856312
271.219096	-36.773785


283.200564	-27.693893
277.537661	-32.611366
271.874759	-37.528839


283.856227	-28.448947
278.193324	-33.366419
272.530422	-38.283892


284.511890	-29.204000
278.848987	-34.121473
273.186084	-39.038946


285.167553	-29.959054
279.504650	-34.876527
273.841747	-39.794000


285.823216	-30.714108
280.160313	-35.631580
274.497410	-40.549053


286.478879	-31.469161
280.815976	-36.386634
275.153073	-41.304107


287.134542	-32.224215
281.471639	-37.141688
275.808736	-42.059160


287.790205	-32.979268
282.127302	-37.896741
276.464399	-42.814214


288.445868	-33.734322
282.782965	-38.651795
277.120062	-43.569268


289.101531	-34.489376
283.438628	-39.406849
277.775725	-44.324321


289.757193	-35.244429
284.094291	-40.161902
278.431388	-45.079375


290.412856	-35.999483
284.749954	-40.916956
279.087051	-45.834429


291.068519	-36.754537
285.405616	-41.672009
279.742714	-46.589482


291.724182	-37.509590
286.061279	-42.427063
280.398377	-47.344536


292.379845	-38.264644
286.716942	-43.182117
281.054039	-48.099590


293.035508	-39.019698
287.372605	-43.937170
281.709702	-48.854643


293.691171	-39.774751
288.028268	-44.692224
282.365365	-49.609697


294.346834	-40.529805
288.683931	-45.447278
283.021028	-50.364750


295.002497	-41.284858
289.339594	-46.202331
283.676691	-51.119804


295.658160	-42.039912
289.995257	-46.957385
284.332354	-51.874858


296.313823	-42.794966
290.650920	-47.712439
284.988017	-52.629911


296.969486	-43.550019
291.306583	-48.467492
285.643680	-53.384965


297.625148	-44.305073
291.962246	-49.222546
286.299343	-54.140019


298.280811	-45.060127
292.617909	-49.977599
286.955006	-54.895072


298.936474	-45.815180
293.273571	-50.732653
287.610669	-55.650126


299.592137	-46.570234
293.929234	-51.487707
288.266332	-56.405180


300.247800	-47.325288
294.584897	-52.242760
288.921994	-57.160233


300.903463	-48.080341
295.240560	-52.997814
289.577657	-57.915287


301.559126	-48.835395
295.896223	-53.752868
290.233320	-58.670340


302.214789	-49.590448
296.551886	-54.507921
290.888983	-59.425394


302.870452	-50.345502
297.207549	-55.262975
291.544646	-60.180448


303.526115	-51.100556
297.863212	-56.018029
292.200309	-60.935501


304.181778	-51.855609
298.518875	-56.773082
292.855972	-61.690555


304.837440	-52.610663
299.174538	-57.528136
293.511635	-62.445609


305.493103	-53.365717
299.830201	-58.283189
294.167298	-63.200662


306.148766	-54.120770
300.485863	-59.038243
294.822961	-63.955716


306.804429	-54.875824
301.141526	-59.793297
295.478624	-64.710770


307.460092	-55.630878
301.797189	-60.548350
296.134286	-65.465823


308.115755	-56.385931
302.452852	-61.303404
296.789949	-66.220877


308.771418	-57.140985
303.108515	-62.058458
297.445612	-66.975931


309.427081	-57.896038
303.764178	-62.813511
298.101275	-67.730984


310.082744	-58.651092
304.419841	-63.568565
298.756938	-68.486038


310.738407	-59.406146
305.075504	-64.323619
299.412601	-69.241091


311.394070	-60.161199
305.731167	-65.078672
300.068264	-69.996145


312.049733	-60.916253
306.386830	-65.833726
300.723927	-70.751199


312.705395	-61.671307
307.042493	-66.588780
301.379590	-71.506252


313.361058	-62.426360
307.698156	-67.343833
302.035253	-72.261306


314.016721	-63.181414
308.353818	-68.098887
302.690916	-73.016360


314.672384	-63.936468
309.009481	-68.853940
303.346579	-73.771413


315.328047	-64.691521
309.665144	-69.608994
304.002241	-74.526467


315.983710	-65.446575
310.320807	-70.364048
304.657904	-75.281521


316.639373	-66.201628
310.976470	-71.119101
305.313567	-76.036574


317.295036	-66.956682
311.632133	-71.874155
305.969230	-76.791628


317.950699	-67.711736
312.287796	-72.629209
306.624893	-77.546681


318.606362	-68.466789
312.943459	-73.384262
307.280556	-78.301735


319.262025	-69.221843
313.599122	-74.139316
307.936219	-79.056789


319.917688	-69.976897
314.254785	-74.894370
308.591882	-79.811842


320.573350	-70.731950
314.910448	-75.649423
309.247545	-80.566896


321.229013	-71.487004
315.566111	-76.404477
309.903208	-81.321950


321.884676	-72.242058
316.221773	-77.159530
310.558871	-82.077003


322.540339	-72.997111
316.877436	-77.914584
311.214534	-82.832057


323.196002	-73.752165
317.533099	-78.669638
311.870196	-83.587111


323.851665	-74.507219
318.188762	-79.424691
312.525859	-84.342164


324.507328	-75.262272
318.844425	-80.179745
313.181522	-85.097218


325.162991	-76.017326
319.500088	-80.934799
313.837185	-85.852271


325.818654	-76.772379
320.155751	-81.689852
314.492848	-86.607325


326.474317	-77.527433
320.811414	-82.444906
315.148511	-87.362379


327.129980	-78.282487
321.467077	-83.199960
315.804174	-88.117432


327.785643	-79.037540
322.122740	-83.955013
316.459837	-88.872486


328.441305	-79.792594
322.778403	-84.710067
317.115500	-89.627540


329.096968	-80.547648
323.434066	-85.465120
317.771163	-90.382593


329.752631	-81.302701
324.089728	-86.220174
318.426826	-91.137647


330.408294	-82.057755
324.745391	-86.975228
319.082488	-91.892701


331.063957	-82.812809
325.401054	-87.730281
319.738151	-92.647754


331.719620	-83.567862
326.056717	-88.485335
320.393814	-93.402808


332.375283	-84.322916
326.712380	-89.240389
321.049477	-94.157861


333.030946	-85.077969
327.368043	-89.995442
321.705140	-94.912915


333.686609	-85.833023
328.023706	-90.750496
322.360803	-95.667969


334.342272	-86.588077
328.679369	-91.505550
323.016466	-96.423022


334.997935	-87.343130
329.335032	-92.260603
323.672129	-97.178076


335.653597	-88.098184
329.990695	-93.015657
324.327792	-97.933130


336.309260	-88.853238
330.646358	-93.770710
324.983455	-98.688183


336.964923	-89.608291
331.302020	-94.525764
325.639118	-99.443237


337.620586	-90.363345
331.957683	-95.280818
326.294781	-100.198291


338.276249	-91.118399
332.613346	-96.035871
326.950443	-100.953344


338.931912	-91.873452
333.269009	-96.790925
327.606106	-101.708398


339.587575	-92.628506
333.924672	-97.545979
328.261769	-102.463452


340.243238	-93.383559
334.580335	-98.301032
328.917432	-103.218505


340.898901	-94.138613
335.235998	-99.056086
329.573095	-103.973559


341.554564	-94.893667
335.891661	-99.811140
330.228758	-104.728612


342.210227	-95.648720
336.547324	-100.566193
330.884421	-105.483666


342.865890	-96.403774
337.202987	-101.321247
331.540084	-106.238720


343.521552	-97.158828
337.858650	-102.076300
332.195747	-106.993773


344.177215	-97.913881
338.514313	-102.831354
332.851410	-107.748827


344.832878	-98.668935
339.169975	-103.586408
333.507073	-108.503881


345.488541	-99.423989
339.825638	-104.341461
334.162736	-109.258934


346.144204	-100.179042
340.481301	-105.096515
334.818398	-110.013988


346.799867	-100.934096
341.136964	-105.851569
335.474061	-110.769042


347.455530	-101.689149
341.792627	-106.606622
336.129724	-111.524095


348.111193	-102.444203
342.448290	-107.361676
336.785387	-112.279149


348.766856	-103.199257
343.103953	-108.116730
337.441050	-113.034202


349.422519	-103.954310
343.759616	-108.871783
338.096713	-113.789256


350.078182	-104.709364
344.415279	-109.626837
338.752376	-114.544310


350.733845	-105.464418
345.070942	-110.381891
339.408039	-115.299363


351.389507	-106.219471
345.726605	-111.136944
340.063702	-116.054417


352.045170	-106.974525
346.382268	-111.891998
340.719365	-116.809471


352.700833	-107.729579
347.037931	-112.647051
341.375028	-117.564524


353.356497	-108.484632
347.693594	-113.402105
342.030691	-118.319578


354.012160	-109.239686
348.349257	-114.157159
342.686354	-119.074632


354.667823	-109.994740
349.004920	-114.912212
343.342017	-119.829685


355.323486	-110.749793
349.660583	-115.667266
343.997680	-120.584739


355.979149	-111.504847
350.316246	-116.422320
344.653343	-121.339793


356.634812	-112.259901
350.971909	-117.177373
345.309006	-122.094846


357.290475	-113.014954
351.627572	-117.932427
345.964669	-122.849900


357.946138	-113.770008
352.283235	-118.687481
346.620332	-123.604954


358.601801	-114.525062
352.938898	-119.442534
347.275996	-124.360007


359.257464	-115.280115
353.594561	-120.197588
347.931659	-125.115061


359.913127	-116.035169
354.250225	-120.952642
348.587322	-125.870115


360.568790	-116.790223
354.905888	-121.707695
349.242985	-126.625168


361.224454	-117.545276
355.561551	-122.462749
349.898648	-127.380222


361.880117	-118.300330
356.217214	-123.217803
350.554311	-128.135276


362.535780	-119.055384
356.872877	-123.972856
351.209974	-128.890329


363.191443	-119.810437
357.528540	-124.727910
351.865637	-129.645383


363.847106	-120.565491
358.184203	-125.482964
352.521300	-130.400437


364.502769	-121.320545
358.839866	-126.238017
353.176963	-131.155490


365.158432	-122.075598
359.495529	-126.993071
353.832626	-131.910544


365.814095	-122.830652
360.151192	-127.748125
354.488289	-132.665598


366.469758	-123.585706
360.806855	-128.503178
355.143953	-133.420651


367.125421	-124.340759
361.462518	-129.258232
355.799616	-134.175705


367.781084	-125.095813
362.118182	-130.013286
356.455279	-134.930759


368.436747	-125.850867
362.773845	-130.768339
357.110942	-135.685812


369.092411	-126.605920
363.429508	-131.523393
357.766605	-136.440866


369.748074	-127.360974
364.085171	-132.278447
358.422268	-137.195920


370.403737	-128.116028
364.740834	-133.033500
359.077931	-137.950973


371.059400	-128.871081
365.396497	-133.788554
359.733594	-138.706027


371.715063	-129.626135
366.052160	-134.543608
360.389257	-139.461081


372.370726	-130.381189
366.707823	-135.298661
361.044920	-140.216134


373.026389	-131.136242
367.363486	-136.053715
361.700583	-140.971188


373.682052	-131.891296
368.019149	-136.808769
362.356246	-141.726242


374.337715	-132.646350
368.674812	-137.563822
363.011910	-142.481295


374.993378	-133.401403
369.330475	-138.318876
363.667573	-143.236349


375.649041	-134.156457
369.986139	-139.073930
364.323236	-143.991403


376.304704	-134.911511
370.641802	-139.828983
364.978899	-144.746456


376.960367	-135.666564
371.297465	-140.584037
365.634562	-145.501510


377.616031	-136.421618
371.953128	-141.339091
366.290225	-146.256564


378.271694	-137.176671
372.608791	-142.094144
366.945888	-147.011617


378.927357	-137.931725
373.264454	-142.849198
367.601551	-147.766671


379.583020	-138.686779
373.920117	-143.604252
368.257214	-148.521725


380.238683	-139.441832
374.575780	-144.359305
368.912877	-149.276778


380.894346	-140.196886
375.231443	-145.114359
369.568540	-150.031832


381.550009	-140.951940
375.887106	-145.869413
370.224203	-150.786885


382.205672	-141.706993
376.542769	-146.624466
370.879866	-151.541939


382.861335	-142.462047
377.198432	-147.379520
371.535530	-152.296993


383.516998	-143.217101
377.854095	-148.134574
372.191193	-153.052046


384.172661	-143.972154
378.509759	-148.889627
372.846856	-153.807100


384.828324	-144.727208
379.165422	-149.644681
373.502519	-154.562154


385.483988	-145.482262
379.821085	-150.399735
374.158182	-155.317207


386.139651	-146.237315
380.476748	-151.154788
374.813845	-156.072261


386.795314	-146.992369
381.132411	-151.909842
375.469508	-156.827315


387.450977	-147.747423
381.788074	-152.664896
376.125171	-157.582368


388.106640	-148.502476
382.443737	-153.419949
376.780834	-158.337422


388.762303	-149.257530
383.099400	-154.175003
377.436497	-159.092476


389.417966	-150.012584
383.755063	-154.930057
378.092160	-159.847529


390.073629	-150.767637
384.410726	-155.685110
378.747823	-160.602583


390.729292	-151.522691
385.066389	-156.440164
379.403487	-161.357637


391.384955	-152.277745
385.722052	-157.195218
380.059150	-162.112690


392.040618	-153.032798
386.377716	-157.950271
380.714813	-162.867744


392.696281	-153.787852
387.033379	-158.705325
381.370476	-163.622798


393.351945	-154.542906
387.689042	-159.460379
382.026139	-164.377851


394.007608	-155.297959
388.344705	-160.215432
382.681802	-165.132905


394.663271	-156.053013
389.000368	-160.970486
383.337465	-165.887959


395.318934	-156.808067
389.656031	-161.725540
383.993128	-166.643012


395.974597	-157.563120
390.311694	-162.480593
384.648791	-167.398066


396.630260	-158.318174
390.967357	-163.235647
385.304454	-168.153120


397.285923	-159.073228
391.623020	-163.990701
385.960117	-168.908173


397.941586	-159.828281
392.278683	-164.745754
386.615780	-169.663227


398.597249	-160.583335
392.934346	-165.500808
387.271444	-170.418281


399.252912	-161.338389
393.590009	-166.255862
387.927107	-171.173334


399.908575	-162.093442
394.245673	-167.010915
388.582770	-171.928388


400.564238	-162.848496
394.901336	-167.765969
389.238433	-172.683442


401.219902	-163.603550
395.556999	-168.521023
389.894096	-173.438495


401.875565	-164.358603
396.212662	-169.276076
390.549759	-174.193549


402.531228	-165.113657
396.868325	-170.031130
391.205422	-174.948603


403.186891	-165.868711
397.523988	-170.786184
391.861085	-175.703656


403.842554	-166.623764
398.179651	-171.541237
392.516748	-176.458710


404.498217	-167.378818
398.835314	-172.296291
393.172411	-177.213764


405.153880	-168.133872
399.490977	-173.051345
393.828074	-177.968817


405.809543	-168.888925
400.146640	-173.806398
394.483737	-178.723871


406.465206	-169.643979
400.802303	-174.561452
395.139401	-179.478925


407.120869	-170.399033
401.457966	-175.316506
395.795064	-180.233978


407.776532	-171.154086
402.113629	-176.071559
396.450727	-180.989032


408.432195	-171.909140
402.769293	-176.826613
397.106390	-181.744086


409.087858	-172.664194
403.424956	-177.581667
397.762053	-182.499139


409.743522	-173.419247
404.080619	-178.336720
398.417716	-183.254193


410.399185	-174.174301
404.736282	-179.091774
399.073379	-184.009247


411.054848	-174.929355
405.391945	-179.846828
399.729042	-184.764300


411.710511	-175.684408
406.047608	-180.601881
400.384705	-185.519354


412.366174	-176.439462
406.703271	-181.356935
401.040368	-186.274408


413.021837	-177.194516
407.358934	-182.111989
401.696031	-187.029461


413.677500	-177.949569
408.014597	-182.867042
402.351694	-187.784515


414.333163	-178.704623
408.670260	-183.622096
403.007357	-188.539569


414.988826	-179.459677
409.325923	-184.377149
403.663021	-189.294622


415.644489	-180.214730
409.981586	-185.132203
404.318684	-190.049676


416.300152	-180.969784
410.637250	-185.887257
404.974347	-190.804730


416.955815	-181.724838
411.292913	-186.642310
405.630010	-191.559783


417.611479	-182.479891
411.948576	-187.397364
406.285673	-192.314837


418.267142	-183.234945
412.604239	-188.152418
406.941336	-193.069891


418.922805	-183.989999
413.259902	-188.907471
407.596999	-193.824944


419.578468	-184.745052
413.915565	-189.662525
408.252662	-194.579998


420.234131	-185.500106
414.571228	-190.417579
408.908325	-195.335052


420.889794	-186.255160
415.226891	-191.172632
409.563988	-196.090105


421.545457	-187.010213
415.882554	-191.927686
410.219651	-196.845159


422.201120	-187.765267
416.538217	-192.682740
410.875314	-197.600213


422.856783	-188.520321
417.193880	-193.437793
411.530978	-198.355266


423.512446	-189.275374
417.849543	-194.192847
412.186641	-199.110320


424.168109	-190.030428
418.505207	-194.947901
412.842304	-199.865374


424.823772	-190.785482
419.160870	-195.702954
413.497967	-200.620427


425.479436	-191.540535
419.816533	-196.458008
414.153630	-201.375481


426.135099	-192.295589
420.472196	-197.213062
414.809293	-202.130535


426.790762	-193.050643
421.127859	-197.968115
415.464956	-202.885588


427.446425	-193.805696
421.783522	-198.723169
416.120619	-203.640642


428.102088	-194.560750
422.439185	-199.478223
416.776282	-204.395696


428.757751	-195.315804
423.094848	-200.233276
417.431945	-205.150749


429.413414	-196.070857
423.750511	-200.988330
418.087608	-205.905803


430.069077	-196.825911
424.406174	-201.743384
418.743271	-206.660857


430.724740	-197.580965
425.061837	-202.498437
419.398935	-207.415910


431.380403	-198.336018
425.717500	-203.253491
420.054598	-208.170964


432.036066	-199.091072
426.373164	-204.008545
420.710261	-208.926018


432.691729	-199.846126
427.028827	-204.763598
421.365924	-209.681071


433.347393	-200.601179
427.684490	-205.518652
422.021587	-210.436125


434.003056	-201.356233
428.340153	-206.273706
422.677250	-211.191179


434.658719	-202.111287
428.995816	-207.028759
423.332913	-211.946232


435.314382	-202.866340
429.651479	-207.783813
423.988576	-212.701286


435.905793	-203.540072
430.311293	-208.535228
424.716794	-213.530384


436.491211	-204.184456
430.983715	-209.275379
425.476219	-214.366302


437.087659	-204.818646
431.668805	-210.003821
426.249952	-215.188995


437.694958	-205.442452
432.366360	-210.720335
427.037761	-215.998218


438.312928	-206.055689
433.076171	-211.424709
427.839414	-216.793730


438.941385	-206.658174
433.798027	-212.116734
428.654670	-217.575294


439.580142	-207.249728
434.531715	-212.796203
429.483287	-218.342678


440.229008	-207.830174
435.277014	-213.462914
430.325020	-219.095654


440.887792	-208.399341
436.033704	-214.116669
431.179616	-219.833997


441.556296	-208.957059
436.801559	-214.757273
432.046822	-220.557488


442.234321	-209.503161
437.580351	-215.384536
432.926381	-221.265910


442.921666	-210.037485
438.369848	-215.998270
433.818029	-221.959055


443.618127	-210.559873
439.169814	-216.598293
434.721502	-222.636714


444.323496	-211.070168
439.980013	-217.184428
435.636531	-223.298687


445.037562	-211.568219
440.800203	-217.756498
436.562843	-223.944776


445.760115	-212.053878
441.630139	-218.314334
437.500163	-224.574790


446.490938	-212.527000
442.469574	-218.857770
438.448211	-225.188540


447.271090	-213.014344
443.317599	-219.387711
439.364108	-225.761078


448.120873	-213.541477
444.167382	-219.914844
440.213891	-226.288211


448.970655	-214.068610
445.017164	-220.441977
441.063673	-226.815344


449.820438	-214.595743
445.866947	-220.969110
441.913456	-227.342477


450.670221	-215.122876
446.716729	-221.496243
442.763238	-227.869610


451.520003	-215.650008
447.566512	-222.023376
443.613021	-228.396743


452.369786	-216.177141
448.416294	-222.550509
444.462803	-228.923876


453.219568	-216.704274
449.266077	-223.077642
445.312586	-229.451009


454.069351	-217.231407
450.115859	-223.604775
446.162368	-229.978142


454.919133	-217.758540
450.965642	-224.131908
447.012151	-230.505275


455.768916	-218.285673
451.815425	-224.659040
447.861933	-231.032408


456.618698	-218.812806
452.665207	-225.186173
448.711716	-231.559541


457.468481	-219.339939
453.514990	-225.713306
449.561498	-232.086674


458.318263	-219.867072
454.364772	-226.240439
450.411281	-232.613807


459.168046	-220.394205
455.214555	-226.767572
451.261063	-233.140940


460.017828	-220.921338
456.064337	-227.294705
452.110846	-233.668072


460.867611	-221.448471
456.914120	-227.821838
452.960629	-234.195205


461.717394	-221.975604
457.763902	-228.348971
453.810411	-234.722338


462.567176	-222.502737
458.613685	-228.876104
454.660194	-235.249471


463.416959	-223.029870
459.463467	-229.403237
455.509976	-235.776604


464.266741	-223.557003
460.313250	-229.930370
456.359759	-236.303737


465.116524	-224.084136
461.163032	-230.457503
457.209541	-236.830870


465.966306	-224.611268
462.012815	-230.984636
458.059324	-237.358003


466.816089	-225.138401
462.862598	-231.511769
458.909106	-237.885136


467.665871	-225.665534
463.712380	-232.038902
459.758889	-238.412269


468.515654	-226.192667
464.562163	-232.566035
460.608671	-238.939402


469.365436	-226.719800
465.411945	-233.093168
461.458454	-239.466535


470.215219	-227.246933
466.261728	-233.620300
462.308236	-239.993668


471.065001	-227.774066
467.111510	-234.147433
463.158019	-240.520801


471.914784	-228.301199
467.961293	-234.674566
464.007802	-241.047934


472.764566	-228.828332
468.811075	-235.201699
464.857584	-241.575067


473.614349	-229.355465
469.660858	-235.728832
465.707367	-242.102200


474.464132	-229.882598
470.510640	-236.255965
466.557149	-242.629332


475.313914	-230.409731
471.360423	-236.783098
467.406932	-243.156465


476.163697	-230.936864
472.210205	-237.310231
468.256714	-243.683598


477.013479	-231.463997
473.059988	-237.837364
469.106497	-244.210731


477.863262	-231.991130
473.909770	-238.364497
469.956279	-244.737864


478.713044	-232.518263
474.759553	-238.891630
470.806062	-245.264997


479.562827	-233.045396
475.609336	-239.418763
471.655844	-245.792130


480.412609	-233.572528
476.459118	-239.945896
472.505627	-246.319263


481.262392	-234.099661
477.308901	-240.473029
473.355409	-246.846396


482.112174	-234.626794
478.158683	-241.000162
474.205192	-247.373529


482.961957	-235.153927
479.008466	-241.527295
475.054974	-247.900662


483.811739	-235.681060
479.858248	-242.054428
475.904757	-248.427795


484.661522	-236.208193
480.708031	-242.581560
476.754540	-248.954928


485.511305	-236.735326
481.557813	-243.108693
477.604322	-249.482061


486.361087	-237.262459
482.407596	-243.635826
478.454105	-250.009194


487.210870	-237.789592
483.257378	-244.162959
479.303887	-250.536327


488.060652	-238.316725
484.107161	-244.690092
480.153670	-251.063460


488.910435	-238.843858
484.956943	-245.217225
481.003452	-251.590592


489.760217	-239.370991
485.806726	-245.744358
481.853235	-252.117725


490.610000	-239.898124
486.656509	-246.271491
482.703017	-252.644858


491.459782	-240.425257
487.506291	-246.798624
483.552800	-253.171991


492.309565	-240.952390
488.356074	-247.325757
484.402582	-253.699124


493.159347	-241.479523
489.205856	-247.852890
485.252365	-254.226257


494.009130	-242.006655
490.055639	-248.380023
486.102147	-254.753390


494.858912	-242.533788
490.905421	-248.907156
486.951930	-255.280523


495.708695	-243.060921
491.755204	-249.434289
487.801713	-255.807656


496.558477	-243.588054
492.604986	-249.961422
488.651495	-256.334789


497.408260	-244.115187
493.454769	-250.488555
489.501278	-256.861922


498.258043	-244.642320
494.304551	-251.015688
490.351060	-257.389055


499.107825	-245.169453
495.154334	-251.542820
491.200843	-257.916188


499.957608	-245.696586
496.004116	-252.069953
492.050625	-258.443321


500.807390	-246.223719
496.853899	-252.597086
492.900408	-258.970454


501.657173	-246.750852
497.703681	-253.124219
493.750190	-259.497587


502.506955	-247.277985
498.553464	-253.651352
494.599973	-260.024720


503.356738	-247.805118
499.403247	-254.178485
495.449755	-260.551852


504.206520	-248.332251
500.253029	-254.705618
496.299538	-261.078985


505.056303	-248.859384
501.102812	-255.232751
497.149320	-261.606118


505.906085	-249.386517
501.952594	-255.759884
497.999103	-262.133251


506.755868	-249.913650
502.802377	-256.287017
498.848885	-262.660384


507.605650	-250.440783
503.652159	-256.814150
499.698668	-263.187517


508.455433	-250.967915
504.501942	-257.341283
500.548451	-263.714650


509.305216	-251.495048
505.351724	-257.868416
501.398233	-264.241783


510.154998	-252.022181
506.201507	-258.395549
502.248016	-264.768916


511.004781	-252.549314
507.051289	-258.922682
503.097798	-265.296049


511.854563	-253.076447
507.901072	-259.449815
503.947581	-265.823182


512.704346	-253.603580
508.750854	-259.976947
504.797363	-266.350315


513.554128	-254.130713
509.600637	-260.504080
505.647146	-266.877448


514.403911	-254.657846
510.450420	-261.031213
506.496928	-267.404581


515.253693	-255.184979
511.300202	-261.558346
507.346711	-267.931714


516.103476	-255.712112
512.149985	-262.085479
508.196493	-268.458847


516.953258	-256.239245
512.999767	-262.612612
509.046276	-268.985980


517.803041	-256.766378
513.849550	-263.139745
509.896058	-269.513112


518.652823	-257.293511
514.699332	-263.666878
510.745841	-270.040245


519.502606	-257.820644
515.549115	-264.194011
511.595624	-270.567378


520.352388	-258.347777
516.398897	-264.721144
512.445406	-271.094511


521.202171	-258.874910
517.248680	-265.248277
513.295189	-271.621644


522.051954	-259.402043
518.098462	-265.775410
514.144971	-272.148777


522.901736	-259.929175
518.948245	-266.302543
514.994754	-272.675910


523.751519	-260.456308
519.798027	-266.829676
515.844536	-273.203043


524.601301	-260.983441
520.647810	-267.356809
516.694319	-273.730176


525.451084	-261.510574
521.497592	-267.883942
517.544101	-274.257309


526.300866	-262.037707
522.347375	-268.411075
518.393884	-274.784442


527.150649	-262.564840
523.197158	-268.938207
519.243666	-275.311575


528.000431	-263.091973
524.046940	-269.465340
520.093449	-275.838708


528.850214	-263.619106
524.896723	-269.992473
520.943231	-276.365841


529.699996	-264.146239
525.746505	-270.519606
521.793014	-276.892974


530.549779	-264.673372
526.596288	-271.046739
522.642797	-277.420107


531.399561	-265.200505
527.446070	-271.573872
523.492579	-277.947239


532.249344	-265.727638
528.295853	-272.101005
524.342362	-278.474372


533.099127	-266.254771
529.145635	-272.628138
525.192144	-279.001505


533.948909	-266.781904
529.995418	-273.155271
526.041927	-279.528638


534.798692	-267.309037
530.845201	-273.682404
526.891709	-280.055771


535.648474	-267.836170
531.694983	-274.209537
527.741492	-280.582904


536.498257	-268.363303
532.544766	-274.736670
528.591275	-281.110037


537.348040	-268.890436
533.394548	-275.263803
529.441057	-281.637170


538.197822	-269.417569
534.244331	-275.790936
530.290840	-282.164303


539.047605	-269.944702
535.094114	-276.318069
531.140622	-282.691436


539.897387	-270.471835
535.943896	-276.845202
531.990405	-283.218569


540.747170	-270.998968
536.793679	-277.372335
532.840188	-283.745702


541.596953	-271.526100
537.643461	-277.899468
533.689970	-284.272835


542.446735	-272.053233
538.493244	-278.426601
534.539753	-284.799968


543.296518	-272.580366
539.343027	-278.953734
535.389535	-285.327101


544.146300	-273.107499
540.192809	-279.480867
536.239318	-285.854234


544.996083	-273.634632
541.042592	-280.008000
537.089101	-286.381367


545.845866	-274.161765
541.892375	-280.535133
537.938883	-286.908500


546.695648	-274.688898
542.742157	-281.062266
538.788666	-287.435633


547.545431	-275.216031
543.591940	-281.589399
539.638449	-287.962766


548.395214	-275.743164
544.441722	-282.116532
540.488231	-288.489899


549.244996	-276.270297
545.291505	-282.643665
541.338014	-289.017032


550.094779	-276.797430
546.141288	-283.170798
542.187796	-289.544165


550.944561	-277.324563
546.991070	-283.697930
543.037579	-290.071298


551.794344	-277.851696
547.840853	-284.225063
543.887362	-290.598431


552.644127	-278.378829
548.690635	-284.752196
544.737144	-291.125564


553.493909	-278.905962
549.540418	-285.279329
545.586927	-291.652697


554.343692	-279.433095
550.390201	-285.806462
546.436709	-292.179830


555.193474	-279.960228
551.239983	-286.333595
547.286492	-292.706963


556.043257	-280.487361
552.089766	-286.860728
548.136275	-293.234096


556.893040	-281.014494
552.939548	-287.387861
548.986057	-293.761229


557.742822	-281.541627
553.789331	-287.914994
549.835840	-294.288362


558.592605	-282.068760
554.639114	-288.442127
550.685623	-294.815495


559.442388	-282.595893
555.488896	-288.969260
551.535405	-295.342628


560.292170	-283.123026
556.338679	-289.496393
552.385188	-295.869760


561.141953	-283.650159
557.188462	-290.023526
553.234970	-296.396893


561.991735	-284.177292
558.038244	-290.550659
554.084753	-296.924026


562.841518	-284.704425
558.888027	-291.077792
554.934536	-297.451159


563.691301	-285.231558
559.737809	-291.604925
555.784318	-297.978292


564.541083	-285.758691
560.587592	-292.132058
556.634101	-298.505425


565.390866	-286.285824
561.437375	-292.659191
557.483883	-299.032558


566.240648	-286.812957
562.287157	-293.186324
558.333666	-299.559691


567.090431	-287.340090
563.136940	-293.713457
559.183449	-300.086824


567.940214	-287.867223
563.986722	-294.240590
560.033231	-300.613957


568.789996	-288.394356
564.836505	-294.767723
560.883014	-301.141090


569.639779	-288.921489
565.686288	-295.294856
561.732796	-301.668223


570.489562	-289.448622
566.536070	-295.821989
562.582579	-302.195356


571.339344	-289.975755
567.385853	-296.349122
563.432362	-302.722489


572.189127	-290.502887
568.235636	-296.876255
564.282144	-303.249622


573.038909	-291.030020
569.085418	-297.403388
565.131927	-303.776755


573.888692	-291.557153
569.935201	-297.930521
565.981710	-304.303888


574.738475	-292.084286
570.784983	-298.457654
566.831492	-304.831021


575.588257	-292.611419
571.634766	-298.984787
567.681275	-305.358154


576.438040	-293.138552
572.484549	-299.511920
568.531057	-305.885287


577.287822	-293.665685
573.334331	-300.039053
569.380840	-306.412420


578.137605	-294.192818
574.184114	-300.566186
570.230623	-306.939553


578.987388	-294.719951
575.033896	-301.093319
571.080405	-307.466686


579.837170	-295.247084
575.883679	-301.620452
571.930188	-307.993819


580.686953	-295.774217
576.733462	-302.147585
572.779970	-308.520952


581.536736	-296.301350
577.583244	-302.674717
573.629753	-309.048085


582.386518	-296.828483
578.433027	-303.201850
574.479536	-309.575218


583.236301	-297.355616
579.282810	-303.728983
575.329318	-310.102351


584.086083	-297.882749
580.132592	-304.256116
576.179101	-310.629484


584.935866	-298.409882
580.982375	-304.783249
577.028884	-311.156617


585.785649	-298.937015
581.832157	-305.310382
577.878666	-311.683750


586.635431	-299.464148
582.681940	-305.837515
578.728449	-312.210883


587.485214	-299.991281
583.531723	-306.364648
579.578231	-312.738016


588.334996	-300.518414
584.381505	-306.891781
580.428014	-313.265149


589.184779	-301.045547
585.231288	-307.418914
581.277797	-313.792282


590.034562	-301.572680
586.081070	-307.946047
582.127579	-314.319415


590.884344	-302.099813
586.930853	-308.473180
582.977362	-314.846548


591.734127	-302.626946
587.780636	-309.000313
583.827144	-315.373680


592.583909	-303.154079
588.630418	-309.527446
584.676927	-315.900813


593.433692	-303.681212
589.480201	-310.054579
585.526710	-316.427946


594.283475	-304.208345
590.329984	-310.581712
586.376492	-316.955079


595.133257	-304.735478
591.179766	-311.108845
587.226275	-317.482212


595.983040	-305.262611
592.029549	-311.635978
588.076058	-318.009345


596.832823	-305.789744
592.879331	-312.163111
588.925840	-318.536478


597.682605	-306.316877
593.729114	-312.690244
589.775623	-319.063611


598.532388	-306.844010
594.578897	-313.217377
590.625405	-319.590744


599.382170	-307.371143
595.428679	-313.744510
591.475188	-320.117877


600.231953	-307.898276
596.278462	-314.271643
592.324971	-320.645010


601.081736	-308.425409
597.128244	-314.798776
593.174753	-321.172143


601.931518	-308.952542
597.978027	-315.325909
594.024536	-321.699276


602.781301	-309.479675
598.827810	-315.853042
594.874318	-322.226409


603.631083	-310.006807
599.677592	-316.380175
595.724101	-322.753542


604.480866	-310.533940
600.527375	-316.907308
596.573884	-323.280675


605.330649	-311.061073
601.377157	-317.434441
597.423666	-323.807808


606.180431	-311.588206
602.226940	-317.961574
598.273449	-324.334941


607.030214	-312.115339
603.076723	-318.488707
599.123232	-324.862074


607.879997	-312.642472
603.926505	-319.015840
599.973014	-325.389207


608.729779	-313.169605
604.776288	-319.542973
600.822797	-325.916340


609.579562	-313.696738
605.626071	-320.070106
601.672579	-326.443473


610.429344	-314.223871
606.475853	-320.597239
602.522362	-326.970606


611.279127	-314.751004
607.325636	-321.124372
603.372145	-327.497739


612.128910	-315.278137
608.175418	-321.651505
604.221927	-328.024872


612.978692	-315.805270
609.025201	-322.178637
605.071710	-328.552005


613.828475	-316.332403
609.874984	-322.705770
605.921492	-329.079138


614.678257	-316.859536
610.724766	-323.232903
606.771275	-329.606271


615.528040	-317.386669
611.574549	-323.760036
607.621058	-330.133404


616.377823	-317.913802
612.424331	-324.287169
608.470840	-330.660537


617.227605	-318.440935
613.274114	-324.814302
609.320623	-331.187670


618.077388	-318.968068
614.123897	-325.341435
610.170405	-331.714803


618.927171	-319.495201
614.973679	-325.868568
611.020188	-332.241936


619.776953	-320.022334
615.823462	-326.395701
611.869971	-332.769069


620.626736	-320.549467
616.673245	-326.922834
612.719753	-333.296202


621.476518	-321.076600
617.523027	-327.449967
613.569536	-333.823335


622.326301	-321.603733
618.372810	-327.977100
614.419319	-334.350467


623.176084	-322.130866
619.222592	-328.504233
615.269101	-334.877600


624.025866	-322.657999
620.072375	-329.031366
616.118884	-335.404733


624.875649	-323.185132
620.922158	-329.558499
616.968666	-335.931866


625.725431	-323.712265
621.771940	-330.085632
617.818449	-336.458999


626.575214	-324.239398
622.621723	-330.612765
618.668232	-336.986132


627.424997	-324.766531
623.471505	-331.139898
619.518014	-337.513265


628.274779	-325.293664
624.321288	-331.667031
620.367797	-338.040398


629.138355	-325.829456
625.171034	-332.194223
621.203713	-338.558991


630.189956	-326.509794
626.010604	-332.737387
621.831252	-338.964980


631.218057	-327.225150
626.831412	-333.308508
622.444767	-339.391867


632.221491	-327.974713
627.632527	-333.906939
623.043563	-339.839166


633.199122	-328.757634
628.413041	-334.532002
623.626960	-340.306371


634.149839	-329.573024
629.172068	-335.182988
624.194297	-340.792952


635.072567	-330.419959
629.908749	-335.859159
624.744931	-341.298358


635.966258	-331.297480
630.622248	-336.559747
625.278238	-341.822015


636.829899	-332.204590
631.311756	-337.283960
625.793612	-342.363330


637.662511	-333.140262
631.976491	-338.030976
626.290471	-342.921689


638.463150	-334.103435
632.615700	-338.799947
626.768249	-343.496459


639.230909	-335.093017
633.228658	-339.590003
627.226406	-344.086988


639.964917	-336.107886
633.814669	-340.400247
627.664422	-344.692608


640.664341	-337.146891
634.373071	-341.229760
628.081801	-345.312630


641.328389	-338.208854
634.903229	-342.077603
628.478069	-345.946353


641.956308	-339.292571
635.404543	-342.942814
628.852777	-346.593057


642.547386	-340.396814
635.876443	-343.824412
629.205501	-347.252010


643.100952	-341.520331
636.318396	-344.721398
629.535839	-347.922465


643.616380	-342.661847
636.729900	-345.632754
629.843419	-348.603660


644.093085	-343.820069
637.110488	-346.557447
630.127891	-349.294825


644.530526	-344.993683
637.459729	-347.494429
630.388932	-349.995175


644.928208	-346.181360
637.777227	-348.442638
630.626247	-350.703917


645.285679	-347.381751
638.062622	-349.400999
630.839566	-351.420246


645.602534	-348.593497
638.315591	-350.368424
631.028648	-352.143351


645.878414	-349.815224
638.535846	-351.343818
631.193278	-352.872412


646.113007	-351.045545
638.723138	-352.326074
631.333270	-353.606602


646.306045	-352.283068
638.877255	-353.314078
631.448465	-354.345089


646.457311	-353.526388
638.998022	-354.306712
631.538733	-355.087035


646.566633	-354.774095
639.085302	-355.302848
631.603970	-355.831600


646.633887	-356.024776
639.138995	-356.301358
631.644103	-356.577940


646.658997	-357.277012
639.159042	-357.301109
631.659087	-357.325207


646.641934	-358.529383
639.145419	-358.300969
631.648905	-358.072555


646.616894	-359.456837
639.118515	-359.300606
631.620135	-359.144376


646.603577	-360.364351
639.103842	-360.300493
631.604107	-360.236634


646.601439	-361.271961
639.101486	-361.300484
631.601534	-361.329007


646.610480	-362.179528
639.111448	-362.300428
631.612416	-362.421328


646.630700	-363.086915
639.133726	-363.300174
631.636752	-363.513433


646.662094	-363.993984
639.168316	-364.299570
631.674537	-364.605155


646.704659	-364.900598
639.215213	-365.298463
631.725767	-365.696329


646.758388	-365.806618
639.274411	-366.296703
631.790433	-366.786789


646.823272	-366.711908
639.345899	-367.294139
631.868526	-367.876369


646.899303	-367.616330
639.429668	-368.290618
631.960034	-368.964906


646.986467	-368.519747
639.525705	-369.285990
632.064943	-370.052232


647.084753	-369.422022
639.633994	-370.280103
632.183236	-371.138184


647.194144	-370.323018
639.754521	-371.272807
632.314897	-372.222596


647.314626	-371.222598
639.887265	-372.263951
632.459905	-373.305305


647.446178	-372.120626
640.032208	-373.253385
632.618237	-374.386145


647.588782	-373.016965
640.189327	-374.240959
632.789871	-375.464953


647.742416	-373.911480
640.358598	-375.226522
632.974780	-376.541565


647.907055	-374.804034
640.539996	-376.209926
633.172936	-377.615817


648.082677	-375.694493
640.733493	-377.191020
633.384309	-378.687548


648.269253	-376.582721
640.939060	-378.169657
633.608866	-379.756594


648.466755	-377.468584
641.156665	-379.145688
633.846575	-380.822792


648.675154	-378.351947
641.386276	-380.118964
634.097397	-381.885982


648.894418	-379.232675
641.627858	-381.089339
634.361297	-382.946002


649.124514	-380.110637
641.881373	-382.056664
634.638233	-384.002690


649.365406	-380.985697
642.146785	-383.020793
634.928164	-385.055888


649.617058	-381.857724
642.424052	-383.981579
635.231045	-386.105434


649.879432	-382.726585
642.713132	-384.938878
635.546831	-387.151170


650.152488	-383.592149
643.013981	-385.892543
635.875474	-388.192937


650.436185	-384.454283
643.326554	-386.842430
636.216923	-389.230578


650.730480	-385.312858
643.650804	-387.788396
636.571128	-390.263933


651.035328	-386.167743
643.986681	-388.730295
636.938034	-391.292848


651.350682	-387.018808
644.334134	-389.667986
637.317585	-392.317165


651.676496	-387.865924
644.693110	-390.601326
637.709725	-393.336729


652.012718	-388.708962
645.063556	-391.530174
638.114393	-394.351386


652.359300	-389.547795
645.445414	-392.454388
638.531528	-395.360981


652.716187	-390.382296
645.838627	-393.373829
638.961067	-396.365362


653.083326	-391.212338
646.243135	-394.288357
639.402945	-397.364376


653.460661	-392.037794
646.658878	-395.197832
639.857094	-398.357871


653.848135	-392.858540
647.085791	-396.102119
640.323447	-399.345697


654.245689	-393.674451
647.523810	-397.001077
640.801931	-400.327704


654.653262	-394.485403
647.972868	-397.894573
641.292474	-401.303743


655.070793	-395.291274
648.432898	-398.782470
641.795003	-402.273665


655.498219	-396.091941
648.903830	-399.664633
642.309440	-403.237324


655.935475	-396.887282
649.385592	-400.540928
642.835708	-404.194574


656.382494	-397.677177
649.878110	-401.411223
643.373727	-405.145269


656.839208	-398.461506
650.381311	-402.275385
643.923415	-406.089264


657.305548	-399.240150
650.895119	-403.133284
644.484689	-407.026418


657.781444	-400.012991
651.419454	-403.984789
645.057463	-407.956587


658.266823	-400.779911
651.954237	-404.829771
645.641652	-408.879630


658.761612	-401.540795
652.499388	-405.668101
646.237165	-409.795407


659.265735	-402.295526
653.054824	-406.499653
646.843913	-410.703780


659.779116	-403.043991
653.620460	-407.324301
647.461804	-411.604611


660.301678	-403.786076
654.196211	-408.141919
648.090743	-412.497763


660.833340	-404.521668
654.781988	-408.952383
648.730637	-413.383099


661.374022	-405.250655
655.377704	-409.755571
649.381386	-414.260487


661.977486	-406.047194
655.981569	-410.552651
649.985652	-415.058108


662.667840	-406.987484
656.573372	-411.358709
650.478903	-415.729935


663.337148	-407.942869
657.147132	-412.177708
650.957116	-416.412547


663.985080	-408.912879
657.702568	-413.009244
651.420055	-417.105609


664.611316	-409.897036
658.239405	-413.852906
651.867494	-417.808777


665.215547	-410.894853
658.757379	-414.708280
652.299210	-418.521707


665.797476	-411.905839
659.256234	-415.574942
652.714992	-419.244045


666.356815	-412.929497
659.735724	-416.452467
653.114633	-419.975437


666.893290	-413.965320
660.195614	-417.340421
653.497938	-420.715521


667.406634	-415.012799
660.635676	-418.238366
653.864717	-421.463933


667.896597	-416.071417
661.055693	-419.145860
654.214790	-422.220304


668.362935	-417.140652
661.455459	-420.062456
654.547983	-422.984260


668.805419	-418.219977
661.834776	-420.987701
654.864133	-423.755426


669.223831	-419.308860
662.193457	-421.921140
655.163083	-424.533421


669.617964	-420.406764
662.531326	-422.862313
655.444687	-425.317861


669.987625	-421.513148
662.848215	-423.810754
655.708805	-426.108360


670.332630	-422.627466
663.143969	-424.765998
655.955308	-426.904529


670.652811	-423.749170
663.418442	-425.727572
656.184073	-427.705973


670.948008	-424.877706
663.671498	-426.695003
656.394988	-428.512300


671.218077	-426.012518
663.903014	-427.667814
656.587950	-429.323110


671.462885	-427.153046
664.112873	-428.645525
656.762862	-430.138004


671.682310	-428.298728
664.300974	-429.627655
656.919639	-430.956582


671.876245	-429.448999
664.467224	-430.613718
657.058203	-431.778438


672.044594	-430.603292
664.611540	-431.603230
657.178486	-432.603167


672.187273	-431.761039
664.733851	-432.595702
657.280429	-433.430364


672.304213	-432.921668
664.834097	-433.590644
657.363981	-434.259621


672.395357	-434.084607
664.912229	-434.587568
657.429102	-435.090528


672.460658	-435.249283
664.968208	-435.585980
657.475759	-435.922676


672.500085	-436.415122
665.002007	-436.585389
657.503929	-436.755655


672.513618	-437.581549
665.013608	-437.585301
657.513598	-437.589054


672.501251	-438.747989
665.003007	-438.585225
657.504762	-438.422462


672.462990	-439.913866
664.970207	-439.584668
657.477425	-439.255469


672.398854	-441.078607
664.915227	-440.583135
657.431600	-440.087663


672.308874	-442.241637
664.838092	-441.580136
657.367310	-440.918635


672.193094	-443.402383
664.738840	-442.575179
657.284587	-441.747975


672.051572	-444.560271
664.617522	-443.567772
657.183471	-442.575273


671.884378	-445.714733
664.474195	-444.557428
657.064012	-443.400123


671.691594	-446.865197
664.308932	-445.543657
656.926270	-444.222117


671.473314	-448.011098
664.121813	-446.525974
656.770312	-445.040850


671.229647	-449.151870
663.912931	-447.503895
656.596214	-445.855919


670.960713	-450.286951
663.682389	-448.476937
656.404064	-446.666922


670.666644	-451.415782
663.430300	-449.444620
656.193955	-447.473459


670.347586	-452.537805
663.156788	-450.406469
655.965991	-448.275132


670.003695	-453.652468
662.861990	-451.362007
655.720284	-449.071546


669.635141	-454.759221
662.546049	-452.310765
655.456957	-449.862309


669.242106	-455.857519
662.209121	-453.252275
655.176137	-450.647030


668.824783	-456.946820
661.851374	-454.186072
654.877965	-451.425324


668.383378	-458.026587
661.472982	-455.111696
654.562586	-452.196805


667.918110	-459.096288
661.074133	-456.028691
654.230157	-452.961094


667.429206	-460.155395
660.655024	-456.936605
653.880841	-453.717815


666.916909	-461.203387
660.215860	-457.834990
653.514810	-454.466593


666.381471	-462.239746
659.756858	-458.723403
653.132245	-455.207060


665.932806	-463.084480
659.287929	-459.606618
652.643051	-456.128757


665.520991	-463.884287
658.830157	-460.495680
652.139324	-457.107072


665.119918	-464.689535
658.384327	-461.390789
651.648736	-458.092042


664.729659	-465.500079
657.950518	-462.291785
651.171376	-459.083491


664.350285	-466.315775
657.528807	-463.198507
650.707329	-460.081240


663.981863	-467.136475
657.119271	-464.110793
650.256679	-461.085111


663.624459	-467.962033
656.721983	-465.028479
649.819507	-462.094924


663.278137	-468.792301
656.337013	-465.951400
649.395890	-463.110499


662.942959	-469.627130
655.964432	-466.879391
648.985904	-464.131652


662.618986	-470.466370
655.604305	-467.812286
648.589624	-465.158202


662.306275	-471.309872
655.256697	-468.749918
648.207119	-466.189964


662.004883	-472.157484
654.921671	-469.692119
647.838459	-467.226754


661.714863	-473.009055
654.599286	-470.638720
647.483710	-468.268385


661.436267	-473.864431
654.289601	-471.589551
647.142934	-469.314671


661.169145	-474.723459
653.992670	-472.544442
646.816194	-470.365425


660.913546	-475.585986
653.708547	-473.503222
646.503548	-471.420458


660.669514	-476.451856
653.437283	-474.465719
646.205051	-472.479581


660.437095	-477.320916
653.178926	-475.431761
645.920758	-473.542605


660.216328	-478.193009
652.933523	-476.401174
645.650719	-474.609339


660.007254	-479.067978
652.701118	-477.373785
645.394982	-475.679592


659.809911	-479.945668
652.481752	-478.349420
645.153594	-476.753172


659.624333	-480.825921
652.275465	-479.327904
644.926597	-477.829887


659.450554	-481.708578
652.082293	-480.309061
644.714032	-478.909544


659.288605	-482.593483
651.902272	-481.292716
644.515938	-479.991950


659.138516	-483.480476
651.735433	-482.278693
644.332350	-481.076909


659.000312	-484.369398
651.581806	-483.266814
644.163301	-482.164229


658.874019	-485.260091
651.441419	-484.256903
644.008820	-483.253715


658.743020	-486.240667
651.308999	-485.248113
643.874978	-484.255559


658.610682	-487.231871
651.176661	-486.239317
643.742640	-485.246764


658.478343	-488.223075
651.044322	-487.230521
643.610301	-486.237968


658.346004	-489.214279
650.911983	-488.221726
643.477962	-487.229172


658.213665	-490.205484
650.779644	-489.212930
643.345623	-488.220376


658.081326	-491.196688
650.647306	-490.204134
643.213285	-489.211580


657.948988	-492.187892
650.514967	-491.195338
643.080946	-490.202785


657.816649	-493.179096
650.382628	-492.186543
642.948607	-491.193989


657.684310	-494.170301
650.250289	-493.177747
642.816268	-492.185193


657.551971	-495.161505
650.117950	-494.168951
642.683929	-493.176397


657.419633	-496.152709
649.985612	-495.160155
642.551591	-494.167602


657.287294	-497.143913
649.853273	-496.151360
642.419252	-495.158806


657.154955	-498.135118
649.720934	-497.142564
642.286913	-496.150010


657.022616	-499.126322
649.588595	-498.133768
642.154574	-497.141214


656.890277	-500.117526
649.456256	-499.124972
642.022235	-498.132419


656.757939	-501.108730
649.323918	-500.116177
641.889897	-499.123623


656.625600	-502.099934
649.191579	-501.107381
641.757558	-500.114827


656.493261	-503.091139
649.059240	-502.098585
641.625219	-501.106031


656.360922	-504.082343
648.926901	-503.089789
641.492880	-502.097236


656.228583	-505.073547
648.794562	-504.080993
641.360541	-503.088440


656.096245	-506.064751
648.662224	-505.072198
641.228203	-504.079644


655.963906	-507.055956
648.529885	-506.063402
641.095864	-505.070848


655.831567	-508.047160
648.397546	-507.054606
640.963525	-506.062052


655.699228	-509.038364
648.265207	-508.045810
640.831186	-507.053257


655.566889	-510.029568
648.132868	-509.037015
640.698847	-508.044461


655.434551	-511.020773
648.000530	-510.028219
640.566509	-509.035665


655.302212	-512.011977
647.868191	-511.019423
640.434170	-510.026869


655.169873	-513.003181
647.735852	-512.010627
640.301831	-511.018074


655.037534	-513.994385
647.603513	-513.001832
640.169492	-512.009278


654.905195	-514.985590
647.471174	-513.993036
640.037153	-513.000482


654.772857	-515.976794
647.338836	-514.984240
639.904815	-513.991686


654.640518	-516.967998
647.206497	-515.975444
639.772476	-514.982891


654.508179	-517.959202
647.074158	-516.966649
639.640137	-515.974095


654.375840	-518.950406
646.941819	-517.957853
639.507798	-516.965299


654.243501	-519.941611
646.809480	-518.949057
639.375459	-517.956503


654.111163	-520.932815
646.677142	-519.940261
639.243121	-518.947708


653.978824	-521.924019
646.544803	-520.931465
639.110782	-519.938912


653.846485	-522.915223
646.412464	-521.922670
638.978443	-520.930116


653.714146	-523.906428
646.280125	-522.913874
638.846104	-521.921320


653.581807	-524.897632
646.147786	-523.905078
638.713765	-522.912524


653.449469	-525.888836
646.015448	-524.896282
638.581427	-523.903729


653.317130	-526.880040
645.883109	-525.887487
638.449088	-524.894933


653.184791	-527.871245
645.750770	-526.878691
638.316749	-525.886137


653.052452	-528.862449
645.618431	-527.869895
638.184410	-526.877341


652.920113	-529.853653
645.486092	-528.861099
638.052071	-527.868546


652.787775	-530.844857
645.353754	-529.852304
637.919733	-528.859750


652.655436	-531.836062
645.221415	-530.843508
637.787394	-529.850954


652.523097	-532.827266
645.089076	-531.834712
637.655055	-530.842158


652.390758	-533.818470
644.956737	-532.825916
637.522716	-531.833363


652.258419	-534.809674
644.824398	-533.817121
637.390377	-532.824567


652.126081	-535.800878
644.692060	-534.808325
637.258039	-533.815771


651.993742	-536.792083
644.559721	-535.799529
637.125700	-534.806975


651.861403	-537.783287
644.427382	-536.790733
636.993361	-535.798180


651.729064	-538.774491
644.295043	-537.781937
636.861022	-536.789384


