770.869202	543.597107
771.044281	536.099152
771.219360	528.601196


771.868929	543.620452
772.044009	536.122497
772.219088	528.624542


772.868657	543.643798
773.043736	536.145843
773.218816	528.647887


773.868385	543.667143
774.043464	536.169188
774.218544	528.671233


774.868113	543.690489
775.043192	536.192534
775.218271	528.694578


775.867840	543.713834
776.042920	536.215879
776.217999	528.717924


776.867568	543.737180
777.042647	536.239225
777.217727	528.741269


777.867296	543.760525
778.042375	536.262570
778.217454	528.764615


778.867023	543.783871
779.042103	536.285916
779.217182	528.787960


779.866751	543.807216
780.041831	536.309261
780.216910	528.811306


780.866479	543.830562
781.041558	536.332607
781.216638	528.834651


781.866207	543.853907
782.041286	536.355952
782.216365	528.857997


782.865934	543.877253
783.041014	536.379298
783.216093	528.881342


783.865662	543.900598
784.040741	536.402643
784.215821	528.904688


784.865390	543.923944
785.040469	536.425989
785.215549	528.928033


785.865118	543.947289
786.040197	536.449334
786.215276	528.951379


786.864845	543.970635
787.039925	536.472680
787.215004	528.974724


787.864573	543.993980
788.039652	536.496025
788.214732	528.998070


788.864301	544.017326
789.039380	536.519371
789.214459	529.021415


789.864029	544.040671
790.039108	536.542716
790.214187	529.044761


790.863756	544.064017
791.038836	536.566062
791.213915	529.068106


791.863484	544.087362
792.038563	536.589407
792.213643	529.091452


792.863212	544.110708
793.038291	536.612753
793.213370	529.114797


793.862939	544.134053
794.038019	536.636098
794.213098	529.138143


794.862667	544.157399
795.037747	536.659444
795.212826	529.161488


795.862395	544.180744
796.037474	536.682789
796.212554	529.184834


796.862123	544.204090
797.037202	536.706135
797.212281	529.208179


797.861850	544.227435
798.036930	536.729480
798.212009	529.231525


798.861578	544.250781
799.036657	536.752826
799.211737	529.254870


799.861306	544.274126
800.036385	536.776171
800.211465	529.278216


800.861034	544.297472
801.036113	536.799517
801.211192	529.301561


801.860761	544.320817
802.035841	536.822862
802.210920	529.324907


802.860489	544.344163
803.035568	536.846208
803.210648	529.348252


803.860217	544.367508
804.035296	536.869553
804.210375	529.371598


804.859944	544.390854
805.035024	536.892899
805.210103	529.394943


805.859672	544.414199
806.034752	536.916244
806.209831	529.418289


806.859400	544.437545
807.034479	536.939590
807.209559	529.441634


807.859128	544.460890
808.034207	536.962935
808.209286	529.464980


808.858855	544.484236
809.033935	536.986281
809.209014	529.488325


809.858583	544.507581
810.033662	537.009626
810.208742	529.511671


810.858311	544.530927
811.033390	537.032972
811.208470	529.535016


811.858039	544.554272
812.033118	537.056317
812.208197	529.558362


812.857766	544.577618
813.032846	537.079663
813.207925	529.581707


813.857494	544.600964
814.032573	537.103008
814.207653	529.605053


814.857222	544.624309
815.032301	537.126354
815.207380	529.628398


815.856949	544.647655
816.032029	537.149699
816.207108	529.651744


816.856677	544.671000
817.031757	537.173045
817.206836	529.675089


817.856405	544.694346
818.031484	537.196390
818.206564	529.698435


818.856133	544.717691
819.031212	537.219736
819.206291	529.721780


819.855860	544.741037
820.030940	537.243081
820.206019	529.745126


820.855588	544.764382
821.030667	537.266427
821.205747	529.768471


821.855316	544.787728
822.030395	537.289772
822.205475	529.791817


822.855044	544.811073
823.030123	537.313118
823.205202	529.815162


823.854771	544.834419
824.029851	537.336463
824.204930	529.838508


824.854499	544.857764
825.029578	537.359809
825.204658	529.861853


825.854227	544.881110
826.029306	537.383154
826.204385	529.885199


826.853955	544.904455
827.029034	537.406500
827.204113	529.908544


827.853682	544.927801
828.028762	537.429845
828.203841	529.931890


828.853410	544.951146
829.028489	537.453191
829.203569	529.955235


829.853138	544.974492
830.028217	537.476536
830.203296	529.978581


830.852865	544.997837
831.027945	537.499882
831.203024	530.001926


831.852593	545.021183
832.027673	537.523227
832.202752	530.025272


832.852321	545.044528
833.027400	537.546573
833.202480	530.048617


833.852049	545.067874
834.027128	537.569918
834.202207	530.071963


834.851776	545.091219
835.026856	537.593264
835.201935	530.095308


835.851504	545.114565
836.026583	537.616609
836.201663	530.118654


836.851232	545.137910
837.026311	537.639955
837.201391	530.141999


837.850960	545.161256
838.026039	537.663300
838.201118	530.165345


838.850687	545.184601
839.025767	537.686646
839.200846	530.188690


839.850415	545.207947
840.025494	537.709991
840.200574	530.212036


840.850143	545.231292
841.025222	537.733337
841.200301	530.235381


841.849870	545.254638
842.024950	537.756682
842.200029	530.258727


842.849598	545.277983
843.024678	537.780028
843.199757	530.282072


843.849326	545.301329
844.024405	537.803373
844.199485	530.305418


844.849054	545.324674
845.024133	537.826719
845.199212	530.328763


845.848781	545.348020
846.023861	537.850064
846.198940	530.352109


846.848509	545.371365
847.023588	537.873410
847.198668	530.375454


847.848237	545.394711
848.023316	537.896755
848.198396	530.398800


0.997223	15.000000
0.997223	7.500000
0.997223	0.000000


1.997223	15.000000
1.997223	7.500000
1.997223	0.000000


2.997223	15.000000
2.997223	7.500000
2.997223	0.000000


3.997223	15.000000
3.997223	7.500000
3.997223	0.000000


4.997223	15.000000
4.997223	7.500000
4.997223	0.000000


5.997223	15.000000
5.997223	7.500000
5.997223	0.000000


6.997223	15.000000
6.997223	7.500000
6.997223	0.000000


7.997223	15.000000
7.997223	7.500000
7.997223	0.000000


8.997223	15.000000
8.997223	7.500000
8.997223	0.000000


9.997223	15.000000
9.997223	7.500000
9.997223	0.000000


10.997223	15.000000
10.997223	7.500000
10.997223	0.000000


11.997223	15.000000
11.997223	7.500000
11.997223	0.000000


12.997223	15.000000
12.997223	7.500000
12.997223	0.000000


13.997223	15.000000
13.997223	7.500000
13.997223	0.000000


14.997223	15.000000
14.997223	7.500000
14.997223	0.000000


15.997223	15.000000
15.997223	7.500000
15.997223	0.000000


16.997223	15.000000
16.997223	7.500000
16.997223	0.000000


17.997223	15.000000
17.997223	7.500000
17.997223	0.000000


18.997223	15.000000
18.997223	7.500000
18.997223	0.000000


19.997223	15.000000
19.997223	7.500000
19.997223	0.000000


20.997223	15.000000
20.997223	7.500000
20.997223	0.000000


21.997223	15.000000
21.997223	7.500000
21.997223	0.000000


22.997223	15.000000
22.997223	7.500000
22.997223	0.000000


23.997223	15.000000
23.997223	7.500000
23.997223	0.000000


24.997223	15.000000
24.997223	7.500000
24.997223	0.000000


25.997223	15.000000
25.997223	7.500000
25.997223	0.000000


26.997223	15.000000
26.997223	7.500000
26.997223	0.000000


27.997223	15.000000
27.997223	7.500000
27.997223	0.000000


28.997223	15.000000
28.997223	7.500000
28.997223	0.000000


29.997223	15.000000
29.997223	7.500000
29.997223	0.000000


30.997223	15.000000
30.997223	7.500000
30.997223	0.000000


31.997223	15.000000
31.997223	7.500000
31.997223	0.000000


32.997223	15.000000
32.997223	7.500000
32.997223	0.000000


33.997223	15.000000
33.997223	7.500000
33.997223	0.000000


34.997223	15.000000
34.997223	7.500000
34.997223	0.000000


35.997223	15.000000
35.997223	7.500000
35.997223	0.000000


36.997223	15.000000
36.997223	7.500000
36.997223	0.000000


37.997223	15.000000
37.997223	7.500000
37.997223	0.000000


38.997223	15.000000
38.997223	7.500000
38.997223	0.000000


39.997223	15.000000
39.997223	7.500000
39.997223	0.000000


40.997223	15.000000
40.997223	7.500000
40.997223	0.000000


41.997223	15.000000
41.997223	7.500000
41.997223	0.000000


42.997223	15.000000
42.997223	7.500000
42.997223	0.000000


43.997223	15.000000
43.997223	7.500000
43.997223	0.000000


44.997223	15.000000
44.997223	7.500000
44.997223	0.000000


45.997223	15.000000
45.997223	7.500000
45.997223	0.000000


46.997223	15.000000
46.997223	7.500000
46.997223	0.000000


47.997223	15.000000
47.997223	7.500000
47.997223	0.000000


48.997223	15.000000
48.997223	7.500000
48.997223	0.000000


49.997223	15.000000
49.997223	7.500000
49.997223	0.000000


50.997223	15.000000
50.997223	7.500000
50.997223	0.000000


51.997223	15.000000
51.997223	7.500000
51.997223	0.000000


52.997223	15.000000
52.997223	7.500000
52.997223	0.000000


53.997223	15.000000
53.997223	7.500000
53.997223	0.000000


54.997223	15.000000
54.997223	7.500000
54.997223	0.000000


55.997223	15.000000
55.997223	7.500000
55.997223	0.000000


56.997223	15.000000
56.997223	7.500000
56.997223	0.000000


57.997223	15.000000
57.997223	7.500000
57.997223	0.000000


58.997223	15.000000
58.997223	7.500000
58.997223	0.000000


59.997223	15.000000
59.997223	7.500000
59.997223	0.000000


60.997223	15.000000
60.997223	7.500000
60.997223	0.000000


61.997223	15.000000
61.997223	7.500000
61.997223	0.000000


62.997223	15.000000
62.997223	7.500000
62.997223	0.000000


63.997223	15.000000
63.997223	7.500000
63.997223	0.000000


64.997223	15.000000
64.997223	7.500000
64.997223	0.000000


65.997223	15.000000
65.997223	7.500000
65.997223	0.000000


66.997223	15.000000
66.997223	7.500000
66.997223	0.000000


67.997223	15.000000
67.997223	7.500000
67.997223	0.000000


68.997223	15.000000
68.997223	7.500000
68.997223	0.000000


69.997223	15.000000
69.997223	7.500000
69.997223	0.000000


70.997223	15.000000
70.997223	7.500000
70.997223	0.000000


71.997223	15.000000
71.997223	7.500000
71.997223	0.000000


72.997223	15.000000
72.997223	7.500000
72.997223	0.000000


73.997223	15.000000
73.997223	7.500000
73.997223	0.000000


74.997223	15.000000
74.997223	7.500000
74.997223	0.000000


75.997223	15.000000
75.997223	7.500000
75.997223	0.000000


76.997223	15.000000
76.997223	7.500000
76.997223	0.000000


77.997223	15.000000
77.997223	7.500000
77.997223	0.000000


78.997223	15.000000
78.997223	7.500000
78.997223	0.000000


79.913820	15.003391
79.997209	7.503855
80.080597	0.004318


80.793379	15.020225
80.997015	7.522990
81.200651	0.025755


81.672554	15.051161
81.996386	7.558155
82.320218	0.065150


82.551120	15.096191
82.995064	7.609341
83.439008	0.122492


83.428851	15.155303
83.992793	7.676535
84.556736	0.197767


84.305522	15.228483
84.989317	7.759720
85.673112	0.290956


85.180906	15.315711
85.984378	7.858873
86.787851	0.402035


86.054779	15.416965
86.977722	7.973970
87.900665	0.530975


86.926916	15.532219
87.969092	8.104980
89.011268	0.677742


87.797093	15.661443
88.958234	8.251871
90.119376	0.842300


88.665085	15.804604
89.944893	8.414605
91.224702	1.024606


89.530671	15.961666
90.928816	8.593139
92.326962	1.224612


90.393626	16.132587
91.909750	8.787428
93.425874	1.442268


91.253730	16.317325
92.887442	8.997421
94.521154	1.677518


92.110761	16.515831
93.861640	9.223066
95.612520	1.930301


92.964498	16.728054
94.832096	9.464303
96.699693	2.200552


93.814723	16.953940
95.798558	9.721070
97.782393	2.488201


94.661216	17.193430
96.760778	9.993303
98.860341	2.793175


95.503760	17.446464
97.718510	10.280930
99.933260	3.115396


96.342138	17.712976
98.671506	10.583878
101.000874	3.454779


97.176134	17.992897
99.619521	10.902068
102.062908	3.811239


98.005535	18.286156
100.562313	11.235420
103.119090	4.184683


98.830127	18.592677
101.499637	11.583846
104.169148	4.575015


99.649697	18.912382
102.431254	11.947259
105.212812	4.982136


100.464035	19.245187
103.356924	12.325563
106.249813	5.405939


101.272932	19.591008
104.276408	12.718663
107.279884	5.846317


102.076180	19.949755
105.189471	13.126456
108.302762	6.303156


102.873571	20.321337
106.095877	13.548838
109.318183	6.776339


103.664902	20.705658
106.995393	13.985701
110.325885	7.265743


104.449968	21.102618
107.887789	14.436931
111.325610	7.771244


105.228567	21.512117
108.772834	14.902414
112.317100	8.292711


106.000500	21.934048
109.650301	15.382028
113.300101	8.830009


106.765568	22.368303
110.519964	15.875652
114.274360	9.383002


107.523574	22.814770
111.381600	16.383158
115.239626	9.951546


108.274324	23.273335
112.234987	16.904415
116.195651	10.535495


109.017623	23.743880
113.079906	17.439290
117.142189	11.134700


109.753282	24.226283
113.916139	17.987644
118.078997	11.749005


110.481110	24.720421
114.743472	18.549338
119.005834	12.378254


111.200921	25.226166
115.561691	19.124226
119.922462	13.022285


111.912529	25.743389
116.370587	19.712160
120.828644	13.680931


112.615753	26.271957
117.169950	20.312990
121.724148	14.354023


113.310410	26.811733
117.959576	20.926561
122.608743	15.041389


113.996322	27.362578
118.739262	21.552715
123.482203	15.742851


114.673312	27.924352
119.508807	22.191291
124.344302	16.458229


115.341208	28.496909
120.268013	22.842125
125.194818	17.187340


115.999836	29.080103
121.016685	23.505049
126.033534	17.929995


116.649028	29.673783
121.754631	24.179894
126.860233	18.686004


117.288617	30.277797
122.481660	24.866485
127.674703	19.455172


117.918437	30.891990
123.197585	25.564646
128.476734	20.237302


118.538328	31.516203
123.902224	26.274198
129.266120	21.032192


119.148129	32.150276
124.595394	26.994957
130.042658	21.839638


119.747685	32.794046
125.276917	27.726739
130.806149	22.659433


120.336840	33.447347
125.946618	28.469356
131.556395	23.491365


120.915443	34.110011
126.604324	29.222616
132.293205	24.335220


121.483346	34.781869
127.249867	29.986326
133.016388	25.190782


122.040403	35.462747
127.883081	30.760289
133.725759	26.057831


122.586469	36.152470
128.503802	31.544307
134.421136	26.936143


123.121406	36.850860
129.111872	32.338177
135.102338	27.825493


123.645074	37.557739
129.707133	33.141696
135.769192	28.725653


124.208809	38.338532
130.292560	33.952416
136.376312	29.566300


124.793624	39.149699
130.877376	34.763583
136.961127	30.377467


125.378439	39.960865
131.462191	35.574749
137.545942	31.188633


125.963255	40.772032
132.047006	36.385916
138.130758	31.999800


126.548070	41.583199
132.631821	37.197083
138.715573	32.810967


127.132885	42.394365
133.216637	38.008249
139.300388	33.622133


127.717701	43.205532
133.801452	38.819416
139.885203	34.433300


128.302516	44.016698
134.386267	39.630582
140.470019	35.244466


128.887331	44.827865
134.971083	40.441749
141.054834	36.055633


129.472147	45.639031
135.555898	41.252915
141.639649	36.866799


130.056962	46.450198
136.140713	42.064082
142.224464	37.677966


130.641777	47.261364
136.725528	42.875248
142.809280	38.489132


131.226593	48.072531
137.310344	43.686415
143.394095	39.300299


131.811408	48.883697
137.895159	44.497581
143.978910	40.111465


132.396223	49.694864
138.479974	45.308748
144.563725	40.922632


132.981039	50.506030
139.064790	46.119914
145.148540	41.733798


133.565854	51.317197
139.649605	46.931081
145.733356	42.544965


134.150669	52.128364
140.234420	47.742248
146.318171	43.356131


134.735485	52.939530
140.819235	48.553414
146.902986	44.167298


135.320300	53.750697
141.404051	49.364581
147.487801	44.978465


135.905115	54.561863
141.988866	50.175747
148.072617	45.789631


136.489931	55.373030
142.573681	50.986914
148.657432	46.600798


137.074746	56.184196
143.158497	51.798080
149.242247	47.411964


137.659561	56.995363
143.743312	52.609247
149.827062	48.223131


138.244377	57.806529
144.328127	53.420413
150.411878	49.034297


138.829192	58.617696
144.912942	54.231580
150.996693	49.845464


139.414007	59.428862
145.497758	55.042746
151.581508	50.656630


139.998823	60.240029
146.082573	55.853913
152.166323	51.467797


140.583638	61.051195
146.667388	56.665079
152.751139	52.278963


141.168453	61.862362
147.252204	57.476246
153.335954	53.090130


141.753269	62.673529
147.837019	58.287412
153.920769	53.901296


142.338084	63.484695
148.421834	59.098579
154.505584	54.712463


142.922899	64.295862
149.006649	59.909746
155.090399	55.523630


143.507715	65.107028
149.591465	60.720912
155.675215	56.334796


144.092530	65.918195
150.176280	61.532079
156.260030	57.145963


144.677345	66.729361
150.761095	62.343245
156.844845	57.957129


145.262161	67.540528
151.345911	63.154412
157.429660	58.768296


145.846976	68.351694
151.930726	63.965578
158.014476	59.579462


146.431791	69.162861
152.515541	64.776745
158.599291	60.390629


147.016607	69.974027
153.100356	65.587911
159.184106	61.201795


147.601422	70.785194
153.685172	66.399078
159.768921	62.012962


148.186237	71.596360
154.269987	67.210244
160.353737	62.824128


148.771053	72.407527
154.854802	68.021411
160.938552	63.635295


149.355868	73.218693
155.439618	68.832577
161.523367	64.446461


149.940683	74.029860
156.024433	69.643744
162.108182	65.257628


150.525499	74.841027
156.609248	70.454911
162.692997	66.068795


151.110314	75.652193
157.194063	71.266077
163.277813	66.879961


151.695129	76.463360
157.778879	72.077244
163.862628	67.691128


152.279945	77.274526
158.363694	72.888410
164.447443	68.502294


152.864760	78.085693
158.948509	73.699577
165.032258	69.313461


153.449575	78.896859
159.533324	74.510743
165.617074	70.124627


154.034391	79.708026
160.118140	75.321910
166.201889	70.935794


154.619206	80.519192
160.702955	76.133076
166.786704	71.746960


155.204021	81.330359
161.287770	76.944243
167.371519	72.558127


155.788837	82.141525
161.872586	77.755409
167.956335	73.369293


156.373652	82.952692
162.457401	78.566576
168.541150	74.180460


156.958467	83.763858
163.042216	79.377742
169.125965	74.991626


157.543283	84.575025
163.627031	80.188909
169.710780	75.802793


158.128098	85.386192
164.211847	81.000076
170.295596	76.613959


158.712913	86.197358
164.796662	81.811242
170.880411	77.425126


159.297729	87.008525
165.381477	82.622409
171.465226	78.236293


159.882544	87.819691
165.966293	83.433575
172.050041	79.047459


160.467359	88.630858
166.551108	84.244742
172.634856	79.858626


161.052175	89.442024
167.135923	85.055908
173.219672	80.669792


161.636990	90.253191
167.720738	85.867075
173.804487	81.480959


162.221805	91.064357
168.305554	86.678241
174.389302	82.292125


162.806621	91.875524
168.890369	87.489408
174.974117	83.103292


163.391436	92.686690
169.475184	88.300574
175.558933	83.914458


163.976251	93.497857
170.060000	89.111741
176.143748	84.725625


164.561067	94.309023
170.644815	89.922907
176.728563	85.536791


165.145882	95.120190
171.229630	90.734074
177.313378	86.347958


165.730697	95.931357
171.814445	91.545241
177.898194	87.159124


166.315513	96.742523
172.399261	92.356407
178.483009	87.970291


166.900328	97.553690
172.984076	93.167574
179.067824	88.781458


167.485143	98.364856
173.568891	93.978740
179.652639	89.592624


168.069959	99.176023
174.153707	94.789907
180.237455	90.403791


168.654774	99.987189
174.738522	95.601073
180.822270	91.214957


169.239589	100.798356
175.323337	96.412240
181.407085	92.026124


169.824405	101.609522
175.908153	97.223406
181.991900	92.837290


170.409220	102.420688
176.492968	98.034573
182.576716	93.648457


170.994035	103.231855
177.077783	98.845739
183.161531	94.459624


171.578851	104.043021
177.662599	99.656906
183.746347	95.270790


172.163666	104.854188
178.247414	100.468072
184.331162	96.081957


172.748482	105.665354
178.832230	101.279239
184.915977	96.893123


173.333297	106.476520
179.417045	102.090405
185.500793	97.704290


173.918112	107.287687
180.001860	102.901572
186.085608	98.515456


174.502928	108.098853
180.586676	103.712738
186.670424	99.326623


175.087743	108.910019
181.171491	104.523905
187.255239	100.137790


175.672559	109.721186
181.756306	105.335071
187.840054	100.948956


176.257374	110.532352
182.341122	106.146238
188.424870	101.760123


176.842189	111.343519
182.925937	106.957404
189.009685	102.571289


177.427005	112.154685
183.510753	107.768571
189.594500	103.382456


178.011820	112.965851
184.095568	108.579737
190.179316	104.193623


178.596636	113.777018
184.680383	109.390903
190.764131	105.004789


179.181451	114.588184
185.265199	110.202070
191.348947	105.815956


179.766266	115.399350
185.850014	111.013236
191.933762	106.627122


180.351082	116.210517
186.434830	111.824403
192.518577	107.438289


180.935897	117.021683
187.019645	112.635569
193.103393	108.249456


181.520712	117.832850
187.604460	113.446736
193.688208	109.060622


182.105528	118.644016
188.189276	114.257902
194.273024	109.871789


182.690343	119.455182
188.774091	115.069069
194.857839	110.682955


183.275159	120.266349
189.358907	115.880235
195.442654	111.494122


183.859974	121.077515
189.943722	116.691402
196.027470	112.305289


184.444789	121.888681
190.528537	117.502568
196.612285	113.116455


185.029605	122.699848
191.113353	118.313735
197.197101	113.927622


185.614420	123.511014
191.698168	119.124901
197.781916	114.738788


186.199236	124.322181
192.282983	119.936068
198.366731	115.549955


186.784051	125.133347
192.867799	120.747234
198.951547	116.361122


187.368866	125.944513
193.452614	121.558401
199.536362	117.172288


187.953682	126.755680
194.037430	122.369567
200.121178	117.983455


188.538497	127.566846
194.622245	123.180734
200.705993	118.794621


189.123313	128.378012
195.207060	123.991900
201.290808	119.605788


189.708128	129.189179
195.791876	124.803067
201.875624	120.416955


190.292943	130.000345
196.376691	125.614233
202.460439	121.228121


190.877759	130.811512
196.961507	126.425400
203.045254	122.039288


191.462574	131.622678
197.546322	127.236566
203.630070	122.850454


192.047389	132.433844
198.131137	128.047733
204.214885	123.661621


192.632205	133.245011
198.715953	128.858899
204.799701	124.472788


193.217020	134.056177
199.300768	129.670066
205.384516	125.283954


193.801836	134.867343
199.885584	130.481232
205.969331	126.095121


194.386651	135.678510
200.470399	131.292399
206.554147	126.906287


194.971466	136.489676
201.055214	132.103565
207.138962	127.717454


195.556282	137.300843
201.640030	132.914732
207.723778	128.528621


196.141097	138.112009
202.224845	133.725898
208.308593	129.339787


196.725913	138.923175
202.809660	134.537065
208.893408	130.150954


197.310728	139.734342
203.394476	135.348231
209.478224	130.962120


197.895543	140.545508
203.979291	136.159398
210.063039	131.773287


198.480359	141.356674
204.564107	136.970564
210.647855	132.584454


199.065174	142.167841
205.148922	137.781730
211.232670	133.395620


199.649990	142.979007
205.733737	138.592897
211.817485	134.206787


200.234805	143.790174
206.318553	139.404063
212.402301	135.017953


200.819620	144.601340
206.903368	140.215230
212.987116	135.829120


201.404436	145.412506
207.488184	141.026396
213.571931	136.640287


201.989251	146.223673
208.072999	141.837563
214.156747	137.451453


202.574067	147.034839
208.657814	142.648729
214.741562	138.262620


203.158882	147.846005
209.242630	143.459896
215.326378	139.073786


203.743697	148.657172
209.827445	144.271062
215.911193	139.884953


204.328513	149.468338
210.412261	145.082229
216.496008	140.696120


204.913328	150.279505
210.997076	145.893395
217.080824	141.507286


205.498143	151.090671
211.581891	146.704562
217.665639	142.318453


206.082959	151.901837
212.166707	147.515728
218.250455	143.129619


206.667774	152.713004
212.751522	148.326895
218.835270	143.940786


207.252590	153.524170
213.336337	149.138061
219.420085	144.751953


207.837405	154.335336
213.921153	149.949228
220.004901	145.563119


208.422220	155.146503
214.505968	150.760394
220.589716	146.374286


209.007036	155.957669
215.090784	151.571561
221.174532	147.185452


209.633904	156.821544
215.678015	152.380974
221.722125	147.940404


210.291959	157.704662
216.275518	153.182831
222.259077	148.661000


210.961886	158.578808
216.883801	153.976541
222.805716	149.374275


211.643564	159.443822
217.502753	154.761960
223.361943	150.080098


212.336867	160.299547
218.132261	155.538944
223.927656	150.778341


213.041669	161.145825
218.772210	156.307351
224.502752	151.468877


213.757841	161.982503
219.422483	157.067042
225.087126	152.151580


214.485254	162.809429
220.082962	157.817876
225.680670	152.826324


215.223772	163.626450
220.753525	158.559718
226.283278	153.492986


215.973263	164.433417
221.434051	159.292432
226.894838	154.151446


216.733589	165.230185
222.124415	160.015883
227.515240	154.801582


217.504612	166.016606
222.824490	160.729941
228.144369	155.443276


218.286189	166.792537
223.534150	161.434474
228.782112	156.076411


219.078180	167.557837
224.253265	162.129354
229.428350	156.700871


219.880439	168.312366
224.981703	162.814454
230.082968	157.316542


220.692820	169.055986
225.719332	163.489649
230.745844	157.923312


221.515174	169.788562
226.466016	164.154816
231.416859	158.521070


222.347351	170.509960
227.221620	164.809833
232.095889	159.109707


223.189200	171.220047
227.986005	165.454581
232.782810	159.689115


224.040567	171.918695
228.759032	166.088942
233.477498	160.259189


224.901295	172.605775
229.540560	166.712800
234.179825	160.819824


225.771229	173.281163
230.330446	167.326041
234.889663	161.370919


226.650209	173.944735
231.128546	167.928553
235.606882	161.912372


227.538075	174.596369
231.934714	168.520227
236.331352	162.444085


228.434665	175.235948
232.748803	169.100954
237.062940	162.965960


229.339814	175.863353
233.570664	169.670628
237.801513	163.477902


230.253359	176.478471
234.400147	170.229145
238.546936	163.979819


231.175131	177.081190
235.237101	170.776404
239.299072	164.471618


232.104963	177.671399
236.081374	171.312304
240.057785	164.953209


233.042684	178.248990
236.932810	171.836747
240.822935	165.424504


233.988125	178.813858
237.791254	172.349638
241.594384	165.885418


234.941111	179.365900
238.656551	172.850883
242.371990	166.335867


235.901469	179.905015
239.528541	173.340391
243.155612	166.775767


236.869025	180.431105
240.407065	173.818072
243.945106	167.205039


237.843600	180.944073
241.291964	174.283839
244.740328	167.623605


238.825017	181.443827
242.183075	174.737607
245.541133	168.031387


239.750792	181.903166
243.078887	175.182020
246.406981	168.460874


240.646945	182.346911
243.975040	175.625765
247.303134	168.904620


241.543098	182.790656
244.871192	176.069511
248.199287	169.348365


242.439251	183.234402
245.767345	176.513256
249.095440	169.792110


243.335404	183.678147
246.663498	176.957001
249.991593	170.235856


244.231557	184.121892
247.559651	177.400746
250.887746	170.679601


245.127710	184.565637
248.455804	177.844492
251.783899	171.123346


246.023863	185.009383
249.351957	178.288237
252.680052	171.567091


246.920016	185.453128
250.248110	178.731982
253.576205	172.010837


247.816169	185.896873
251.144263	179.175728
254.472358	172.454582


248.712321	186.340618
252.040416	179.619473
255.368510	172.898327


249.608474	186.784364
252.936569	180.063218
256.264663	173.342072


250.504627	187.228109
253.832722	180.506963
257.160816	173.785818


251.400780	187.671854
254.728875	180.950709
258.056969	174.229563


252.296933	188.115600
255.625028	181.394454
258.953122	174.673308


253.193086	188.559345
256.521181	181.838199
259.849275	175.117054


254.089239	189.003090
257.417334	182.281944
260.745428	175.560799


254.985392	189.446835
258.313487	182.725690
261.641581	176.004544


255.881545	189.890581
259.209639	183.169435
262.537734	176.448289


256.777698	190.334326
260.105792	183.613180
263.433887	176.892035


257.673851	190.778071
261.001945	184.056926
264.330040	177.335780


258.570004	191.221816
261.898098	184.500671
265.226193	177.779525


259.466157	191.665562
262.794251	184.944416
266.122346	178.223270


260.362310	192.109307
263.690404	185.388161
267.018499	178.667016


261.258463	192.553052
264.586557	185.831907
267.914652	179.110761


262.154616	192.996797
265.482710	186.275652
268.810804	179.554506


263.050768	193.440543
266.378863	186.719397
269.706957	179.998252


263.946921	193.884288
267.275016	187.163142
270.603110	180.441997


264.843074	194.328033
268.171169	187.606888
271.499263	180.885742


265.739227	194.771779
269.067322	188.050633
272.395416	181.329487


266.635380	195.215524
269.963475	188.494378
273.291569	181.773233


267.531533	195.659269
270.859628	188.938123
274.187722	182.216978


268.427686	196.103014
271.755781	189.381869
275.083875	182.660723


269.323839	196.546760
272.651933	189.825614
275.980028	183.104468


270.219992	196.990505
273.548086	190.269359
276.876181	183.548214


271.116145	197.434250
274.444239	190.713105
277.772334	183.991959


272.012298	197.877995
275.340392	191.156850
278.668487	184.435704


272.908451	198.321741
276.236545	191.600595
279.564640	184.879449


273.804604	198.765486
277.132698	192.044340
280.460793	185.323195


274.700757	199.209231
278.028851	192.488086
281.356946	185.766940


275.596910	199.652977
278.925004	192.931831
282.253099	186.210685


276.493062	200.096722
279.821157	193.375576
283.149251	186.654431


277.389215	200.540467
280.717310	193.819321
284.045404	187.098176


278.285368	200.984212
281.613463	194.263067
284.941557	187.541921


279.181521	201.427958
282.509616	194.706812
285.837710	187.985666


280.077674	201.871703
283.405769	195.150557
286.733863	188.429412


280.973827	202.315448
284.301922	195.594303
287.630016	188.873157


281.869980	202.759193
285.198075	196.038048
288.526169	189.316902


282.766133	203.202939
286.094228	196.481793
289.422322	189.760647


283.662286	203.646684
286.990380	196.925538
290.318475	190.204393


284.558439	204.090429
287.886533	197.369284
291.214628	190.648138


285.454592	204.534175
288.782686	197.813029
292.110781	191.091883


286.350745	204.977920
289.678839	198.256774
293.006934	191.535629


287.246898	205.421665
290.574992	198.700519
293.903087	191.979374


288.143051	205.865410
291.471145	199.144265
294.799240	192.423119


289.039203	206.309156
292.367298	199.588010
295.695392	192.866864


289.935356	206.752901
293.263451	200.031755
296.591545	193.310609


290.831509	207.196646
294.159604	200.475500
297.487698	193.754355


291.727662	207.640392
295.055757	200.919246
298.383851	194.198100


292.623815	208.084137
295.951910	201.362991
299.280004	194.641845


293.519968	208.527882
296.848062	201.806736
300.176157	195.085590


294.416121	208.971627
297.744215	202.250481
301.072310	195.529335


295.312274	209.415373
298.640368	202.694227
301.968463	195.973080


296.208427	209.859118
299.536521	203.137972
302.864616	196.416826


297.104579	210.302863
300.432674	203.581717
303.760768	196.860571


298.000732	210.746609
301.328827	204.025462
304.656921	197.304316


298.896885	211.190354
302.224980	204.469208
305.553074	197.748061


299.793038	211.634099
303.121133	204.912953
306.449227	198.191806


300.689191	212.077845
304.017286	205.356698
307.345380	198.635552


301.585344	212.521590
304.913438	205.800443
308.241533	199.079297


302.481497	212.965335
305.809591	206.244189
309.137686	199.523042


303.377650	213.409080
306.705744	206.687934
310.033839	199.966787


304.273803	213.852826
307.601897	207.131679
310.929992	200.410532


305.169955	214.296571
308.498050	207.575424
311.826144	200.854277


306.066108	214.740316
309.394203	208.019169
312.722297	201.298023


306.962261	215.184062
310.290356	208.462915
313.618450	201.741768


307.858414	215.627807
311.186509	208.906660
314.514603	202.185513


308.754567	216.071552
312.082662	209.350405
315.410756	202.629258


309.650720	216.515297
312.978814	209.794150
316.306909	203.073003


310.546873	216.959043
313.874967	210.237896
317.203062	203.516749


311.443026	217.402788
314.771120	210.681641
318.099215	203.960494


312.339179	217.846533
315.667273	211.125386
318.995368	204.404239


313.235332	218.290279
316.563426	211.569131
319.891520	204.847984


314.131484	218.734024
317.459579	212.012877
320.787673	205.291729


315.027637	219.177769
318.355732	212.456622
321.683826	205.735474


315.923790	219.621515
319.251885	212.900367
322.579979	206.179220


316.819943	220.065260
320.148038	213.344112
323.476132	206.622965


317.716096	220.509005
321.044190	213.787858
324.372285	207.066710


318.612249	220.952750
321.940343	214.231603
325.268438	207.510455


319.508402	221.396496
322.836496	214.675348
326.164591	207.954200


320.404555	221.840241
323.732649	215.119093
327.060744	208.397946


321.300708	222.283986
324.628802	215.562839
327.956896	208.841691


322.196860	222.727732
325.524955	216.006584
328.853049	209.285436


323.093013	223.171477
326.421108	216.450329
329.749202	209.729181


323.989166	223.615222
327.317261	216.894074
330.645355	210.172926


324.885319	224.058968
328.213414	217.337820
331.541508	210.616671


325.781472	224.502713
329.109566	217.781565
332.437661	211.060417


326.677625	224.946458
330.005719	218.225310
333.333814	211.504162


327.573778	225.390203
330.901872	218.669055
334.229967	211.947907


328.469931	225.833949
331.798025	219.112800
335.126120	212.391652


329.366084	226.277694
332.694178	219.556546
336.022272	212.835397


330.262236	226.721439
333.590331	220.000291
336.918425	213.279143


331.158389	227.165185
334.486484	220.444036
337.814578	213.722888


332.054542	227.608930
335.382637	220.887781
338.710731	214.166633


332.950695	228.052675
336.278790	221.331527
339.606884	214.610378


333.846848	228.496421
337.174942	221.775272
340.503037	215.054123


334.743001	228.940166
338.071095	222.219017
341.399190	215.497869


335.639154	229.383911
338.967248	222.662762
342.295343	215.941614


336.535307	229.827656
339.863401	223.106508
343.191496	216.385359


337.431460	230.271402
340.759554	223.550253
344.087648	216.829104


338.327612	230.715147
341.655707	223.993998
344.983801	217.272849


339.223765	231.158892
342.551860	224.437743
345.879954	217.716594


340.119918	231.602638
343.448013	224.881489
346.776107	218.160340


341.016071	232.046383
344.344166	225.325234
347.672260	218.604085


341.912224	232.490128
345.240318	225.768979
348.568413	219.047830


342.808377	232.933873
346.136471	226.212724
349.464566	219.491575


343.704530	233.377619
347.032624	226.656470
350.360719	219.935320


344.600683	233.821364
347.928777	227.100215
351.256872	220.379066


345.496836	234.265109
348.824930	227.543960
352.153024	220.822811


346.392988	234.708855
349.721083	227.987705
353.049177	221.266556


347.289141	235.152600
350.617236	228.431451
353.945330	221.710301


348.185294	235.596345
351.513389	228.875196
354.841483	222.154046


349.081447	236.040091
352.409542	229.318941
355.737636	222.597791


349.977600	236.483836
353.305694	229.762686
356.633789	223.041537


350.873753	236.927581
354.201847	230.206431
357.529942	223.485282


351.769906	237.371326
355.098000	230.650177
358.426095	223.929027


352.666059	237.815072
355.994153	231.093922
359.322248	224.372772


353.562212	238.258817
356.890306	231.537667
360.218401	224.816517


354.458364	238.702562
357.786459	231.981412
361.114553	225.260263


355.354517	239.146308
358.682612	232.425158
362.010706	225.704008


356.250670	239.590053
359.578765	232.868903
362.906859	226.147753


357.146823	240.033798
360.474918	233.312648
363.803012	226.591498


358.042976	240.477544
361.371070	233.756393
364.699165	227.035243


358.939129	240.921289
362.267223	234.200139
365.595318	227.478988


359.835282	241.365034
363.163376	234.643884
366.491471	227.922734


360.731435	241.808779
364.059529	235.087629
367.387624	228.366479


361.627588	242.252525
364.955682	235.531374
368.283777	228.810224


362.523740	242.696270
365.851835	235.975120
369.179929	229.253969


363.419893	243.140015
366.747988	236.418865
370.076082	229.697714


364.316046	243.583761
367.644141	236.862610
370.972235	230.141460


365.212199	244.027506
368.540294	237.306355
371.868388	230.585205


366.108352	244.471251
369.436446	237.750101
372.764541	231.028950


367.004505	244.914997
370.332599	238.193846
373.660694	231.472695


367.900658	245.358742
371.228752	238.637591
374.556847	231.916440


368.796811	245.802487
372.124905	239.081336
375.453000	232.360185


369.692964	246.246232
373.021058	239.525082
376.349153	232.803931


370.589116	246.689978
373.917211	239.968827
377.245305	233.247676


371.485269	247.133723
374.813364	240.412572
378.141458	233.691421


372.381422	247.577468
375.709517	240.856317
379.037611	234.135166


373.277575	248.021214
376.605670	241.300062
379.933764	234.578911


374.173728	248.464959
377.501822	241.743808
380.829917	235.022657


375.069881	248.908704
378.397975	242.187553
381.726070	235.466402


375.966034	249.352449
379.294128	242.631298
382.622223	235.910147


376.862187	249.796195
380.190281	243.075043
383.518376	236.353892


377.758340	250.239940
381.086434	243.518789
384.414529	236.797637


378.654492	250.683685
381.982587	243.962534
385.310681	237.241382


379.550645	251.127431
382.878740	244.406279
386.206834	237.685128


380.446798	251.571176
383.774893	244.850024
387.102987	238.128873


381.342951	252.014921
384.671046	245.293770
387.999140	238.572618


382.239104	252.458667
385.567198	245.737515
388.895293	239.016363


383.135257	252.902412
386.463351	246.181260
389.791446	239.460108


384.031410	253.346157
387.359504	246.625005
390.687599	239.903854


384.927563	253.789902
388.255657	247.068751
391.583752	240.347599


385.823716	254.233648
389.151810	247.512496
392.479905	240.791344


386.719868	254.677393
390.047963	247.956241
393.376057	241.235089


387.616021	255.121138
390.944116	248.399986
394.272210	241.678834


388.512174	255.564884
391.840269	248.843732
395.168363	242.122580


389.408327	256.008629
392.736422	249.287477
396.064516	242.566325


390.304480	256.452374
393.632574	249.731222
396.960669	243.010070


391.200633	256.896120
394.528727	250.174967
397.856822	243.453815


392.096786	257.339865
395.424880	250.618713
398.752975	243.897560


392.992939	257.783610
396.321033	251.062458
399.649128	244.341305


393.889092	258.227355
397.217186	251.506203
400.545281	244.785051


394.785244	258.671101
398.113339	251.949948
401.441433	245.228796


395.681397	259.114846
399.009492	252.393693
402.337586	245.672541


396.577550	259.558591
399.905645	252.837439
403.233739	246.116286


397.473703	260.002337
400.801798	253.281184
404.129892	246.560031


398.369856	260.446082
401.697951	253.724929
405.026045	247.003777


399.266009	260.889827
402.594103	254.168674
405.922198	247.447522


400.162162	261.333573
403.490256	254.612420
406.818351	247.891267


401.058315	261.777318
404.386409	255.056165
407.714504	248.335012


401.954468	262.221063
405.282562	255.499910
408.610657	248.778757


402.850620	262.664808
406.178715	255.943655
409.506809	249.222502


403.746773	263.108554
407.074868	256.387401
410.402962	249.666248


404.642926	263.552299
407.971021	256.831146
411.299115	250.109993


405.539079	263.996044
408.867174	257.274891
412.195268	250.553738


406.435232	264.439790
409.763327	257.718636
413.091421	250.997483


407.322833	264.879362
410.659452	258.162437
413.996071	251.445511


408.127743	265.285797
411.552101	258.613174
414.976458	251.940552


408.927257	265.702745
412.438766	259.075571
415.950274	252.448398


409.721239	266.130134
413.319295	259.549549
416.917351	252.968963


410.509552	266.567893
414.193537	260.035024
417.877522	253.502156


411.292060	267.015944
415.061342	260.531915
418.830624	254.047887


412.068629	267.474212
415.922560	261.040136
419.776492	254.606061


412.839126	267.942617
416.777045	261.559600
420.714964	255.176583


413.603418	268.421079
417.624648	262.090217
421.645879	255.759354


414.361374	268.909517
418.465225	262.631896
422.569076	256.354275


415.112865	269.407845
419.298631	263.184544
423.484398	256.961244


415.857760	269.915979
420.124723	263.748067
424.391687	257.580155


416.595932	270.433831
420.943359	264.322368
425.290787	258.210904


417.327254	270.961313
421.754399	264.907347
426.181544	258.853381


418.051601	271.498333
422.557703	265.502904
427.063805	259.507476


418.768848	272.044799
423.353133	266.108938
427.937418	260.173077


419.478872	272.600618
424.140553	266.725344
428.802233	260.850070


420.181551	273.165695
424.919827	267.352016
429.658102	261.538337


420.876765	273.739931
425.690822	267.988847
430.504878	262.237762


421.564393	274.323229
426.453404	268.635726
431.342416	262.948224


422.244318	274.915488
427.207444	269.292544
432.170570	263.669601


422.916423	275.516606
427.952812	269.959187
432.989200	264.401768


423.580593	276.126481
428.689379	270.635541
433.798165	265.144601


424.236714	276.745008
429.417020	271.321490
434.597326	265.897972


424.884672	277.372079
430.135608	272.016915
435.386544	266.661751


425.524357	278.007589
430.845022	272.721698
436.165686	267.435807


426.155659	278.651427
431.545138	273.435717
436.934617	268.220007


426.778468	279.303482
432.235837	274.158850
437.693205	269.014217


427.392680	279.963644
432.917000	274.890972
438.441320	269.818300


427.998187	280.631798
433.588510	275.631958
439.178832	270.632118


428.594886	281.307830
434.250251	276.381680
439.905617	271.455531


429.248594	282.059146
434.906644	277.136081
440.564695	272.213016


429.905001	282.813554
435.563051	277.890488
441.221102	272.967423


430.561407	283.567961
436.219458	278.644896
441.877508	273.721830


431.217814	284.322368
436.875865	279.399303
442.533915	274.476238


431.874221	285.076775
437.532271	280.153710
443.190322	275.230645


432.530627	285.831183
438.188678	280.908117
443.846728	275.985052


433.187034	286.585590
438.845085	281.662525
444.503135	276.739459


433.843441	287.339997
439.501491	282.416932
445.159542	277.493867


434.499848	288.094404
440.157898	283.171339
445.815949	278.248274


435.156254	288.848812
440.814305	283.925746
446.472355	279.002681


435.812661	289.603219
441.470711	284.680154
447.128762	279.757088


436.469068	290.357626
442.127118	285.434561
447.785169	280.511496


437.125474	291.112033
442.783525	286.188968
448.441575	281.265903


437.781881	291.866441
443.439932	286.943375
449.097982	282.020310


438.438288	292.620848
444.096338	287.697783
449.754389	282.774717


439.094694	293.375255
444.752745	288.452190
450.410796	283.529125


439.751101	294.129662
445.409152	289.206597
451.067202	284.283532


440.407508	294.884070
446.065558	289.961004
451.723609	285.037939


441.063915	295.638477
446.721965	290.715412
452.380016	285.792346


441.720321	296.392884
447.378372	291.469819
453.036422	286.546754


442.376728	297.147291
448.034778	292.224226
453.692829	287.301161


443.033135	297.901699
448.691185	292.978633
454.349236	288.055568


443.689541	298.656106
449.347592	293.733041
455.005642	288.809975


444.345948	299.410513
450.003999	294.487448
455.662049	289.564383


445.002355	300.164920
450.660405	295.241855
456.318456	290.318790


445.658761	300.919328
451.316812	295.996262
456.974863	291.073197


446.315168	301.673735
451.973219	296.750670
457.631269	291.827605


446.971575	302.428142
452.629625	297.505077
458.287676	292.582012


447.627982	303.182549
453.286032	298.259484
458.944083	293.336419


448.284388	303.936957
453.942439	299.013891
459.600489	294.090826


448.940795	304.691364
454.598846	299.768299
460.256896	294.845234


449.597202	305.445771
455.255252	300.522706
460.913303	295.599641


450.253608	306.200178
455.911659	301.277113
461.569709	296.354048


450.910015	306.954586
456.568066	302.031520
462.226116	297.108455


451.566422	307.708993
457.224472	302.785928
462.882523	297.862863


452.222828	308.463400
457.880879	303.540335
463.538930	298.617270


452.879235	309.217807
458.537286	304.294742
464.195336	299.371677


453.535642	309.972215
459.193692	305.049150
464.851743	300.126084


454.192049	310.726622
459.850099	305.803557
465.508150	300.880492


454.848455	311.481029
460.506506	306.557964
466.164556	301.634899


455.504862	312.235436
461.162913	307.312371
466.820963	302.389306


456.161269	312.989844
461.819319	308.066779
467.477370	303.143713


456.817675	313.744251
462.475726	308.821186
468.133776	303.898121


457.474082	314.498658
463.132133	309.575593
468.790183	304.652528


458.130489	315.253065
463.788539	310.330000
469.446590	305.406935


458.786896	316.007473
464.444946	311.084408
470.102997	306.161342


459.443302	316.761880
465.101353	311.838815
470.759403	306.915750


460.099709	317.516287
465.757759	312.593222
471.415810	307.670157


460.756116	318.270694
466.414166	313.347629
472.072217	308.424564


461.412522	319.025102
467.070573	314.102037
472.728623	309.178971


462.068929	319.779509
467.726980	314.856444
473.385030	309.933379


462.725336	320.533916
468.383386	315.610851
474.041437	310.687786


463.381742	321.288324
469.039793	316.365258
474.697844	311.442193


464.038149	322.042731
469.696200	317.119666
475.354250	312.196600


464.694556	322.797138
470.352606	317.874073
476.010657	312.951008


465.350963	323.551545
471.009013	318.628480
476.667064	313.705415


466.007369	324.305953
471.665420	319.382887
477.323470	314.459822


466.663776	325.060360
472.321826	320.137295
477.979877	315.214229


467.320183	325.814767
472.978233	320.891702
478.636284	315.968637


467.976589	326.569174
473.634640	321.646109
479.292690	316.723044


468.632996	327.323582
474.291047	322.400516
479.949097	317.477451


469.289403	328.077989
474.947453	323.154924
480.605504	318.231858


469.945809	328.832396
475.603860	323.909331
481.261911	318.986266


470.602216	329.586803
476.260267	324.663738
481.918317	319.740673


471.258623	330.341211
476.916673	325.418145
482.574724	320.495080


471.915030	331.095618
477.573080	326.172553
483.231131	321.249487


472.571436	331.850025
478.229487	326.926960
483.887537	322.003895


473.227843	332.604432
478.885894	327.681367
484.543944	322.758302


473.884250	333.358840
479.542300	328.435774
485.200351	323.512709


474.540656	334.113247
480.198707	329.190182
485.856757	324.267116


475.197063	334.867654
480.855114	329.944589
486.513164	325.021524


475.853470	335.622061
481.511520	330.698996
487.169571	325.775931


476.509876	336.376469
482.167927	331.453403
487.825978	326.530338


477.166283	337.130876
482.824334	332.207811
488.482384	327.284745


477.822690	337.885283
483.480740	332.962218
489.138791	328.039153


478.479097	338.639690
484.137147	333.716625
489.795198	328.793560


479.135503	339.394098
484.793554	334.471032
490.451604	329.547967


479.791910	340.148505
485.449961	335.225440
491.108011	330.302375


480.448317	340.902912
486.106367	335.979847
491.764418	331.056782


481.104723	341.657319
486.762774	336.734254
492.420824	331.811189


481.761130	342.411727
487.419181	337.488661
493.077231	332.565596


482.417537	343.166134
488.075587	338.243069
493.733638	333.320004


483.073944	343.920541
488.731994	338.997476
494.390045	334.074411


483.730350	344.674948
489.388401	339.751883
495.046451	334.828818


484.386757	345.429356
490.044807	340.506290
495.702858	335.583225


485.043164	346.183763
490.701214	341.260698
496.359265	336.337633


485.699570	346.938170
491.357621	342.015105
497.015671	337.092040


486.355977	347.692577
492.014028	342.769512
497.672078	337.846447


487.012384	348.446985
492.670434	343.523919
498.328485	338.600854


487.668790	349.201392
493.326841	344.278327
498.984892	339.355262


488.325197	349.955799
493.983248	345.032734
499.641298	340.109669


488.981604	350.710206
494.639654	345.787141
500.297705	340.864076


489.638011	351.464614
495.296061	346.541549
500.954112	341.618483


490.294417	352.219021
495.952468	347.295956
501.610518	342.372891


490.950824	352.973428
496.608874	348.050363
502.266925	343.127298


491.607231	353.727835
497.265281	348.804770
502.923332	343.881705


492.263637	354.482243
497.921688	349.559178
503.579738	344.636112


492.920044	355.236650
498.578095	350.313585
504.236145	345.390520


493.576451	355.991057
499.234501	351.067992
504.892552	346.144927


494.232857	356.745464
499.890908	351.822399
505.548959	346.899334


494.889264	357.499872
500.547315	352.576807
506.205365	347.653741


495.545671	358.254279
501.203721	353.331214
506.861772	348.408149


496.226249	359.035095
501.860742	354.085086
507.495235	349.135076


496.961242	359.860022
502.525972	354.831713
508.090702	349.803405


497.707698	360.674591
503.201577	355.568967
508.695456	350.463342


498.465471	361.478644
503.887425	356.296701
509.309378	351.114759


499.234412	362.272022
504.583380	357.014775
509.932349	351.757528


500.014372	363.054572
505.289309	357.723048
510.564246	352.391524


500.805196	363.826139
506.005071	358.421381
511.204945	353.016623


501.606732	364.586573
506.730527	359.109637
511.854323	353.632702


502.418822	365.335726
507.465537	359.787683
512.512251	354.239641


503.241307	366.073451
508.209954	360.455386
513.178601	354.837321


504.074027	366.799603
508.963635	361.112614
513.853243	355.425626


504.916819	367.514041
509.726432	361.759241
514.536045	356.004440


505.769518	368.216625
510.498196	362.395138
515.226874	356.573651


506.631958	368.907218
511.278776	363.020182
515.925593	357.133146


507.503969	369.585684
512.068018	363.634251
516.632068	357.682817


508.385381	370.251891
512.865770	364.237224
517.346159	358.222557


509.276023	370.905709
513.671875	364.828984
518.067727	358.752259


510.175719	371.547010
514.486175	365.409415
518.796630	359.271820


511.084294	372.175669
515.308511	365.978404
519.532728	359.781138


512.001570	372.791562
516.138722	366.535838
520.275874	360.280115


512.927368	373.394569
516.976647	367.081610
521.025925	360.768651


513.861507	373.984573
517.822120	367.615613
521.782734	361.246653


514.803804	374.561457
518.674978	368.137742
522.546152	361.714026


515.754076	375.125110
519.535053	368.647894
523.316030	362.170679


516.712135	375.675420
520.402177	369.145971
524.092218	362.616523


517.677796	376.212281
521.276180	369.631876
524.874564	363.051470


518.650869	376.735588
522.156892	370.105512
525.662915	363.475436


519.631163	377.245237
523.044140	370.566787
526.457117	363.888337


520.618488	377.741130
523.937751	371.015612
527.257015	364.290093


521.612650	378.223169
524.837551	371.451898
528.062452	364.680626


522.613455	378.691261
525.743363	371.875560
528.873271	365.059858


523.620707	379.145313
526.655010	372.286515
529.689313	365.427717


524.634209	379.585237
527.572314	372.684683
530.510419	365.784129


525.653763	380.010947
528.495095	373.069987
531.336427	366.129026


526.679170	380.422360
529.423174	373.442350
532.167178	366.462339


527.710229	380.819395
530.356369	373.801700
533.002508	366.784004


528.674740	381.179372
531.293270	374.151326
533.911801	367.123280


529.611811	381.528510
532.230341	374.500464
534.848872	367.472418


530.548882	381.877648
533.167412	374.849602
535.785943	367.821557


531.485953	382.226786
534.104483	375.198741
536.723013	368.170695


532.423024	382.575924
535.041554	375.547879
537.660084	368.519833


533.360095	382.925063
535.978625	375.897017
538.597155	368.868971


534.297166	383.274201
536.915696	376.246155
539.534226	369.218110


535.234237	383.623339
537.852767	376.595294
540.471297	369.567248


536.171308	383.972477
538.789838	376.944432
541.408368	369.916386


537.108379	384.321616
539.726909	377.293570
542.345439	370.265524


538.045449	384.670754
540.663980	377.642708
543.282510	370.614663


538.982520	385.019892
541.601051	377.991847
544.219581	370.963801


539.919591	385.369030
542.538122	378.340985
545.156652	371.312939


540.856662	385.718169
543.475192	378.690123
546.093723	371.662077


541.793733	386.067307
544.412263	379.039261
547.030794	372.011216


542.730804	386.416445
545.349334	379.388400
547.967865	372.360354


543.667875	386.765583
546.286405	379.737538
548.904936	372.709492


544.604946	387.114722
547.223476	380.086676
549.842006	373.058630


545.542017	387.463860
548.160547	380.435814
550.779077	373.407769


546.479088	387.812998
549.097618	380.784952
551.716148	373.756907


547.416159	388.162136
550.034689	381.134091
552.653219	374.106045


548.353230	388.511275
550.971760	381.483229
553.590290	374.455183


549.290301	388.860413
551.908831	381.832367
554.527361	374.804322


550.227371	389.209551
552.845902	382.181505
555.464432	375.153460


551.164442	389.558689
553.782973	382.530644
556.401503	375.502598


552.101513	389.907828
554.720044	382.879782
557.338574	375.851736


553.038584	390.256966
555.657115	383.228920
558.275645	376.200875


553.975655	390.606104
556.594185	383.578058
559.212716	376.550013


554.912726	390.955242
557.531256	383.927197
560.149787	376.899151


555.849797	391.304381
558.468327	384.276335
561.086858	377.248289


556.786868	391.653519
559.405398	384.625473
562.023928	377.597427


557.723939	392.002657
560.342469	384.974611
562.960999	377.946566


558.661010	392.351795
561.279540	385.323750
563.898070	378.295704


559.598081	392.700934
562.216611	385.672888
564.835141	378.644842


560.535152	393.050072
563.153682	386.022026
565.772212	378.993980


561.472223	393.399210
564.090753	386.371164
566.709283	379.343119


562.409294	393.748348
565.027824	386.720303
567.646354	379.692257


563.346364	394.097486
565.964895	387.069441
568.583425	380.041395


564.283435	394.446625
566.901966	387.418579
569.520496	380.390533


565.220506	394.795763
567.839037	387.767717
570.457567	380.739672


566.157577	395.144901
568.776107	388.116856
571.394638	381.088810


567.094648	395.494039
569.713178	388.465994
572.331709	381.437948


568.031719	395.843178
570.650249	388.815132
573.268780	381.787086


568.968790	396.192316
571.587320	389.164270
574.205851	382.136225


569.905861	396.541454
572.524391	389.513409
575.142921	382.485363


570.842932	396.890592
573.461462	389.862547
576.079992	382.834501


571.780003	397.239731
574.398533	390.211685
577.017063	383.183639


572.717074	397.588869
575.335604	390.560823
577.954134	383.532778


573.654145	397.938007
576.272675	390.909962
578.891205	383.881916


574.591216	398.287145
577.209746	391.259100
579.828276	384.231054


575.528286	398.636284
578.146817	391.608238
580.765347	384.580192


576.465357	398.985422
579.083888	391.957376
581.702418	384.929331


577.402428	399.334560
580.020959	392.306514
582.639489	385.278469


578.339499	399.683698
580.958030	392.655653
583.576560	385.627607


579.276570	400.032837
581.895100	393.004791
584.513631	385.976745


580.213641	400.381975
582.832171	393.353929
585.450702	386.325884


581.150712	400.731113
583.769242	393.703067
586.387773	386.675022


582.087783	401.080251
584.706313	394.052206
587.324844	387.024160


583.024854	401.429390
585.643384	394.401344
588.261914	387.373298


583.961925	401.778528
586.580455	394.750482
589.198985	387.722437


584.898996	402.127666
587.517526	395.099620
590.136056	388.071575


585.836067	402.476804
588.454597	395.448759
591.073127	388.420713


586.773138	402.825943
589.391668	395.797897
592.010198	388.769851


587.710209	403.175081
590.328739	396.147035
592.947269	389.118989


588.647279	403.524219
591.265810	396.496173
593.884340	389.468128


589.584350	403.873357
592.202881	396.845312
594.821411	389.817266


590.521421	404.222496
593.139952	397.194450
595.758482	390.166404


591.458492	404.571634
594.077022	397.543588
596.695553	390.515542


592.395563	404.920772
595.014093	397.892726
597.632624	390.864681


593.332634	405.269910
595.951164	398.241865
598.569695	391.213819


594.269705	405.619049
596.888235	398.591003
599.506766	391.562957


595.206776	405.968187
597.825306	398.940141
600.443836	391.912095


596.143847	406.317325
598.762377	399.289279
601.380907	392.261234


597.080918	406.666463
599.699448	399.638418
602.317978	392.610372


598.017989	407.015601
600.636519	399.987556
603.255049	392.959510


598.955060	407.364740
601.573590	400.336694
604.192120	393.308648


599.892131	407.713878
602.510661	400.685832
605.129191	393.657787


600.829201	408.063016
603.447732	401.034971
606.066262	394.006925


601.766272	408.412154
604.384803	401.384109
607.003333	394.356063


602.703343	408.761293
605.321874	401.733247
607.940404	394.705201


603.640414	409.110431
606.258945	402.082385
608.877475	395.054340


604.577485	409.459569
607.196015	402.431524
609.814546	395.403478


605.514556	409.808707
608.133086	402.780662
610.751617	395.752616


606.451627	410.157846
609.070157	403.129800
611.688688	396.101754


607.388698	410.506984
610.007228	403.478938
612.625759	396.450893


608.325769	410.856122
610.944299	403.828076
613.562829	396.800031


609.262840	411.205260
611.881370	404.177215
614.499900	397.149169


610.199911	411.554399
612.818441	404.526353
615.436971	397.498307


611.136982	411.903537
613.755512	404.875491
616.374042	397.847446


612.074053	412.252675
614.692583	405.224629
617.311113	398.196584


613.011124	412.601813
615.629654	405.573768
618.248184	398.545722


613.948194	412.950952
616.566725	405.922906
619.185255	398.894860


614.885265	413.300090
617.503796	406.272044
620.122326	399.243999


615.822336	413.649228
618.440867	406.621182
621.059397	399.593137


616.759407	413.998366
619.377937	406.970321
621.996468	399.942275


617.696478	414.347505
620.315008	407.319459
622.933539	400.291413


618.633549	414.696643
621.252079	407.668597
623.870610	400.640552


619.570620	415.045781
622.189150	408.017735
624.807681	400.989690


620.507691	415.394919
623.126221	408.366874
625.744751	401.338828


621.444762	415.744058
624.063292	408.716012
626.681822	401.687966


622.344929	416.080372
625.000023	409.066058
627.655117	402.051744


623.179847	416.403102
625.932758	409.426598
628.685668	402.450094


624.010172	416.737475
626.860360	409.800145
629.710549	402.862815


624.835740	417.083425
627.782649	410.186625
630.729559	403.289825


625.656390	417.440884
628.699444	410.585963
631.742499	403.731042


626.471961	417.809783
629.610566	410.998081
632.749170	404.186378


627.282295	418.190049
630.515836	411.422898
633.749376	404.655746


628.087233	418.581609
631.415077	411.860331
634.742922	405.139053


628.886617	418.984385
632.308115	412.310295
635.729613	405.636205


629.680291	419.398299
633.194774	412.772702
636.709256	406.147104


630.468100	419.823270
634.074880	413.247461
637.681660	406.671651


631.249890	420.259214
634.948262	413.734479
638.646634	407.209744


632.025509	420.706048
635.814750	414.233662
639.603991	407.761276


632.794803	421.163682
636.674173	414.744911
640.553542	408.326140


633.557624	421.632028
637.526363	415.268127
641.495102	408.904226


634.313822	422.110994
638.371154	415.803207
642.428487	409.495420


635.063248	422.600487
639.208381	416.350048
643.353515	410.099608


635.805757	423.100411
640.037881	416.908541
644.270004	410.716671


636.541204	423.610668
640.859490	417.478578
645.177776	411.346487


637.269444	424.131158
641.673048	418.060047
646.076653	411.988935


637.990335	424.661780
642.478397	418.652834
646.966459	412.643889


638.703736	425.202429
643.275378	419.256824
647.847020	413.311220


639.409509	425.753001
644.063837	419.871899
648.718165	413.990798


640.107513	426.313387
644.843618	420.497938
649.579722	414.682490


640.797615	426.883478
645.614569	421.134819
650.431523	415.386161


641.479677	427.463163
646.376540	421.782418
651.273403	416.101673


642.153568	428.052327
647.129382	422.440607
652.105195	416.828887


642.819155	428.650857
647.872947	423.109258
652.926739	417.567660


643.476308	429.258634
648.607090	423.788241
653.737872	418.317848


644.124899	429.875541
649.331668	424.477422
654.538436	419.079304


644.764800	430.501456
650.046538	425.176667
655.328276	419.851879


645.395887	431.136257
650.751562	425.885839
656.107236	420.635422


646.018037	431.779820
651.446600	426.604800
656.875164	421.429781


646.631127	432.432019
652.131519	427.333409
657.631910	422.234799


647.235039	433.092727
652.806182	428.071523
658.377326	423.050320


647.829652	433.761814
653.470459	428.818998
659.111266	423.876183


648.469150	434.496169
654.127201	429.573119
659.785251	424.650069


649.125557	435.250576
654.783607	430.327526
660.441658	425.404476


649.781963	436.004983
655.440014	431.081933
661.098065	426.158883


650.438370	436.759391
656.096421	431.836340
661.754471	426.913290


651.094777	437.513798
656.752827	432.590747
662.410878	427.667697


651.751183	438.268205
657.409234	433.345154
663.067284	428.422104


652.407590	439.022612
658.065641	434.099561
663.723691	429.176511


653.063997	439.777019
658.722047	434.853968
664.380098	429.930917


653.720403	440.531427
659.378454	435.608375
665.036504	430.685324


654.376810	441.285834
660.034861	436.362783
665.692911	431.439731


655.033217	442.040241
660.691267	437.117190
666.349318	432.194138


655.689623	442.794648
661.347674	437.871597
667.005724	432.948545


656.346030	443.549055
662.004081	438.626004
667.662131	433.702952


657.002437	444.303463
662.660487	439.380411
668.318538	434.457359


657.658843	445.057870
663.316894	440.134818
668.974944	435.211766


658.315250	445.812277
663.973300	440.889225
669.631351	435.966173


658.971657	446.566684
664.629707	441.643632
670.287758	436.720580


659.628063	447.321091
665.286114	442.398039
670.944164	437.474987


660.284470	448.075499
665.942520	443.152446
671.600571	438.229394


660.940877	448.829906
666.598927	443.906853
672.256978	438.983801


661.597283	449.584313
667.255334	444.661260
672.913384	439.738208


662.253690	450.338720
667.911740	445.415667
673.569791	440.492615


662.910097	451.093127
668.568147	446.170075
674.226198	441.247022


663.566503	451.847535
669.224554	446.924482
674.882604	442.001429


664.222910	452.601942
669.880960	447.678889
675.539011	442.755836


664.879316	453.356349
670.537367	448.433296
676.195418	443.510242


665.535723	454.110756
671.193774	449.187703
676.851824	444.264649


666.192130	454.865163
671.850180	449.942110
677.508231	445.019056


666.848536	455.619571
672.506587	450.696517
678.164638	445.773463


667.504943	456.373978
673.162994	451.450924
678.821044	446.527870


668.161350	457.128385
673.819400	452.205331
679.477451	447.282277


668.817756	457.882792
674.475807	452.959738
680.133858	448.036684


669.474163	458.637200
675.132214	453.714145
680.790264	448.791091


670.130570	459.391607
675.788620	454.468552
681.446671	449.545498


670.786976	460.146014
676.445027	455.222959
682.103077	450.299905


671.443383	460.900421
677.101434	455.977367
682.759484	451.054312


672.099790	461.654828
677.757840	456.731774
683.415891	451.808719


672.756196	462.409236
678.414247	457.486181
684.072297	452.563126


673.412603	463.163643
679.070654	458.240588
684.728704	453.317533


674.069010	463.918050
679.727060	458.994995
685.385111	454.071940


674.725416	464.672457
680.383467	459.749402
686.041517	454.826347


675.381823	465.426864
681.039874	460.503809
686.697924	455.580754


676.038230	466.181272
681.696280	461.258216
687.354331	456.335161


676.694636	466.935679
682.352687	462.012623
688.010737	457.089567


677.351043	467.690086
683.009093	462.767030
688.667144	457.843974


678.007450	468.444493
683.665500	463.521437
689.323551	458.598381


678.663856	469.198900
684.321907	464.275844
689.979957	459.352788


679.320263	469.953308
684.978313	465.030251
690.636364	460.107195


679.976670	470.707715
685.634720	465.784659
691.292771	460.861602


680.633076	471.462122
686.291127	466.539066
691.949177	461.616009


681.289483	472.216529
686.947533	467.293473
692.605584	462.370416


681.945890	472.970936
687.603940	468.047880
693.261991	463.124823


682.602296	473.725344
688.260347	468.802287
693.918397	463.879230


683.258703	474.479751
688.916753	469.556694
694.574804	464.633637


683.915109	475.234158
689.573160	470.311101
695.231211	465.388044


684.571516	475.988565
690.229567	471.065508
695.887617	466.142451


685.227923	476.742973
690.885973	471.819915
696.544024	466.896858


685.884329	477.497380
691.542380	472.574322
697.200431	467.651265


686.540736	478.251787
692.198787	473.328729
697.856837	468.405672


687.197143	479.006194
692.855193	474.083136
698.513244	469.160079


687.853549	479.760601
693.511600	474.837543
699.169650	469.914486


688.509956	480.515009
694.168007	475.591951
699.826057	470.668893


689.166363	481.269416
694.824413	476.346358
700.482464	471.423299


689.822769	482.023823
695.480820	477.100765
701.138870	472.177706


690.479176	482.778230
696.137227	477.855172
701.795277	472.932113


691.135583	483.532637
696.793633	478.609579
702.451684	473.686520


691.791989	484.287045
697.450040	479.363986
703.108090	474.440927


692.448396	485.041452
698.106447	480.118393
703.764497	475.195334


693.104803	485.795859
698.762853	480.872800
704.420904	475.949741


693.761209	486.550266
699.419260	481.627207
705.077310	476.704148


694.417616	487.304673
700.075666	482.381614
705.733717	477.458555


695.074023	488.059081
700.732073	483.136021
706.390124	478.212962


695.730429	488.813488
701.388480	483.890428
707.046530	478.967369


696.386836	489.567895
702.044886	484.644835
707.702937	479.721776


697.043243	490.322302
702.701293	485.399243
708.359344	480.476183


697.699649	491.076709
703.357700	486.153650
709.015750	481.230590


698.356056	491.831117
704.014106	486.908057
709.672157	481.984997


699.012463	492.585524
704.670513	487.662464
710.328564	482.739404


699.668869	493.339931
705.326920	488.416871
710.984970	483.493811


700.325276	494.094338
705.983326	489.171278
711.641377	484.248218


700.981683	494.848745
706.639733	489.925685
712.297784	485.002624


701.638089	495.603153
707.296140	490.680092
712.954190	485.757031


702.294496	496.357560
707.952546	491.434499
713.610597	486.511438


702.950902	497.111967
708.608953	492.188906
714.267004	487.265845


703.607309	497.866374
709.265360	492.943313
714.923410	488.020252


704.263716	498.620782
709.921766	493.697720
715.579817	488.774659


704.920122	499.375189
710.578173	494.452127
716.236224	489.529066


705.576529	500.129596
711.234580	495.206534
716.892630	490.283473


706.232936	500.884003
711.890986	495.960942
717.549037	491.037880


706.889342	501.638410
712.547393	496.715349
718.205443	491.792287


707.545749	502.392818
713.203800	497.469756
718.861850	492.546694


708.202156	503.147225
713.860206	498.224163
719.518257	493.301101


708.858562	503.901632
714.516613	498.978570
720.174663	494.055508


709.514969	504.656039
715.173020	499.732977
720.831070	494.809915


710.171376	505.410446
715.829426	500.487384
721.487477	495.564322


710.827782	506.164854
716.485833	501.241791
722.143883	496.318729


711.484189	506.919261
717.142240	501.996198
722.800290	497.073136


712.140596	507.673668
717.798646	502.750605
723.456697	497.827543


712.797002	508.428075
718.455053	503.505012
724.113103	498.581949


713.453409	509.182482
719.111459	504.259419
724.769510	499.336356


714.109816	509.936890
719.767866	505.013826
725.425917	500.090763


714.766222	510.691297
720.424273	505.768234
726.082323	500.845170


715.422629	511.445704
721.080679	506.522641
726.738730	501.599577


716.079036	512.200111
721.737086	507.277048
727.395137	502.353984


716.735442	512.954518
722.393493	508.031455
728.051543	503.108391


717.391849	513.708926
723.049899	508.785862
728.707950	503.862798


718.048256	514.463333
723.706306	509.540269
729.364357	504.617205


718.704662	515.217740
724.362713	510.294676
730.020763	505.371612


719.361069	515.972147
725.019119	511.049083
730.677170	506.126019


720.017475	516.726554
725.675526	511.803490
731.333577	506.880426


720.673882	517.480962
726.331933	512.557897
731.989983	507.634833


721.330289	518.235369
726.988339	513.312304
732.646390	508.389240


721.986695	518.989776
727.644746	514.066711
733.302797	509.143647


722.643102	519.744183
728.301153	514.821118
733.959203	509.898054


723.299509	520.498591
728.957559	515.575526
734.615610	510.652461


723.955915	521.252998
729.613966	516.329933
735.272016	511.406868


724.639267	522.036994
730.270973	517.083815
735.902680	512.130636


725.395628	522.881654
730.938060	517.828778
736.480492	512.775901


726.166941	523.712683
731.618333	518.561719
737.069724	513.410754


726.952958	524.529818
732.311575	519.282405
737.670191	514.034993


727.753431	525.332797
733.017565	519.990608
738.281700	514.648418


728.568103	526.121367
733.736080	520.686100
738.904057	515.250834


729.396716	526.895274
734.466890	521.368662
739.537064	515.842050


730.239006	527.654274
735.209762	522.038075
740.180519	516.421877


731.094704	528.398124
735.964460	522.694127
740.834217	516.990130


731.963539	529.126588
736.730744	523.336609
741.497950	517.546630


732.845233	529.839433
737.508370	523.965315
742.171507	518.091198


733.739505	530.536433
738.297090	524.580047
742.854674	518.623661


734.646072	531.217365
739.096652	525.180607
743.547232	519.143850


735.564645	531.882014
739.906803	525.766806
744.248962	519.651598


736.494930	532.530166
740.727285	526.338456
744.959640	520.146745


737.436632	533.161617
741.557836	526.895375
745.679039	520.629133


738.389451	533.776164
742.398191	527.437386
746.406932	521.098608


739.353084	534.373613
743.248084	527.964317
747.143085	521.555021


740.327223	534.953773
744.107243	528.475999
747.887264	521.998225


741.311559	535.516458
744.975396	528.972270
748.639233	522.428081


742.305778	536.061491
745.852265	529.452971
749.398752	522.844452


743.309564	536.588698
746.737572	529.917951
750.165580	523.247204


744.322597	537.097910
747.631034	530.367060
750.939471	523.636209


745.344554	537.588966
748.532367	530.800155
751.720181	524.011344


746.375110	538.061709
749.441285	531.217100
752.507459	524.372490


747.413938	538.515989
750.357497	531.617760
753.301056	524.719531


748.460705	538.951661
751.280712	532.002008
754.100719	525.052356


749.515080	539.368586
752.210637	532.369723
754.906193	525.370860


750.576726	539.766632
753.146974	532.720787
755.717222	525.674942


751.645305	540.145672
754.089426	533.055088
756.533548	525.964504


752.720477	540.505585
755.037694	533.372520
757.354910	526.239455


753.801900	540.846256
755.991474	533.672981
758.181047	526.499706


754.889230	541.167578
756.950463	533.956377
759.011696	526.745175


755.982119	541.469447
757.914356	534.222616
759.846593	526.975784


757.080221	541.751769
758.882846	534.471614
760.685472	527.191460


758.183185	542.014452
759.855625	534.703292
761.528066	527.392133


759.290661	542.257413
760.832383	534.917577
762.374106	527.577740


760.402295	542.480575
761.812809	535.114399
763.223323	527.748222


761.517735	542.683867
762.796590	535.293696
764.075446	527.903524


762.636624	542.867224
763.783415	535.455411
764.930205	528.043597


763.758606	543.030588
764.772967	535.599492
765.787328	528.168397


764.883325	543.173906
765.764933	535.725895
766.646540	528.277883


766.010422	543.297133
766.758996	535.834577
767.507570	528.372021


767.139538	543.400231
767.754840	535.925506
768.370142	528.450781


768.270314	543.483165
768.752148	535.998651
769.233982	528.514138


769.402390	543.545910
769.750602	536.053990
770.098814	528.562071


