694.432373	-199.120667
701.680023	-201.049759
708.927673	-202.978851


694.767306	-197.936050
701.952082	-200.087520
709.136858	-202.238991


695.138577	-196.762315
702.253657	-199.134120
709.368738	-201.505926


695.545834	-195.600575
702.584463	-198.190464
709.623092	-200.780354


695.988689	-194.451934
702.944185	-197.257448
709.899681	-200.062962


696.466723	-193.317483
703.332481	-196.335957
710.198240	-199.354432


696.979481	-192.198297
703.748984	-195.426867
710.518486	-198.655437


697.526477	-191.095441
704.193297	-194.531041
710.860116	-197.966641


698.107192	-190.009961
704.664998	-193.649329
711.222805	-197.288696


698.721073	-188.942887
705.163641	-192.782568
711.606209	-196.622248


699.367539	-187.895233
705.688751	-191.931581
712.009964	-195.967928


700.045975	-186.867993
706.239830	-191.097176
712.433685	-195.326359


700.755737	-185.862144
706.816355	-190.280146
712.876972	-194.698148


701.496152	-184.878638
707.417778	-189.481266
713.339403	-194.083893


702.266516	-183.918411
708.043528	-188.701294
713.820539	-193.484177


703.066098	-182.982375
708.693011	-187.940971
714.319924	-192.899568


703.894140	-182.071417
709.365611	-187.201020
714.837083	-192.330623


704.749853	-181.186402
710.060689	-186.482142
715.371525	-191.777881


705.632428	-180.328172
710.777585	-185.785020
715.922742	-191.241867


706.541024	-179.497540
711.515618	-185.110315
716.490213	-190.723090


707.474781	-178.695296
712.274089	-184.458670
717.073396	-190.222043


708.432810	-177.922201
713.052275	-183.830701
717.671740	-189.739201


709.414203	-177.178989
713.849440	-183.227006
718.284676	-189.275022


710.418028	-176.466365
714.664825	-182.648157
718.911622	-188.829948


711.443332	-175.785007
715.497657	-182.094704
719.551982	-188.404401


712.489141	-175.135561
716.347145	-181.567173
720.205149	-187.998785


713.554462	-174.518644
717.212483	-181.066064
720.870503	-187.613485


714.638285	-173.934841
718.092848	-180.591854
721.547412	-187.248867


715.739579	-173.384707
718.987406	-180.144992
722.235233	-186.905277


716.857300	-172.868764
719.895306	-179.725903
722.933313	-186.583041


717.990386	-172.387502
720.815688	-179.334984
723.640990	-186.282465


719.137761	-171.941378
721.747676	-178.972607
724.357591	-186.003835


720.298336	-171.530815
722.690386	-178.639115
725.082436	-185.747415


721.471010	-171.156204
723.642923	-178.334826
725.814837	-185.513449


722.654668	-170.817899
724.604383	-178.060029
726.554099	-185.302158


723.848187	-170.516223
725.573853	-177.814983
727.299520	-185.113744


725.050434	-170.251461
726.550413	-177.599923
728.050391	-184.948385


726.260267	-170.023864
727.533134	-177.415051
728.806001	-184.806238


727.476538	-169.833650
728.521085	-177.260544
729.565631	-184.687438


0.202957	15.000000
0.202957	7.500000
0.202957	0.000000


1.202957	15.000000
1.202957	7.500000
1.202957	0.000000


2.202957	15.000000
2.202957	7.500000
2.202957	0.000000


3.202957	15.000000
3.202957	7.500000
3.202957	0.000000


4.202957	15.000000
4.202957	7.500000
4.202957	0.000000


5.202957	15.000000
5.202957	7.500000
5.202957	0.000000


6.202957	15.000000
6.202957	7.500000
6.202957	0.000000


7.202957	15.000000
7.202957	7.500000
7.202957	0.000000


8.202957	15.000000
8.202957	7.500000
8.202957	0.000000


9.202957	15.000000
9.202957	7.500000
9.202957	0.000000


10.202957	15.000000
10.202957	7.500000
10.202957	0.000000


11.202957	15.000000
11.202957	7.500000
11.202957	0.000000


12.202957	15.000000
12.202957	7.500000
12.202957	0.000000


13.202957	15.000000
13.202957	7.500000
13.202957	0.000000


14.202957	15.000000
14.202957	7.500000
14.202957	0.000000


15.202957	15.000000
15.202957	7.500000
15.202957	0.000000


16.202957	15.000000
16.202957	7.500000
16.202957	0.000000


17.202957	15.000000
17.202957	7.500000
17.202957	0.000000


18.202957	15.000000
18.202957	7.500000
18.202957	0.000000


19.202957	15.000000
19.202957	7.500000
19.202957	0.000000


20.202957	15.000000
20.202957	7.500000
20.202957	0.000000


21.202957	15.000000
21.202957	7.500000
21.202957	0.000000


22.202957	15.000000
22.202957	7.500000
22.202957	0.000000


23.202957	15.000000
23.202957	7.500000
23.202957	0.000000


24.202957	15.000000
24.202957	7.500000
24.202957	0.000000


25.202957	15.000000
25.202957	7.500000
25.202957	0.000000


26.202957	15.000000
26.202957	7.500000
26.202957	0.000000


27.202957	15.000000
27.202957	7.500000
27.202957	0.000000


28.202957	15.000000
28.202957	7.500000
28.202957	0.000000


29.202957	15.000000
29.202957	7.500000
29.202957	0.000000


30.202957	15.000000
30.202957	7.500000
30.202957	0.000000


31.202957	15.000000
31.202957	7.500000
31.202957	0.000000


32.202957	15.000000
32.202957	7.500000
32.202957	0.000000


33.202957	15.000000
33.202957	7.500000
33.202957	0.000000


34.202957	15.000000
34.202957	7.500000
34.202957	0.000000


35.202957	15.000000
35.202957	7.500000
35.202957	0.000000


36.202957	15.000000
36.202957	7.500000
36.202957	0.000000


37.202957	15.000000
37.202957	7.500000
37.202957	0.000000


38.202957	15.000000
38.202957	7.500000
38.202957	0.000000


39.202957	15.000000
39.202957	7.500000
39.202957	0.000000


40.202957	15.000000
40.202957	7.500000
40.202957	0.000000


41.202957	15.000000
41.202957	7.500000
41.202957	0.000000


42.202957	15.000000
42.202957	7.500000
42.202957	0.000000


43.202957	15.000000
43.202957	7.500000
43.202957	0.000000


44.202957	15.000000
44.202957	7.500000
44.202957	0.000000


45.202957	15.000000
45.202957	7.500000
45.202957	0.000000


46.202957	15.000000
46.202957	7.500000
46.202957	0.000000


47.202957	15.000000
47.202957	7.500000
47.202957	0.000000


48.202957	15.000000
48.202957	7.500000
48.202957	0.000000


49.202957	15.000000
49.202957	7.500000
49.202957	0.000000


50.202957	15.000000
50.202957	7.500000
50.202957	0.000000


51.202957	15.000000
51.202957	7.500000
51.202957	0.000000


52.202957	15.000000
52.202957	7.500000
52.202957	0.000000


53.202957	15.000000
53.202957	7.500000
53.202957	0.000000


54.202957	15.000000
54.202957	7.500000
54.202957	0.000000


55.202957	15.000000
55.202957	7.500000
55.202957	0.000000


56.202957	15.000000
56.202957	7.500000
56.202957	0.000000


57.202957	15.000000
57.202957	7.500000
57.202957	0.000000


58.202957	15.000000
58.202957	7.500000
58.202957	0.000000


59.202957	15.000000
59.202957	7.500000
59.202957	0.000000


60.202957	15.000000
60.202957	7.500000
60.202957	0.000000


61.202957	15.000000
61.202957	7.500000
61.202957	0.000000


62.202957	15.000000
62.202957	7.500000
62.202957	0.000000


63.202957	15.000000
63.202957	7.500000
63.202957	0.000000


64.202957	15.000000
64.202957	7.500000
64.202957	0.000000


65.202957	15.000000
65.202957	7.500000
65.202957	0.000000


66.202957	15.000000
66.202957	7.500000
66.202957	0.000000


67.202957	15.000000
67.202957	7.500000
67.202957	0.000000


68.202957	15.000000
68.202957	7.500000
68.202957	0.000000


69.202957	15.000000
69.202957	7.500000
69.202957	0.000000


70.202957	15.000000
70.202957	7.500000
70.202957	0.000000


71.202957	15.000000
71.202957	7.500000
71.202957	0.000000


72.202957	15.000000
72.202957	7.500000
72.202957	0.000000


73.202957	15.000000
73.202957	7.500000
73.202957	0.000000


74.202957	15.000000
74.202957	7.500000
74.202957	0.000000


75.202957	15.000000
75.202957	7.500000
75.202957	0.000000


76.202957	15.000000
76.202957	7.500000
76.202957	0.000000


77.202957	15.000000
77.202957	7.500000
77.202957	0.000000


78.202957	15.000000
78.202957	7.500000
78.202957	0.000000


79.202957	15.000000
79.202957	7.500000
79.202957	0.000000


80.202957	15.000000
80.202957	7.500000
80.202957	0.000000


81.202957	15.000000
81.202957	7.500000
81.202957	0.000000


82.202957	15.000000
82.202957	7.500000
82.202957	0.000000


83.202957	15.000000
83.202957	7.500000
83.202957	0.000000


84.202957	15.000000
84.202957	7.500000
84.202957	0.000000


85.202957	15.000000
85.202957	7.500000
85.202957	0.000000


86.202957	15.000000
86.202957	7.500000
86.202957	0.000000


87.202957	15.000000
87.202957	7.500000
87.202957	0.000000


88.202957	15.000000
88.202957	7.500000
88.202957	0.000000


89.202957	15.000000
89.202957	7.500000
89.202957	0.000000


90.202957	15.000000
90.202957	7.500000
90.202957	0.000000


91.202957	15.000000
91.202957	7.500000
91.202957	0.000000


92.202957	15.000000
92.202957	7.500000
92.202957	0.000000


93.202957	15.000000
93.202957	7.500000
93.202957	0.000000


94.202957	15.000000
94.202957	7.500000
94.202957	0.000000


95.202957	15.000000
95.202957	7.500000
95.202957	0.000000


96.202957	15.000000
96.202957	7.500000
96.202957	0.000000


97.202957	15.000000
97.202957	7.500000
97.202957	0.000000


98.202957	15.000000
98.202957	7.500000
98.202957	0.000000


99.202957	15.000000
99.202957	7.500000
99.202957	0.000000


100.202957	15.000000
100.202957	7.500000
100.202957	0.000000


101.202957	15.000000
101.202957	7.500000
101.202957	0.000000


102.202957	15.000000
102.202957	7.500000
102.202957	0.000000


103.202957	15.000000
103.202957	7.500000
103.202957	0.000000


104.202957	15.000000
104.202957	7.500000
104.202957	0.000000


105.202957	15.000000
105.202957	7.500000
105.202957	0.000000


106.202957	15.000000
106.202957	7.500000
106.202957	0.000000


107.202957	15.000000
107.202957	7.500000
107.202957	0.000000


108.202957	15.000000
108.202957	7.500000
108.202957	0.000000


109.202957	15.000000
109.202957	7.500000
109.202957	0.000000


110.202957	15.000000
110.202957	7.500000
110.202957	0.000000


111.202957	15.000000
111.202957	7.500000
111.202957	0.000000


112.202957	15.000000
112.202957	7.500000
112.202957	0.000000


113.202957	15.000000
113.202957	7.500000
113.202957	0.000000


114.202957	15.000000
114.202957	7.500000
114.202957	0.000000


115.202957	15.000000
115.202957	7.500000
115.202957	0.000000


116.202957	15.000000
116.202957	7.500000
116.202957	0.000000


117.202957	15.000000
117.202957	7.500000
117.202957	0.000000


118.202957	15.000000
118.202957	7.500000
118.202957	0.000000


119.202957	15.000000
119.202957	7.500000
119.202957	0.000000


120.202957	15.000000
120.202957	7.500000
120.202957	0.000000


121.202957	15.000000
121.202957	7.500000
121.202957	0.000000


122.202957	15.000000
122.202957	7.500000
122.202957	0.000000


123.202957	15.000000
123.202957	7.500000
123.202957	0.000000


124.202957	15.000000
124.202957	7.500000
124.202957	0.000000


125.202957	15.000000
125.202957	7.500000
125.202957	0.000000


126.202957	15.000000
126.202957	7.500000
126.202957	0.000000


127.202957	15.000000
127.202957	7.500000
127.202957	0.000000


128.202957	15.000000
128.202957	7.500000
128.202957	0.000000


129.202957	15.000000
129.202957	7.500000
129.202957	0.000000


130.202957	15.000000
130.202957	7.500000
130.202957	0.000000


131.202957	15.000000
131.202957	7.500000
131.202957	0.000000


132.202957	15.000000
132.202957	7.500000
132.202957	0.000000


133.202957	15.000000
133.202957	7.500000
133.202957	0.000000


134.202957	15.000000
134.202957	7.500000
134.202957	0.000000


135.202957	15.000000
135.202957	7.500000
135.202957	0.000000


136.202957	15.000000
136.202957	7.500000
136.202957	0.000000


137.318379	14.991481
137.202918	7.492370
137.087457	-0.006741


138.434556	14.965624
138.202640	7.469211
137.970723	-0.027202


139.550197	14.922435
139.201881	7.430528
138.853565	-0.061379


140.665033	14.861925
140.200401	7.376330
139.735770	-0.109264


141.778794	14.784106
141.197959	7.306631
140.617125	-0.170844


142.891212	14.689000
142.194315	7.221447
141.497417	-0.246105


144.002019	14.576627
143.189227	7.120799
142.376434	-0.335028


145.110947	14.447016
144.182455	7.004711
143.253963	-0.437593


146.217728	14.300198
145.173761	6.873212
144.129794	-0.553775


147.322096	14.136209
146.162906	6.726331
145.003715	-0.683546


148.423783	13.955087
147.149649	6.564107
145.875516	-0.826873


149.522524	13.756876
148.133754	6.386576
146.744984	-0.983724


150.618054	13.541625
149.114983	6.193783
147.611912	-1.154059


151.710110	13.309384
150.093100	5.985773
148.476090	-1.337838


152.798426	13.060212
151.067868	5.762598
149.337310	-1.535016


153.882741	12.794166
152.039052	5.524310
150.195363	-1.745547


154.962794	12.511312
153.006418	5.270967
151.050043	-1.969378


156.038323	12.211718
153.969733	5.002631
151.901143	-2.206456


157.109069	11.895455
154.928764	4.719365
152.748459	-2.456725


158.174775	11.562601
155.883280	4.421239
153.591785	-2.720123


159.235182	11.213236
156.833051	4.108324
154.430919	-2.996587


160.290036	10.847443
157.777847	3.780697
155.265658	-3.286050


161.339081	10.465312
158.717441	3.438434
156.095801	-3.588443


162.382064	10.066934
159.651606	3.081621
156.921147	-3.903692


163.418735	9.652405
160.580116	2.710341
157.741497	-4.231722


164.448842	9.221825
161.502748	2.324686
158.556654	-4.572453


165.472138	8.775299
162.419279	1.924748
159.366421	-4.925803


166.488375	8.312934
163.329488	1.510623
160.170601	-5.291688


167.497309	7.834842
164.233156	1.082412
160.969003	-5.670018


168.498696	7.341137
165.130064	0.640217
161.761432	-6.060702


169.492294	6.831939
166.019996	0.184146
162.547698	-6.463646


170.477864	6.307371
166.902737	-0.285692
163.327611	-6.878754


171.455168	5.767559
167.778075	-0.769183
164.100982	-7.305924


172.423970	5.212634
168.645798	-1.266210
164.867626	-7.745054


173.384037	4.642729
169.505697	-1.776655
165.627358	-8.196038


174.335137	4.057982
170.357565	-2.300393
166.379993	-8.658767


175.277040	3.458534
171.201196	-2.837298
167.125351	-9.133129


176.209520	2.844529
172.036386	-3.387241
167.863252	-9.619010


177.132351	2.216116
172.862934	-3.950089
168.593517	-10.116293


178.045310	1.573446
173.680641	-4.525706
169.315971	-10.624858


178.948179	0.916675
174.489309	-5.113954
170.030440	-11.144582


179.840738	0.245960
175.288744	-5.714690
170.736750	-11.675340


180.722772	-0.438536
176.078752	-6.327770
171.434732	-12.217004


181.594069	-1.136649
176.859143	-6.953046
172.124217	-12.769443


182.454419	-1.848209
177.629729	-7.590366
172.805039	-13.332523


183.303613	-2.573046
178.390323	-8.239578
173.477034	-13.906110


184.141448	-3.310985
179.140743	-8.900524
174.140039	-14.490064


184.967720	-4.061846
179.880807	-9.573045
174.793894	-15.084245


185.782232	-4.825451
180.610337	-10.256980
175.438443	-15.688509


186.584785	-5.601613
181.329157	-10.952162
176.073529	-16.302711


187.375187	-6.390146
182.037093	-11.658424
176.698999	-16.926702


188.153247	-7.190860
182.733975	-12.375596
177.314703	-17.560333


188.918777	-8.003562
183.419634	-13.103505
177.920491	-18.203449


189.671592	-8.828055
184.093905	-13.841976
178.516218	-18.855897


190.411512	-9.664140
184.756626	-14.590829
179.101739	-19.517518


191.138357	-10.511616
185.407636	-15.349885
179.676915	-20.188153


191.851952	-11.370279
186.046779	-16.118960
180.241605	-20.867640


192.552125	-12.239922
186.673900	-16.897868
180.795674	-21.555815


193.238707	-13.120333
187.288848	-17.686423
181.338989	-22.252513


193.911532	-14.011302
187.891475	-18.484434
181.871417	-22.957565


194.570439	-14.912614
188.481635	-19.291707
182.392831	-23.670801


195.215268	-15.824050
189.059186	-20.108050
182.903104	-24.392050


195.845863	-16.745391
189.623989	-20.933263
183.402114	-25.121136


196.462073	-17.676414
190.175907	-21.767149
183.889741	-25.857885


197.063749	-18.616896
190.714808	-22.609507
184.365866	-26.602118


197.650746	-19.566609
191.240561	-23.460132
184.830375	-27.353656


198.222922	-20.525324
191.753039	-24.318821
185.283156	-28.112318


198.780139	-21.492810
192.252119	-25.185365
185.724100	-28.877920


199.322262	-22.468834
192.737681	-26.059556
186.153099	-29.650278


199.849162	-23.453159
193.209607	-26.941183
186.570052	-30.429207


200.360710	-24.445549
193.667783	-27.830033
186.974856	-31.214516


200.856784	-25.445765
194.112099	-28.725892
187.367415	-32.006019


201.337263	-26.453564
194.542448	-29.628543
187.747634	-32.803522


201.802032	-27.468704
194.958726	-30.537769
188.115420	-33.606835


202.250979	-28.490940
195.360833	-31.453351
188.470686	-34.415763


202.683996	-29.520025
195.748671	-32.375068
188.813346	-35.230111


203.100977	-30.555712
196.122147	-33.302697
189.143317	-36.049682


203.501823	-31.597750
196.481171	-34.236015
189.460519	-36.874280


203.886436	-32.645887
196.825656	-35.174796
189.764875	-37.703704


204.254725	-33.699872
197.155519	-36.118814
190.056314	-38.537756


204.606599	-34.759449
197.470681	-37.067841
190.334763	-39.376233


204.941975	-35.824364
197.771066	-38.021649
190.600156	-40.218934


205.260771	-36.894359
198.056600	-38.980007
190.852430	-41.065655


205.562910	-37.969176
198.327216	-39.942684
191.091522	-41.916192


205.848320	-39.048556
198.582848	-40.909447
191.317376	-42.770339


206.116931	-40.132238
198.823434	-41.880065
191.529937	-43.627892


206.368679	-41.219962
199.048916	-42.854302
191.729153	-44.488642


206.603504	-42.311464
199.259240	-43.831923
191.914977	-45.352382


206.821348	-43.406482
199.454356	-44.812693
192.087364	-46.218905


207.022158	-44.504751
199.634215	-45.796375
192.246272	-47.088000


207.205888	-45.606006
199.798775	-46.782732
192.391663	-47.959458


207.372491	-46.709982
199.947996	-47.771526
192.523501	-48.833070


207.520844	-47.807807
200.081861	-48.762510
192.642878	-49.717213


207.640239	-48.684895
200.216742	-49.753362
192.793245	-50.821829


207.773046	-49.560053
200.366775	-50.742033
192.960504	-51.924014


207.919234	-50.433075
200.531924	-51.728292
193.144615	-53.023509


208.078769	-51.303756
200.712152	-52.711907
193.345536	-54.120058


208.251614	-52.171894
200.907417	-53.692648
193.563219	-55.213402


208.437728	-53.037284
201.117671	-54.670285
193.797614	-56.303285


208.637068	-53.899723
201.342866	-55.644588
194.048665	-57.389453


208.849586	-54.759010
201.582950	-56.615330
194.316314	-58.471650


209.075234	-55.614943
201.837866	-57.582284
194.600498	-59.549624


209.313958	-56.467322
202.107554	-58.545221
194.901150	-60.623121


209.565702	-57.315946
202.391951	-59.503918
195.218200	-61.691889


209.830407	-58.160617
202.690990	-60.458148
195.551573	-62.755679


210.108012	-59.001137
203.004602	-61.407689
195.901192	-63.814241


210.398451	-59.837309
203.332713	-62.352318
196.266975	-64.867328


210.701656	-60.668937
203.675245	-63.291814
196.648835	-65.914691


211.017555	-61.495826
204.032119	-64.225956
197.046683	-66.956086


211.346076	-62.317782
204.403252	-65.154525
197.460427	-67.991269


211.687141	-63.134613
204.788555	-66.077305
197.889969	-69.019996


212.040670	-63.946128
205.187939	-66.994078
198.335208	-70.042028


212.406580	-64.752135
205.601310	-67.904630
198.796040	-71.057125


212.784786	-65.552447
206.028572	-68.808747
199.272358	-72.065048


213.175199	-66.346875
206.469624	-69.706218
199.764048	-73.065561


213.577727	-67.135233
206.924362	-70.596832
200.270998	-74.058431


213.992276	-67.917338
207.392681	-71.480381
200.793086	-75.043423


214.418749	-68.693005
207.874470	-72.356657
201.330192	-76.020309


214.857045	-69.462052
208.369617	-73.225455
201.882189	-76.988857


215.307063	-70.224300
208.878005	-74.086571
202.448947	-77.948843


215.768697	-70.979570
209.399516	-74.939805
203.030335	-78.900039


216.241839	-71.727684
209.934027	-75.784955
203.626216	-79.842225


216.726377	-72.468468
210.481413	-76.621823
204.236450	-80.775178


217.222198	-73.201748
211.041546	-77.450214
204.860894	-81.698681


217.729186	-73.927352
211.614294	-78.269934
205.499401	-82.612516


218.247223	-74.645110
212.199523	-79.080790
206.151823	-83.516470


218.776186	-75.354854
212.797096	-79.882592
206.818007	-84.410331


219.315952	-76.056417
213.406873	-80.675153
207.497795	-85.293889


219.866394	-76.749636
214.028712	-81.458286
208.191029	-86.166937


220.427383	-77.434346
214.662465	-82.231809
208.897547	-87.029271


220.998789	-78.110389
215.307986	-82.995539
209.617182	-87.880689


221.580476	-78.777606
215.965121	-83.749298
210.349767	-88.720990


222.172309	-79.435840
216.633719	-84.492910
211.095129	-89.549979


222.774148	-80.084937
217.313621	-85.226199
211.853094	-90.367460


223.385854	-80.724746
218.004669	-85.948994
212.623485	-91.173243


224.007282	-81.355115
218.706701	-86.661127
213.406119	-91.967139


224.660857	-81.998280
219.419331	-87.362646
214.177805	-92.727012


225.442448	-82.772220
220.129902	-88.066261
214.817356	-93.360302


226.213656	-83.556506
220.831034	-88.779282
215.448411	-94.002059


226.974345	-84.351001
221.522601	-89.501584
216.070858	-94.652167


227.724379	-85.155561
222.204482	-90.233037
216.684586	-95.310513


228.463624	-85.970046
222.876555	-90.973512
217.289487	-95.976979


229.191950	-86.794309
223.538701	-91.722878
217.885452	-96.651447


229.909227	-87.628204
224.190802	-92.481000
218.472377	-97.333797


230.615328	-88.471584
224.832742	-93.247746
219.050156	-98.023907


231.310127	-89.324299
225.464407	-94.022977
219.618688	-98.721656


231.993501	-90.186197
226.085686	-94.806558
220.177871	-99.426919


232.665329	-91.057125
226.696467	-95.598348
220.727606	-100.139571


233.325491	-91.936928
227.296643	-96.398207
221.267795	-100.859485


233.973871	-92.825451
227.886107	-97.205993
221.798343	-101.586534


234.610352	-93.722535
228.464754	-98.021562
222.319155	-102.320589


235.234822	-94.628021
229.032481	-98.844770
222.830139	-103.061519


235.847171	-95.541748
229.589187	-99.675470
223.331203	-103.809193


236.447288	-96.463555
230.134774	-100.513516
223.822260	-104.563477


237.035068	-97.393277
230.669145	-101.358757
224.303222	-105.324238


237.610407	-98.330749
231.192205	-102.211045
224.774002	-106.091341


238.173201	-99.275805
231.703860	-103.070227
225.234519	-106.864649


238.723352	-100.228276
232.204021	-103.936151
225.684690	-107.644026


239.260762	-101.187995
232.692598	-104.808663
226.124434	-108.429332


239.785334	-102.154789
233.169504	-105.687609
226.553675	-109.220429


240.296976	-103.128489
233.634656	-106.572832
226.972335	-110.017176


240.795598	-104.108920
234.087969	-107.464175
227.380341	-110.819430


241.281109	-105.095908
234.529364	-108.361480
227.777619	-111.627051


241.753425	-106.089279
234.958763	-109.264587
228.164100	-112.439894


242.212462	-107.088856
235.376088	-110.173336
228.539715	-113.257816


242.658137	-108.094461
235.781267	-111.087565
228.904397	-114.080670


243.090372	-109.105916
236.174226	-112.007113
229.258080	-114.908310


243.509090	-110.123041
236.554897	-112.931816
229.600704	-115.740591


243.914216	-111.145656
236.923211	-113.861510
229.932206	-116.577363


244.305680	-112.173579
237.279103	-114.796029
230.252527	-117.418479


244.683410	-113.206627
237.622511	-115.735208
230.561612	-118.263788


245.047340	-114.244617
237.953372	-116.678879
230.859404	-119.113142


245.397406	-115.287364
238.271629	-117.626876
231.145851	-119.966388


245.733545	-116.334684
238.577224	-118.579030
231.420903	-120.823376


246.055697	-117.386390
238.870104	-119.535172
231.684510	-121.683953


246.363806	-118.442296
239.150216	-120.495131
231.936625	-122.547966


246.657816	-119.502214
239.417510	-121.458738
232.177205	-123.415263


246.933271	-120.547969
239.672147	-122.425765
232.411023	-124.303561


247.183644	-121.516118
239.922520	-123.393914
232.661396	-125.271711


247.434016	-122.484268
240.172892	-124.362064
232.911768	-126.239860


247.684389	-123.452417
240.423265	-125.330213
233.162141	-127.208010


247.934762	-124.420567
240.673637	-126.298363
233.412513	-128.176159


248.185134	-125.388716
240.924010	-127.266512
233.662885	-129.144309


248.435507	-126.356865
241.174383	-128.234662
233.913258	-130.112458


248.685880	-127.325015
241.424755	-129.202811
234.163630	-131.080608


248.936253	-128.293164
241.675128	-130.170961
234.414003	-132.048757


249.186625	-129.261314
241.925500	-131.139110
234.664375	-133.016907


249.436998	-130.229463
242.175873	-132.107260
234.914748	-133.985056


249.687371	-131.197613
242.426245	-133.075409
235.165120	-134.953206


249.937743	-132.165762
242.676618	-134.043559
235.415492	-135.921356


250.188116	-133.133912
242.926990	-135.011708
235.665865	-136.889505


250.438489	-134.102061
243.177363	-135.979858
235.916237	-137.857655


250.688862	-135.070211
243.427736	-136.948007
236.166610	-138.825804


250.939234	-136.038360
243.678108	-137.916157
236.416982	-139.793954


251.189607	-137.006510
243.928481	-138.884306
236.667354	-140.762103


251.439980	-137.974659
244.178853	-139.852456
236.917727	-141.730253


251.690352	-138.942809
244.429226	-140.820606
237.168099	-142.698402


251.940725	-139.910958
244.679598	-141.788755
237.418472	-143.666552


252.191098	-140.879108
244.929971	-142.756905
237.668844	-144.634702


252.441471	-141.847257
245.180343	-143.725054
237.919216	-145.602851


252.691843	-142.815406
245.430716	-144.693204
238.169589	-146.571001


252.942216	-143.783556
245.681089	-145.661353
238.419961	-147.539150


253.192589	-144.751705
245.931461	-146.629503
238.670334	-148.507300


253.442961	-145.719855
246.181834	-147.597652
238.920706	-149.475449


253.693334	-146.688004
246.432206	-148.565802
239.171078	-150.443599


253.943707	-147.656154
246.682579	-149.533951
239.421451	-151.411748


254.194080	-148.624303
246.932951	-150.502101
239.671823	-152.379898


254.444452	-149.592453
247.183324	-151.470250
239.922196	-153.348047


254.694825	-150.560602
247.433697	-152.438400
240.172568	-154.316197


254.945198	-151.528752
247.684069	-153.406549
240.422940	-155.284347


255.195570	-152.496901
247.934442	-154.374699
240.673313	-156.252496


255.445943	-153.465051
248.184814	-155.342848
240.923685	-157.220646


255.696316	-154.433200
248.435187	-156.310998
241.174058	-158.188795


255.946689	-155.401350
248.685559	-157.279147
241.424430	-159.156945


256.197061	-156.369499
248.935932	-158.247297
241.674802	-160.125094


256.447434	-157.337649
249.186304	-159.215446
241.925175	-161.093244


256.697807	-158.305798
249.436677	-160.183596
242.175547	-162.061393


256.948180	-159.273948
249.687050	-161.151745
242.425920	-163.029543


257.198552	-160.242097
249.937422	-162.119895
242.676292	-163.997693


257.448925	-161.210246
250.187795	-163.088044
242.926665	-164.965842


257.699298	-162.178396
250.438167	-164.056194
243.177037	-165.933992


257.949670	-163.146545
250.688540	-165.024343
243.427409	-166.902141


258.200043	-164.114695
250.938912	-165.992493
243.677782	-167.870291


258.450416	-165.082844
251.189285	-166.960642
243.928154	-168.838440


258.700789	-166.050994
251.439658	-167.928792
244.178527	-169.806590


258.951161	-167.019143
251.690030	-168.896941
244.428899	-170.774739


259.201534	-167.987293
251.940403	-169.865091
244.679271	-171.742889


259.451907	-168.955442
252.190775	-170.833240
244.929644	-172.711038


259.702279	-169.923592
252.441148	-171.801390
245.180016	-173.679188


259.952652	-170.891741
252.691520	-172.769539
245.430389	-174.647338


260.203025	-171.859891
252.941893	-173.737689
245.680761	-175.615487


260.453398	-172.828040
253.192265	-174.705838
245.931133	-176.583637


260.703770	-173.796190
253.442638	-175.673988
246.181506	-177.551786


260.954143	-174.764339
253.693011	-176.642137
246.431878	-178.519936


261.204516	-175.732489
253.943383	-177.610287
246.682251	-179.488085


261.454888	-176.700638
254.193756	-178.578436
246.932623	-180.456235


261.705261	-177.668787
254.444128	-179.546586
247.182995	-181.424384


261.955634	-178.636937
254.694501	-180.514735
247.433368	-182.392534


262.206007	-179.605086
254.944873	-181.482885
247.683740	-183.360684


262.456379	-180.573236
255.195246	-182.451034
247.934113	-184.328833


262.706752	-181.541385
255.445619	-183.419184
248.184485	-185.296983


262.957125	-182.509535
255.695991	-184.387333
248.434857	-186.265132


263.207497	-183.477684
255.946364	-185.355483
248.685230	-187.233282


263.457870	-184.445834
256.196736	-186.323633
248.935602	-188.201431


263.708243	-185.413983
256.447109	-187.291782
249.185975	-189.169581


263.958616	-186.382133
256.697481	-188.259932
249.436347	-190.137730


264.208988	-187.350282
256.947854	-189.228081
249.686719	-191.105880


264.459361	-188.318432
257.198226	-190.196231
249.937092	-192.074029


264.709734	-189.286581
257.448599	-191.164380
250.187464	-193.042179


264.960106	-190.254731
257.698972	-192.132530
250.437837	-194.010329


265.210479	-191.222880
257.949344	-193.100679
250.688209	-194.978478


265.460852	-192.191030
258.199717	-194.068829
250.938581	-195.946628


265.711225	-193.159179
258.450089	-195.036978
251.188954	-196.914777


265.961597	-194.127328
258.700462	-196.005128
251.439326	-197.882927


266.211970	-195.095478
258.950834	-196.973277
251.689699	-198.851076


266.462343	-196.063627
259.201207	-197.941427
251.940071	-199.819226


266.712715	-197.031777
259.451580	-198.909576
252.190444	-200.787375


266.963088	-197.999926
259.701952	-199.877726
252.440816	-201.755525


267.213461	-198.968076
259.952325	-200.845875
252.691188	-202.723675


267.463834	-199.936225
260.202697	-201.814025
252.941561	-203.691824


267.714206	-200.904375
260.453070	-202.782174
253.191933	-204.659974


267.964579	-201.872524
260.703442	-203.750324
253.442306	-205.628123


268.214952	-202.840674
260.953815	-204.718473
253.692678	-206.596273


268.465325	-203.808823
261.204187	-205.686623
253.943050	-207.564422


268.715697	-204.776973
261.454560	-206.654772
254.193423	-208.532572


268.966070	-205.745122
261.704933	-207.622922
254.443795	-209.500721


269.216443	-206.713272
261.955305	-208.591071
254.694168	-210.468871


269.466815	-207.681421
262.205678	-209.559221
254.944540	-211.437020


269.717188	-208.649571
262.456050	-210.527370
255.194912	-212.405170


269.967561	-209.617720
262.706423	-211.495520
255.445285	-213.373320


270.217934	-210.585870
262.956795	-212.463669
255.695657	-214.341469


270.468306	-211.554019
263.207168	-213.431819
255.946030	-215.309619


270.718679	-212.522168
263.457540	-214.399968
256.196402	-216.277768


270.969052	-213.490318
263.707913	-215.368118
256.446774	-217.245918


271.219424	-214.458467
263.958286	-216.336267
256.697147	-218.214067


271.462283	-215.396355
264.209013	-217.304325
256.955743	-219.212294


271.681104	-216.190108
264.474772	-218.268341
257.268440	-220.346573


271.918554	-216.978489
264.763156	-219.225832
257.607758	-221.473175


272.174502	-217.761060
265.074006	-220.176267
257.973510	-222.591474


272.448806	-218.537387
265.407150	-221.119119
258.365493	-223.700851


272.741315	-219.307040
265.762402	-222.053865
258.783490	-224.800691


273.051865	-220.069591
266.139567	-222.979987
259.227268	-225.890383


273.380285	-220.824619
266.538434	-223.896971
259.696583	-226.969323


273.726392	-221.571704
266.958783	-224.804309
260.191173	-228.036913


274.089995	-222.310433
267.400380	-225.701497
260.710764	-229.092561


274.470892	-223.040394
267.862981	-226.588038
261.255069	-230.135682


274.868872	-223.761185
268.346328	-227.463441
261.823785	-231.165696


275.283713	-224.472404
268.850155	-228.327219
262.416597	-232.182034


275.715187	-225.173658
269.374181	-229.178895
263.033176	-233.184131


276.163053	-225.864558
269.918117	-230.017995
263.673180	-234.171432


276.627064	-226.544720
270.481659	-230.844054
264.336255	-235.143388


277.106962	-227.213768
271.064497	-231.656615
265.022032	-236.099462


277.602480	-227.871330
271.666306	-232.455226
265.730132	-237.039123


278.113345	-228.517042
272.286754	-233.239446
266.460162	-237.961850


278.639273	-229.150545
272.925495	-234.008838
267.211717	-238.867131


279.179972	-229.771489
273.582176	-234.762977
267.984379	-239.754464


279.735142	-230.379529
274.256432	-235.501443
268.777722	-240.623357


280.304476	-230.974328
274.947890	-236.223828
269.591304	-241.473329


280.887658	-231.555555
275.656166	-236.929732
270.424675	-242.303908


281.484364	-232.122890
276.380868	-237.618762
271.277372	-243.114633


282.094263	-232.676017
277.121593	-238.290536
272.148923	-243.905055


282.805897	-233.295322
277.875771	-238.947203
272.945645	-244.599084


283.637555	-234.031664
278.624472	-239.610097
273.611390	-245.188529


284.458244	-234.780212
279.363299	-240.283978
274.268354	-245.787744


285.267785	-235.540802
280.092090	-240.968701
274.916395	-246.396599


286.066002	-236.313268
280.810687	-241.664115
275.555371	-247.014961


286.852721	-237.097442
281.518931	-242.370069
276.185141	-247.642696


287.627769	-237.893152
282.216669	-243.086408
276.805570	-248.279665


288.390977	-238.700225
282.903749	-243.812978
277.416521	-248.925730


289.142180	-239.518485
283.580020	-244.549618
278.017861	-249.580750


289.881212	-240.347753
284.245336	-245.296168
278.609459	-250.244582


290.607913	-241.187849
284.899550	-246.052465
279.191186	-250.917081


291.322124	-242.038587
285.542520	-246.818344
279.762915	-251.598101


292.023690	-242.899784
286.174105	-247.593638
280.324520	-252.287492


292.712457	-243.771252
286.794168	-248.378178
280.875880	-252.985105


293.388274	-244.652799
287.402574	-249.171793
281.416875	-253.690786


293.996160	-245.460218
288.004018	-249.970686
282.011876	-254.481153


294.597555	-246.259170
288.605413	-250.769638
282.613271	-255.280105


295.198950	-247.058122
289.206808	-251.568589
283.214666	-256.079057


295.800345	-247.857074
289.808203	-252.367541
283.816061	-256.878009


296.401740	-248.656025
290.409598	-253.166493
284.417457	-257.676960


297.003135	-249.454977
291.010993	-253.965445
285.018852	-258.475912


297.604530	-250.253929
291.612388	-254.764396
285.620247	-259.274864


298.205925	-251.052881
292.213783	-255.563348
286.221642	-260.073816


298.807320	-251.851832
292.815179	-256.362300
286.823037	-260.872767


299.408715	-252.650784
293.416574	-257.161252
287.424432	-261.671719


300.010110	-253.449736
294.017969	-257.960203
288.025827	-262.470671


300.611505	-254.248687
294.619364	-258.759155
288.627222	-263.269623


301.212901	-255.047639
295.220759	-259.558107
289.228617	-264.068574


301.814296	-255.846591
295.822154	-260.357058
289.830012	-264.867526


302.415691	-256.645543
296.423549	-261.156010
290.431407	-265.666478


303.017086	-257.444494
297.024944	-261.954962
291.032802	-266.465429


303.618481	-258.243446
297.626339	-262.753914
291.634197	-267.264381


304.219876	-259.042398
298.227734	-263.552865
292.235592	-268.063333


304.821271	-259.841350
298.829129	-264.351817
292.836987	-268.862285


305.422666	-260.640301
299.430524	-265.150769
293.438383	-269.661236


306.024061	-261.439253
300.031919	-265.949721
294.039778	-270.460188


306.625456	-262.238205
300.633314	-266.748672
294.641173	-271.259140


307.226851	-263.037156
301.234709	-267.547624
295.242568	-272.058092


307.828246	-263.836108
301.836105	-268.346576
295.843963	-272.857043


308.429641	-264.635060
302.437500	-269.145527
296.445358	-273.655995


309.031036	-265.434012
303.038895	-269.944479
297.046753	-274.454947


309.632431	-266.232963
303.640290	-270.743431
297.648148	-275.253898


310.233827	-267.031915
304.241685	-271.542383
298.249543	-276.052850


310.835222	-267.830867
304.843080	-272.341334
298.850938	-276.851802


311.436617	-268.629819
305.444475	-273.140286
299.452333	-277.650754


312.038012	-269.428770
306.045870	-273.939238
300.053728	-278.449705


312.639407	-270.227722
306.647265	-274.738190
300.655123	-279.248657


313.240802	-271.026674
307.248660	-275.537141
301.256518	-280.047609


313.842197	-271.825626
307.850055	-276.336093
301.857913	-280.846561


314.443592	-272.624577
308.451450	-277.135045
302.459309	-281.645512


315.044987	-273.423529
309.052845	-277.933996
303.060704	-282.444464


315.646382	-274.222481
309.654240	-278.732948
303.662099	-283.243416


316.247777	-275.021432
310.255635	-279.531900
304.263494	-284.042367


316.849172	-275.820384
310.857031	-280.330852
304.864889	-284.841319


317.450567	-276.619336
311.458426	-281.129803
305.466284	-285.640271


318.051962	-277.418288
312.059821	-281.928755
306.067679	-286.439223


318.653357	-278.217239
312.661216	-282.727707
306.669074	-287.238174


319.254753	-279.016191
313.262611	-283.526659
307.270469	-288.037126


319.856148	-279.815143
313.864006	-284.325610
307.871864	-288.836078


320.457543	-280.614095
314.465401	-285.124562
308.473259	-289.635030


321.058938	-281.413046
315.066796	-285.923514
309.074654	-290.433981


321.660333	-282.211998
315.668191	-286.722466
309.676049	-291.232933


322.261728	-283.010950
316.269586	-287.521417
310.277444	-292.031885


322.863123	-283.809901
316.870981	-288.320369
310.878839	-292.830837


323.464518	-284.608853
317.472376	-289.119321
311.480235	-293.629788


324.065913	-285.407805
318.073771	-289.918272
312.081630	-294.428740


324.667308	-286.206757
318.675166	-290.717224
312.683025	-295.227692


325.268703	-287.005708
319.276561	-291.516176
313.284420	-296.026643


325.870098	-287.804660
319.877957	-292.315128
313.885815	-296.825595


326.471493	-288.603612
320.479352	-293.114079
314.487210	-297.624547


327.072888	-289.402564
321.080747	-293.913031
315.088605	-298.423499


327.674283	-290.201515
321.682142	-294.711983
315.690000	-299.222450


328.275678	-291.000467
322.283537	-295.510935
316.291395	-300.021402


328.877074	-291.799419
322.884932	-296.309886
316.892790	-300.820354


329.478469	-292.598370
323.486327	-297.108838
317.494185	-301.619306


330.079864	-293.397322
324.087722	-297.907790
318.095580	-302.418257


330.681259	-294.196274
324.689117	-298.706741
318.696975	-303.217209


331.282654	-294.995226
325.290512	-299.505693
319.298370	-304.016161


331.884049	-295.794177
325.891907	-300.304645
319.899765	-304.815112


332.485444	-296.593129
326.493302	-301.103597
320.501161	-305.614064


333.086839	-297.392081
327.094697	-301.902548
321.102556	-306.413016


333.688234	-298.191033
327.696092	-302.701500
321.703951	-307.211968


334.289629	-298.989984
328.297487	-303.500452
322.305346	-308.010919


334.891024	-299.788936
328.898883	-304.299404
322.906741	-308.809871


335.492419	-300.587888
329.500278	-305.098355
323.508136	-309.608823


336.093814	-301.386839
330.101673	-305.897307
324.109531	-310.407775


336.695209	-302.185791
330.703068	-306.696259
324.710926	-311.206726


337.296604	-302.984743
331.304463	-307.495210
325.312321	-312.005678


337.898000	-303.783695
331.905858	-308.294162
325.913716	-312.804630


338.499395	-304.582646
332.507253	-309.093114
326.515111	-313.603581


339.100790	-305.381598
333.108648	-309.892066
327.116506	-314.402533


339.702185	-306.180550
333.710043	-310.691017
327.717901	-315.201485


340.303580	-306.979502
334.311438	-311.489969
328.319296	-316.000437


340.904975	-307.778453
334.912833	-312.288921
328.920691	-316.799388


341.506370	-308.577405
335.514228	-313.087873
329.522087	-317.598340


342.107765	-309.376357
336.115623	-313.886824
330.123482	-318.397292


342.709160	-310.175309
336.717018	-314.685776
330.724877	-319.196244


343.310555	-310.974260
337.318413	-315.484728
331.326272	-319.995195


343.911950	-311.773212
337.919808	-316.283680
331.927667	-320.794147


344.513345	-312.572164
338.521204	-317.082631
332.529062	-321.593099


345.114740	-313.371115
339.122599	-317.881583
333.130457	-322.392050


345.716135	-314.170067
339.723994	-318.680535
333.731852	-323.191002


346.317530	-314.969019
340.325389	-319.479486
334.333247	-323.989954


346.918926	-315.767971
340.926784	-320.278438
334.934642	-324.788906


347.520321	-316.566922
341.528179	-321.077390
335.536037	-325.587857


348.121716	-317.365874
342.129574	-321.876342
336.137432	-326.386809


348.723111	-318.164826
342.730969	-322.675293
336.738827	-327.185761


349.324506	-318.963778
343.332364	-323.474245
337.340222	-327.984713


349.876592	-319.688277
343.938466	-324.269625
338.000340	-328.850972


350.436995	-320.405742
344.554027	-325.057706
338.671060	-329.709671


351.005929	-321.116460
345.178960	-325.838377
339.351990	-330.560295


351.583315	-321.820331
345.813174	-326.611527
340.043034	-331.402723


352.169068	-322.517253
346.456581	-327.377044
340.744094	-332.236835


352.763106	-323.207127
347.109087	-328.134819
341.455068	-333.062512


353.365343	-323.889855
347.770600	-328.884745
342.175857	-333.879635


353.975694	-324.565339
348.441025	-329.626714
342.906356	-334.688089


354.594072	-325.233483
349.120267	-330.360621
343.646462	-335.487758


355.220388	-325.894191
349.808229	-331.086360
344.396069	-336.278528


355.854553	-326.547370
350.504812	-331.803828
345.155070	-337.060286


356.496476	-327.192925
351.209917	-332.512922
345.923357	-337.832919


357.146066	-327.830766
351.923443	-333.213542
346.700820	-338.596319


357.803230	-328.460799
352.645289	-333.905588
347.487347	-339.350376


358.467874	-329.082937
353.375351	-334.588960
348.282827	-340.094982


359.139904	-329.697090
354.113525	-335.263561
349.087147	-340.830032


359.819223	-330.303170
354.859707	-335.929294
349.900191	-341.555419


360.505735	-330.901091
355.613789	-336.586066
350.721843	-342.271041


361.199341	-331.490767
356.375663	-337.233781
351.551986	-342.976796


361.899942	-332.072114
357.145222	-337.872348
352.390502	-343.672582


362.607439	-332.645050
357.922355	-338.501676
353.237270	-344.358301


363.321731	-333.209492
358.706951	-339.121673
354.092171	-345.033855


364.042714	-333.765360
359.498898	-339.732253
354.955081	-345.699146


364.770288	-334.312575
360.298083	-340.333328
355.825878	-346.354081


365.504347	-334.851059
361.104393	-340.924812
356.704438	-346.998565


366.244788	-335.380734
361.917711	-341.506620
357.590635	-347.632507


366.991503	-335.901525
362.737923	-342.078671
358.484342	-348.255817


367.744387	-336.413357
363.564910	-342.640881
359.385433	-348.868404


368.503333	-336.916158
364.398555	-343.193171
360.293777	-349.470183


369.268231	-337.409857
365.238739	-343.735461
361.209247	-350.061066


370.038973	-337.894381
366.085342	-344.267675
362.131710	-350.640970


370.815449	-338.369663
366.938242	-344.789737
363.061036	-351.209811


371.597547	-338.835634
367.797320	-345.301572
363.997092	-351.767509


372.385157	-339.292228
368.662450	-345.803106
364.939744	-352.313984


373.178166	-339.739380
369.533511	-346.294269
365.888857	-352.849158


373.976460	-340.177025
370.410378	-346.774990
366.844296	-353.372955


374.779926	-340.605102
371.292926	-347.245201
367.805925	-353.885299


375.588449	-341.023550
372.181028	-347.704834
368.773607	-354.386118


376.401913	-341.432307
373.074558	-348.153824
369.747203	-354.875341


377.220203	-341.831317
373.973388	-348.592107
370.726574	-355.352896


378.043202	-342.220523
374.877391	-349.019620
371.711581	-355.818717


378.870791	-342.599868
375.786437	-349.436302
372.702082	-356.272737


379.702854	-342.969298
376.700396	-349.842094
373.697937	-356.714890


380.539271	-343.328762
377.619138	-350.236938
374.699004	-357.145114


381.379923	-343.678207
378.542531	-350.620777
375.705139	-357.563348


382.224690	-344.017583
379.470444	-350.993557
376.716199	-357.969531


383.073451	-344.346843
380.402745	-351.355225
377.732040	-358.363606


383.926085	-344.665939
381.339301	-351.705728
378.752516	-358.745517


384.782470	-344.974825
382.279976	-352.045017
379.777482	-359.115208


385.642485	-345.273459
383.224639	-352.373043
380.806792	-359.472627


386.506007	-345.561796
384.173153	-352.689760
381.840299	-359.817724


387.372911	-345.839796
385.125383	-352.995122
382.877854	-360.150448


388.243075	-346.107419
386.081193	-353.289086
383.919311	-360.470753


389.116374	-346.364626
387.040447	-353.571610
384.964520	-360.778593


389.992684	-346.611382
388.003008	-353.842653
386.013333	-361.073923


390.871879	-346.847651
388.968739	-354.102177
387.065598	-361.356702


391.753834	-347.073400
389.937501	-354.350144
388.121168	-361.626889


392.638424	-347.288595
390.909157	-354.586520
389.179889	-361.884446


393.525521	-347.493206
391.883567	-354.811271
390.241613	-362.129335


394.414999	-347.687205
392.860593	-355.024364
391.306186	-362.361523


395.306732	-347.870563
393.840095	-355.225769
392.373457	-362.580975


396.200592	-348.043254
394.821933	-355.415457
393.443274	-362.787661


397.096451	-348.205254
395.805967	-355.593402
394.515484	-362.981550


397.994181	-348.356539
396.792058	-355.759578
395.589934	-363.162616


398.893655	-348.497088
397.780063	-355.913961
396.666470	-363.330833


399.794744	-348.626881
398.769842	-356.056528
397.744940	-363.486175


400.697319	-348.745899
399.761254	-356.187261
398.825188	-363.628622


401.601252	-348.854126
400.754156	-356.306140
399.907061	-363.758153


402.506413	-348.951545
401.748409	-356.413147
400.990404	-363.874750


403.412674	-349.038143
402.743868	-356.508269
402.075063	-363.978395


404.319904	-349.113908
403.740393	-356.591491
403.160883	-364.069074


405.227975	-349.178828
404.737842	-356.662801
404.247708	-364.146774


406.136757	-349.232895
405.736071	-356.722190
405.335385	-364.211484


407.046119	-349.276101
406.734938	-356.769648
406.423757	-364.263195


407.955933	-349.308439
407.734301	-356.805169
407.512669	-364.301899


408.866069	-349.329906
408.734017	-356.828748
408.601965	-364.327591


409.776396	-349.340497
409.733943	-356.840382
409.691491	-364.340267


410.686784	-349.340212
410.733937	-356.840069
410.781091	-364.339926


411.597104	-349.329050
411.733856	-356.827808
411.870608	-364.326567


412.507226	-349.307013
412.733557	-356.803602
412.959889	-364.300192


413.417020	-349.274104
413.732898	-356.767454
414.048776	-364.260805


414.326355	-349.230328
414.731735	-356.719370
415.137116	-364.208412


415.235103	-349.175691
415.729927	-356.659356
416.224751	-364.143020


416.143133	-349.110202
416.727330	-356.587420
417.311528	-364.064638


417.050315	-349.033868
417.723803	-356.503573
418.397291	-363.973278


417.956521	-348.946702
418.719203	-356.407827
419.481884	-363.868953


418.861621	-348.848715
419.713388	-356.300196
420.565154	-363.751678


419.765486	-348.739922
420.706216	-356.180695
421.646946	-363.621468


420.667986	-348.620338
421.697545	-356.049341
422.727104	-363.478344


421.568994	-348.489980
422.687235	-355.906153
423.805476	-363.322325


422.468379	-348.348867
423.675143	-355.751150
424.881907	-363.153434


423.366015	-348.197019
424.661129	-355.584357
425.956243	-362.971694


424.261772	-348.034457
425.645052	-355.405795
427.028331	-362.777133


425.155523	-347.861206
426.626771	-355.215491
428.098018	-362.569776


426.047141	-347.677289
427.606146	-355.013472
429.165152	-362.349655


426.936497	-347.482733
428.583038	-354.799766
430.229579	-362.116800


427.823466	-347.277565
429.557307	-354.574405
431.291149	-361.871245


428.707920	-347.061815
430.528815	-354.337420
432.349709	-361.613024


429.589734	-346.835514
431.497421	-354.088845
433.405108	-361.342176


430.468781	-346.598694
432.462989	-353.828715
434.457197	-361.058737


431.344936	-346.351388
433.425380	-353.557069
435.505824	-360.762749


432.218073	-346.093633
434.384457	-353.273944
436.550840	-360.454255


433.088069	-345.825464
435.340082	-352.979381
437.592095	-360.133297


433.954799	-345.546921
436.292121	-352.673422
438.629442	-359.799922


434.818140	-345.258043
437.240436	-352.356110
439.662732	-359.454177


435.677967	-344.958870
438.184892	-352.027492
440.691818	-359.096113


436.534159	-344.649447
439.125355	-351.687613
441.716552	-358.725779


437.386593	-344.329816
440.061691	-351.336523
442.736789	-358.343229


438.235147	-344.000025
440.993765	-350.974271
443.752382	-357.948517


439.079701	-343.660118
441.921444	-350.600909
444.763187	-357.541700


439.920134	-343.310147
442.844597	-350.216491
445.769060	-357.122836


440.756325	-342.950159
443.763091	-349.821071
446.769857	-356.691984


441.588156	-342.580207
444.676795	-349.414706
447.765434	-356.249206


442.415508	-342.200343
445.585580	-348.997454
448.755651	-355.794566


443.238262	-341.810622
446.489314	-348.569375
449.740366	-355.328128


444.056302	-341.411099
447.387870	-348.130528
450.719437	-354.849958


444.869510	-341.001831
448.281118	-347.680978
451.692726	-354.360125


445.677770	-340.582877
449.168932	-347.220788
452.660094	-353.858700


446.480967	-340.154296
450.051184	-346.750024
453.621401	-353.345752


447.278987	-339.716150
450.927750	-346.268753
454.576512	-352.821357


448.071715	-339.268501
451.798502	-345.777045
455.525290	-352.285588


448.859039	-338.811414
452.663319	-345.274968
456.467599	-351.738522


449.640845	-338.344952
453.522075	-344.762595
457.403304	-351.180237


450.438982	-337.855848
454.374745	-344.240197
458.310508	-350.624546


451.387484	-337.280621
455.229785	-343.721651
459.072086	-350.162681


452.344268	-336.719278
456.092291	-343.215621
459.840313	-349.711964


453.309132	-336.171940
456.962080	-342.722216
460.615027	-349.272492


454.281870	-335.638720
457.838967	-342.241538
461.396064	-348.844356


455.262276	-335.119735
458.722767	-341.773692
462.183258	-348.427649


456.250142	-334.615092
459.613291	-341.318775
462.976441	-348.022458


457.245257	-334.124900
460.510351	-340.876885
463.775445	-347.628871


458.247410	-333.649263
461.413755	-340.448116
464.580100	-347.246969


459.256389	-333.188281
462.323312	-340.032558
465.390236	-346.876835


460.271979	-332.742054
463.238829	-339.630300
466.205680	-346.518547


461.293964	-332.310674
464.160111	-339.241428
467.026258	-346.172181


462.322128	-331.894235
465.086963	-338.866023
467.851798	-345.837811


463.356251	-331.492824
466.019187	-338.504166
468.682123	-345.515508


464.396115	-331.106527
466.956586	-338.155934
469.517057	-345.205340


465.441498	-330.735426
467.898960	-337.821400
470.356422	-344.907373


466.492179	-330.379599
468.846110	-337.500635
471.200041	-344.621671


467.547933	-330.039123
469.797834	-337.193708
472.047734	-344.348294


468.608538	-329.714069
470.753930	-336.900684
472.899322	-344.087300


469.673767	-329.404507
471.714195	-336.621625
473.754622	-343.838744


470.743395	-329.110502
472.678425	-336.356591
474.613454	-343.602680


471.817194	-328.832117
473.646415	-336.105637
475.475635	-343.379157


472.894936	-328.569411
474.617959	-335.868817
476.340983	-343.168224


473.976392	-328.322440
475.592852	-335.646182
477.209312	-342.969924


475.061332	-328.091255
476.570886	-335.437778
478.080439	-342.784300


476.149527	-327.875908
477.551853	-335.243650
478.954179	-342.611392


477.240744	-327.676442
478.535545	-335.063839
479.830346	-342.451236


478.334753	-327.492900
479.521754	-334.898383
480.708754	-342.303866


479.431320	-327.325322
480.510269	-334.747318
481.589217	-342.169313


480.530213	-327.173743
481.500880	-334.610675
482.471547	-342.047606


481.558589	-327.043719
482.492976	-334.485293
483.427363	-341.926867


482.550798	-326.919135
483.485185	-334.360709
484.419572	-341.802283


483.543006	-326.794550
484.477394	-334.236124
485.411781	-341.677698


484.535215	-326.669965
485.469602	-334.111540
486.403990	-341.553114


485.527424	-326.545381
486.461811	-333.986955
487.396198	-341.428529


486.519633	-326.420796
487.454020	-333.862370
488.388407	-341.303944


487.511842	-326.296212
488.446229	-333.737786
489.380616	-341.179360


488.504050	-326.171627
489.438438	-333.613201
490.372825	-341.054775


489.496259	-326.047042
490.430646	-333.488616
491.365033	-340.930191


490.488468	-325.922458
491.422855	-333.364032
492.357242	-340.805606


491.480677	-325.797873
492.415064	-333.239447
493.349451	-340.681021


492.472885	-325.673289
493.407273	-333.114863
494.341660	-340.556437


493.465094	-325.548704
494.399481	-332.990278
495.333869	-340.431852


494.457303	-325.424119
495.391690	-332.865693
496.326077	-340.307267


495.449512	-325.299535
496.383899	-332.741109
497.318286	-340.182683


496.441720	-325.174950
497.376108	-332.616524
498.310495	-340.058098


497.433929	-325.050365
498.368316	-332.491940
499.302704	-339.933514


498.426138	-324.925781
499.360525	-332.367355
500.294912	-339.808929


499.418347	-324.801196
500.352734	-332.242770
501.287121	-339.684344


500.410556	-324.676612
501.344943	-332.118186
502.279330	-339.559760


501.402764	-324.552027
502.337152	-331.993601
503.271539	-339.435175


502.394973	-324.427442
503.329360	-331.869017
504.263748	-339.310591


503.387182	-324.302858
504.321569	-331.744432
505.255956	-339.186006


504.379391	-324.178273
505.313778	-331.619847
506.248165	-339.061421


505.371599	-324.053689
506.305987	-331.495263
507.240374	-338.936837


506.363808	-323.929104
507.298195	-331.370678
508.232583	-338.812252


507.356017	-323.804519
508.290404	-331.246093
509.224791	-338.687668


508.348226	-323.679935
509.282613	-331.121509
510.217000	-338.563083


509.340435	-323.555350
510.274822	-330.996924
511.209209	-338.438498


510.332643	-323.430766
511.267031	-330.872340
512.201418	-338.313914


511.324852	-323.306181
512.259239	-330.747755
513.193627	-338.189329


512.317061	-323.181596
513.251448	-330.623170
514.185835	-338.064744


513.309270	-323.057012
514.243657	-330.498586
515.178044	-337.940160


514.301478	-322.932427
515.235866	-330.374001
516.170253	-337.815575


515.293687	-322.807842
516.228074	-330.249417
517.162462	-337.690991


516.285896	-322.683258
517.220283	-330.124832
518.154670	-337.566406


517.278105	-322.558673
518.212492	-330.000247
519.146879	-337.441821


518.270314	-322.434089
519.204701	-329.875663
520.139088	-337.317237


519.262522	-322.309504
520.196909	-329.751078
521.131297	-337.192652


520.254731	-322.184919
521.189118	-329.626494
522.123505	-337.068068


521.246940	-322.060335
522.181327	-329.501909
523.115714	-336.943483


522.239149	-321.935750
523.173536	-329.377324
524.107923	-336.818898


523.231357	-321.811166
524.165745	-329.252740
525.100132	-336.694314


524.223566	-321.686581
525.157953	-329.128155
526.092341	-336.569729


525.215775	-321.561996
526.150162	-329.003570
527.084549	-336.445145


526.207984	-321.437412
527.142371	-328.878986
528.076758	-336.320560


527.200192	-321.312827
528.134580	-328.754401
529.068967	-336.195975


528.192401	-321.188243
529.126788	-328.629817
530.061176	-336.071391


529.184610	-321.063658
530.118997	-328.505232
531.053384	-335.946806


530.176819	-320.939073
531.111206	-328.380647
532.045593	-335.822222


531.169028	-320.814489
532.103415	-328.256063
533.037802	-335.697637


532.161236	-320.689904
533.095624	-328.131478
534.030011	-335.573052


533.153445	-320.565319
534.087832	-328.006894
535.022220	-335.448468


534.145654	-320.440735
535.080041	-327.882309
536.014428	-335.323883


535.137863	-320.316150
536.072250	-327.757724
537.006637	-335.199298


536.130071	-320.191566
537.064459	-327.633140
537.998846	-335.074714


537.122280	-320.066981
538.056667	-327.508555
538.991055	-334.950129


538.114489	-319.942396
539.048876	-327.383971
539.983263	-334.825545


539.106698	-319.817812
540.041085	-327.259386
540.975472	-334.700960


540.098907	-319.693227
541.033294	-327.134801
541.967681	-334.576375


541.091115	-319.568643
542.025502	-327.010217
542.959890	-334.451791


542.083324	-319.444058
543.017711	-326.885632
543.952098	-334.327206


543.075533	-319.319473
544.009920	-326.761047
544.944307	-334.202622


544.067742	-319.194889
545.002129	-326.636463
545.936516	-334.078037


545.059950	-319.070304
545.994338	-326.511878
546.928725	-333.953452


546.052159	-318.945720
546.986546	-326.387294
547.920934	-333.828868


547.044368	-318.821135
547.978755	-326.262709
548.913142	-333.704283


548.036577	-318.696550
548.970964	-326.138124
549.905351	-333.579699


549.028785	-318.571966
549.963173	-326.013540
550.897560	-333.455114


550.020994	-318.447381
550.955381	-325.888955
551.889769	-333.330529


551.013203	-318.322796
551.947590	-325.764371
552.881977	-333.205945


552.005412	-318.198212
552.939799	-325.639786
553.874186	-333.081360


552.997621	-318.073627
553.932008	-325.515201
554.866395	-332.956775


553.989829	-317.949043
554.924217	-325.390617
555.858604	-332.832191


554.982038	-317.824458
555.916425	-325.266032
556.850813	-332.707606


555.974247	-317.699873
556.908634	-325.141448
557.843021	-332.583022


556.966456	-317.575289
557.900843	-325.016863
558.835230	-332.458437


557.958664	-317.450704
558.893052	-324.892278
559.827439	-332.333852


558.950873	-317.326120
559.885260	-324.767694
560.819648	-332.209268


559.943082	-317.201535
560.877469	-324.643109
561.811856	-332.084683


560.935291	-317.076950
561.869678	-324.518524
562.804065	-331.960099


561.927500	-316.952366
562.861887	-324.393940
563.796274	-331.835514


562.919708	-316.827781
563.854095	-324.269355
564.788483	-331.710929


563.911917	-316.703197
564.846304	-324.144771
565.780691	-331.586345


564.904126	-316.578612
565.838513	-324.020186
566.772900	-331.461760


565.896335	-316.454027
566.830722	-323.895601
567.765109	-331.337176


566.888543	-316.329443
567.822931	-323.771017
568.757318	-331.212591


567.880752	-316.204858
568.815139	-323.646432
569.749527	-331.088006


568.872961	-316.080273
569.807348	-323.521848
570.741735	-330.963422


569.865170	-315.955689
570.799557	-323.397263
571.733944	-330.838837


570.857378	-315.831104
571.791766	-323.272678
572.726153	-330.714252


571.849587	-315.706520
572.783974	-323.148094
573.718362	-330.589668


572.841796	-315.581935
573.776183	-323.023509
574.710570	-330.465083


573.834005	-315.457350
574.768392	-322.898925
575.702779	-330.340499


574.826214	-315.332766
575.760601	-322.774340
576.694988	-330.215914


575.818422	-315.208181
576.752810	-322.649755
577.687197	-330.091329


576.810631	-315.083597
577.745018	-322.525171
578.679406	-329.966745


577.802840	-314.959012
578.737227	-322.400586
579.671615	-329.842160


578.795049	-314.834428
579.729436	-322.276002
580.663823	-329.717576


579.787258	-314.709843
580.721645	-322.151417
581.656032	-329.592991


580.779467	-314.585258
581.713854	-322.026833
582.648241	-329.468407


581.771676	-314.460674
582.706063	-321.902248
583.640450	-329.343822


582.763885	-314.336089
583.698272	-321.777663
584.632659	-329.219238


583.756094	-314.211505
584.690481	-321.653079
585.624868	-329.094653


584.748303	-314.086920
585.682690	-321.528494
586.617077	-328.970068


585.740512	-313.962336
586.674899	-321.403910
587.609286	-328.845484


586.732720	-313.837751
587.667108	-321.279325
588.601495	-328.720899


587.724929	-313.713167
588.659317	-321.154741
589.593704	-328.596315


588.717138	-313.588582
589.651526	-321.030156
590.585913	-328.471730


589.709347	-313.463998
590.643734	-320.905572
591.578122	-328.347146


590.701556	-313.339413
591.635943	-320.780987
592.570331	-328.222561


591.693765	-313.214829
592.628152	-320.656403
593.562540	-328.097977


592.685974	-313.090244
593.620361	-320.531818
594.554748	-327.973392


593.678183	-312.965659
594.612570	-320.407234
595.546957	-327.848808


594.670392	-312.841075
595.604779	-320.282649
596.539166	-327.724223


595.662601	-312.716490
596.596988	-320.158064
597.531375	-327.599639


596.654810	-312.591906
597.589197	-320.033480
598.523584	-327.475054


597.647019	-312.467321
598.581406	-319.908895
599.515793	-327.350469


598.639228	-312.342737
599.573615	-319.784311
600.508002	-327.225885


599.631437	-312.218152
600.565824	-319.659726
601.500211	-327.101300


600.623645	-312.093568
601.558033	-319.535142
602.492420	-326.976716


601.615854	-311.968983
602.550242	-319.410557
603.484629	-326.852131


602.608063	-311.844399
603.542451	-319.285973
604.476838	-326.727547


603.600272	-311.719814
604.534659	-319.161388
605.469047	-326.602962


604.592481	-311.595229
605.526868	-319.036804
606.461256	-326.478378


605.584690	-311.470645
606.519077	-318.912219
607.453464	-326.353793


606.576899	-311.346060
607.511286	-318.787634
608.445673	-326.229209


607.569108	-311.221476
608.503495	-318.663050
609.437882	-326.104624


608.561317	-311.096891
609.495704	-318.538465
610.430091	-325.980040


609.553526	-310.972307
610.487913	-318.413881
611.422300	-325.855455


610.545735	-310.847722
611.480122	-318.289296
612.414509	-325.730870


611.537944	-310.723138
612.472331	-318.164712
613.406718	-325.606286


612.530153	-310.598553
613.464540	-318.040127
614.398927	-325.481701


613.522361	-310.473969
614.456749	-317.915543
615.391136	-325.357117


614.514570	-310.349384
615.448958	-317.790958
616.383345	-325.232532


615.506779	-310.224800
616.441167	-317.666374
617.375554	-325.107948


616.498988	-310.100215
617.433375	-317.541789
618.367763	-324.983363


617.491197	-309.975630
618.425584	-317.417205
619.359972	-324.858779


618.483406	-309.851046
619.417793	-317.292620
620.352181	-324.734194


619.475615	-309.726461
620.410002	-317.168035
621.344389	-324.609610


620.467824	-309.601877
621.402211	-317.043451
622.336598	-324.485025


621.460033	-309.477292
622.394420	-316.918866
623.328807	-324.360440


622.452242	-309.352708
623.386629	-316.794282
624.321016	-324.235856


623.444451	-309.228123
624.378838	-316.669697
625.313225	-324.111271


624.436660	-309.103539
625.371047	-316.545113
626.305434	-323.986687


625.428869	-308.978954
626.363256	-316.420528
627.297643	-323.862102


626.421078	-308.854370
627.355465	-316.295944
628.289852	-323.737518


627.413286	-308.729785
628.347674	-316.171359
629.282061	-323.612933


628.405495	-308.605200
629.339883	-316.046775
630.274270	-323.488349


629.397704	-308.480616
630.332092	-315.922190
631.266479	-323.363764


630.389913	-308.356031
631.324300	-315.797605
632.258688	-323.239180


631.382122	-308.231447
632.316509	-315.673021
633.250897	-323.114595


632.374331	-308.106862
633.308718	-315.548436
634.243106	-322.990011


633.366540	-307.982278
634.300927	-315.423852
635.235314	-322.865426


634.358749	-307.857693
635.293136	-315.299267
636.227523	-322.740841


635.350958	-307.733109
636.285345	-315.174683
637.219732	-322.616257


636.343167	-307.608524
637.277554	-315.050098
638.211941	-322.491672


637.335376	-307.483940
638.269763	-314.925514
639.204150	-322.367088


638.327585	-307.359355
639.261972	-314.800929
640.196359	-322.242503


639.319794	-307.234771
640.254181	-314.676345
641.188568	-322.117919


640.312003	-307.110186
641.246390	-314.551760
642.180777	-321.993334


641.304211	-306.985601
642.238599	-314.427176
643.172986	-321.868750


642.296420	-306.861017
643.230808	-314.302591
644.165195	-321.744165


643.288629	-306.736432
644.223016	-314.178006
645.157404	-321.619581


644.280838	-306.611848
645.215225	-314.053422
646.149613	-321.494996


645.273047	-306.487263
646.207434	-313.928837
647.141822	-321.370411


646.265256	-306.362679
647.199643	-313.804253
648.134030	-321.245827


647.257465	-306.238094
648.191852	-313.679668
649.126239	-321.121242


648.249674	-306.113510
649.184061	-313.555084
650.118448	-320.996658


649.241883	-305.988925
650.176270	-313.430499
651.110657	-320.872073


650.234092	-305.864341
651.168479	-313.305915
652.102866	-320.747489


651.226301	-305.739756
652.160688	-313.181330
653.095075	-320.622904


652.064143	-305.629740
653.152059	-313.050424
654.239974	-320.471108


652.803260	-305.508715
654.138870	-312.888840
655.474480	-320.268966


653.537914	-305.363026
655.119723	-312.694327
656.701532	-320.025629


654.267281	-305.192836
656.093517	-312.467103
657.919753	-319.741370


654.990545	-304.998336
657.059163	-312.207422
659.127781	-319.416508


655.706896	-304.779743
658.015579	-311.915574
660.324263	-319.051405


656.415531	-304.537303
658.961694	-311.591888
661.507857	-318.646472


657.115657	-304.271288
659.896448	-311.236724
662.677239	-318.202161


657.806490	-303.981994
660.818795	-310.850482
663.831100	-317.718969


658.487256	-303.669746
661.727701	-310.433593
664.968146	-317.197440


659.157193	-303.334894
662.622148	-309.986525
666.087104	-316.638155


659.815550	-302.977813
663.501136	-309.509777
667.186722	-316.041742


660.461590	-302.598902
664.363678	-309.003885
668.265767	-315.408868


661.094589	-302.198587
665.208810	-308.469415
669.323031	-314.740243


661.713839	-301.777314
666.035585	-307.906965
670.357331	-314.036616


662.318646	-301.335557
666.843077	-307.317165
671.367507	-313.298773


662.908333	-300.873810
667.630381	-306.700676
672.352428	-312.527542


663.482239	-300.392589
668.396616	-306.058188
673.310992	-311.723787


664.039722	-299.892435
669.140923	-305.390421
674.242124	-310.888407


664.580156	-299.373907
669.862469	-304.698123
675.144783	-310.022338


665.102938	-298.837586
670.560447	-303.982068
676.017956	-309.126550


665.607480	-298.284072
671.234073	-303.243059
676.860666	-308.202047


666.093220	-297.713985
671.882595	-302.481924
677.671970	-307.249863


666.559611	-297.127965
672.505284	-301.699515
678.450958	-306.271066


667.006132	-296.526667
673.101445	-300.896708
679.196758	-305.266750


667.432284	-295.910764
673.670410	-300.074403
679.908535	-304.238042


667.837588	-295.280947
674.211540	-299.233520
680.585492	-303.186093


668.221590	-294.637920
674.724231	-298.375001
681.226871	-302.112082


668.583861	-293.982405
675.207907	-297.499808
681.831953	-301.017210


668.923996	-293.315134
675.662028	-296.608920
682.400060	-299.902706


669.241612	-292.636856
676.086084	-295.703336
682.930557	-298.769815


669.536354	-291.948330
676.479602	-294.784069
683.422849	-297.619808


669.807892	-291.250328
676.842139	-293.852150
683.876385	-296.453973


670.055923	-290.543630
677.173290	-292.908622
684.290657	-295.273615


670.280168	-289.829028
677.472684	-291.954542
684.665201	-294.080055


670.492906	-289.062046
677.740556	-290.991139
684.988206	-292.920231


670.750118	-288.095691
677.997768	-290.024784
685.245418	-291.953876


671.007330	-287.129336
678.254980	-289.058429
685.502631	-290.987521


671.264543	-286.162981
678.512193	-288.092074
685.759843	-290.021166


671.521755	-285.196626
678.769405	-287.125719
686.017055	-289.054811


671.778967	-284.230271
679.026617	-286.159364
686.274267	-288.088456


672.036179	-283.263916
679.283829	-285.193009
686.531480	-287.122101


672.293392	-282.297561
679.541042	-284.226654
686.788692	-286.155746


672.550604	-281.331206
679.798254	-283.260299
687.045904	-285.189391


672.807816	-280.364851
680.055466	-282.293944
687.303116	-284.223036


673.065028	-279.398496
680.312678	-281.327589
687.560329	-283.256681


673.322240	-278.432141
680.569891	-280.361234
687.817541	-282.290326


673.579453	-277.465786
680.827103	-279.394879
688.074753	-281.323971


673.836665	-276.499431
681.084315	-278.428524
688.331965	-280.357616


674.093877	-275.533076
681.341527	-277.462169
688.589177	-279.391261


674.351089	-274.566722
681.598740	-276.495814
688.846390	-278.424906


674.608302	-273.600367
681.855952	-275.529459
689.103602	-277.458551


674.865514	-272.634012
682.113164	-274.563104
689.360814	-276.492196


675.122726	-271.667657
682.370376	-273.596749
689.618026	-275.525841


675.379938	-270.701302
682.627589	-272.630394
689.875239	-274.559486


675.637151	-269.734947
682.884801	-271.664039
690.132451	-273.593131


675.894363	-268.768592
683.142013	-270.697684
690.389663	-272.626776


676.151575	-267.802237
683.399225	-269.731329
690.646875	-271.660421


676.408787	-266.835882
683.656437	-268.764974
690.904088	-270.694066


676.666000	-265.869527
683.913650	-267.798619
691.161300	-269.727711


676.923212	-264.903172
684.170862	-266.832264
691.418512	-268.761356


677.180424	-263.936817
684.428074	-265.865909
691.675724	-267.795001


677.437636	-262.970462
684.685286	-264.899554
691.932937	-266.828646


677.694848	-262.004107
684.942499	-263.933199
692.190149	-265.862291


677.952061	-261.037752
685.199711	-262.966844
692.447361	-264.895936


678.209273	-260.071397
685.456923	-262.000489
692.704573	-263.929582


678.466485	-259.105042
685.714135	-261.034134
692.961785	-262.963227


678.723697	-258.138687
685.971348	-260.067779
693.218998	-261.996872


678.980910	-257.172332
686.228560	-259.101424
693.476210	-261.030517


679.238122	-256.205977
686.485772	-258.135069
693.733422	-260.064162


679.495334	-255.239622
686.742984	-257.168714
693.990634	-259.097807


679.752546	-254.273267
687.000197	-256.202359
694.247847	-258.131452


680.009759	-253.306912
687.257409	-255.236004
694.505059	-257.165097


680.266971	-252.340557
687.514621	-254.269649
694.762271	-256.198742


680.524183	-251.374202
687.771833	-253.303294
695.019483	-255.232387


680.781395	-250.407847
688.029045	-252.336939
695.276696	-254.266032


681.038608	-249.441492
688.286258	-251.370584
695.533908	-253.299677


681.295820	-248.475137
688.543470	-250.404229
695.791120	-252.333322


681.553032	-247.508782
688.800682	-249.437874
696.048332	-251.366967


681.810244	-246.542427
689.057894	-248.471519
696.305545	-250.400612


682.067457	-245.576072
689.315107	-247.505164
696.562757	-249.434257


682.324669	-244.609717
689.572319	-246.538809
696.819969	-248.467902


682.581881	-243.643362
689.829531	-245.572454
697.077181	-247.501547


682.839093	-242.677007
690.086743	-244.606099
697.334394	-246.535192


683.096305	-241.710652
690.343956	-243.639744
697.591606	-245.568837


683.353518	-240.744297
690.601168	-242.673389
697.848818	-244.602482


683.610730	-239.777942
690.858380	-241.707034
698.106030	-243.636127


683.867942	-238.811587
691.115592	-240.740679
698.363242	-242.669772


684.125154	-237.845232
691.372805	-239.774324
698.620455	-241.703417


684.382367	-236.878877
691.630017	-238.807969
698.877667	-240.737062


684.639579	-235.912522
691.887229	-237.841614
699.134879	-239.770707


684.896791	-234.946167
692.144441	-236.875259
699.392091	-238.804352


685.154003	-233.979812
692.401654	-235.908904
699.649304	-237.837997


685.411216	-233.013457
692.658866	-234.942549
699.906516	-236.871642


685.668428	-232.047102
692.916078	-233.976194
700.163728	-235.905287


685.925640	-231.080747
693.173290	-233.009839
700.420940	-234.938932


686.182852	-230.114392
693.430502	-232.043485
700.678153	-233.972577


686.440065	-229.148037
693.687715	-231.077130
700.935365	-233.006222


686.697277	-228.181682
693.944927	-230.110775
701.192577	-232.039867


686.954489	-227.215327
694.202139	-229.144420
701.449789	-231.073512


687.211701	-226.248972
694.459351	-228.178065
701.707002	-230.107157


687.468914	-225.282617
694.716564	-227.211710
701.964214	-229.140802


687.726126	-224.316262
694.973776	-226.245355
702.221426	-228.174447


687.983338	-223.349907
695.230988	-225.279000
702.478638	-227.208092


688.240550	-222.383552
695.488200	-224.312645
702.735851	-226.241737


688.497762	-221.417197
695.745413	-223.346290
702.993063	-225.275382


688.754975	-220.450842
696.002625	-222.379935
703.250275	-224.309027


689.012187	-219.484487
696.259837	-221.413580
703.507487	-223.342672


689.269399	-218.518132
696.517049	-220.447225
703.764699	-222.376317


689.526611	-217.551777
696.774262	-219.480870
704.021912	-221.409962


689.783824	-216.585422
697.031474	-218.514515
704.279124	-220.443607


690.041036	-215.619067
697.288686	-217.548160
704.536336	-219.477252


690.298248	-214.652712
697.545898	-216.581805
704.793548	-218.510897


690.555460	-213.686357
697.803110	-215.615450
705.050761	-217.544542


690.812673	-212.720002
698.060323	-214.649095
705.307973	-216.578187


691.069885	-211.753647
698.317535	-213.682740
705.565185	-215.611832


691.327097	-210.787292
698.574747	-212.716385
705.822397	-214.645477


691.584309	-209.820937
698.831959	-211.750030
706.079610	-213.679122


691.841522	-208.854582
699.089172	-210.783675
706.336822	-212.712767


692.098734	-207.888227
699.346384	-209.817320
706.594034	-211.746412


692.355946	-206.921872
699.603596	-208.850965
706.851246	-210.780057


692.613158	-205.955517
699.860808	-207.884610
707.108459	-209.813702


692.870370	-204.989162
700.118021	-206.918255
707.365671	-208.847347


693.127583	-204.022807
700.375233	-205.951900
707.622883	-207.880992


693.384795	-203.056452
700.632445	-204.985545
707.880095	-206.914637


693.642007	-202.090097
700.889657	-204.019190
708.137307	-205.948282


693.899219	-201.123742
701.146870	-203.052835
708.394520	-204.981927


694.156432	-200.157387
701.404082	-202.086480
708.651732	-204.015572


