50.635113	-523.368530
53.844114	-516.589706
57.053116	-509.810883


49.731271	-522.940663
52.940273	-516.161839
56.149274	-509.383016


48.827429	-522.512796
52.036431	-515.733972
55.245433	-508.955149


47.923588	-522.084929
51.132589	-515.306105
54.341591	-508.527282


47.019746	-521.657061
50.228748	-514.878238
53.437749	-508.099415


46.115904	-521.229194
49.324906	-514.450371
52.533908	-507.671548


45.212063	-520.801327
48.421064	-514.022504
51.630066	-507.243681


44.308221	-520.373460
47.517223	-513.594637
50.726224	-506.815814


43.404380	-519.945593
46.613381	-513.166770
49.822383	-506.387947


42.500538	-519.517725
45.709539	-512.738903
48.918541	-505.960080


41.596696	-519.089858
44.805698	-512.311036
48.014699	-505.532213


40.692855	-518.661991
43.901856	-511.883169
47.110858	-505.104346


39.789013	-518.234124
42.998014	-511.455301
46.207016	-504.676479


38.885171	-517.806257
42.094173	-511.027434
45.303174	-504.248612


37.981330	-517.378389
41.190331	-510.599567
44.399333	-503.820745


37.077488	-516.950522
40.286489	-510.171700
43.495491	-503.392878


36.173646	-516.522655
39.382648	-509.743833
42.591649	-502.965011


35.269805	-516.094788
38.478806	-509.315966
41.687808	-502.537144


34.365963	-515.666921
37.574965	-508.888099
40.783966	-502.109277


33.462121	-515.239053
36.671123	-508.460232
39.880124	-501.681410


32.558280	-514.811186
35.767281	-508.032365
38.976283	-501.253544


31.654438	-514.383319
34.863440	-507.604498
38.072441	-500.825677


30.750596	-513.955452
33.959598	-507.176631
37.168599	-500.397810


29.846755	-513.527585
33.055756	-506.748764
36.264758	-499.969943


28.942913	-513.099717
32.151915	-506.320897
35.360916	-499.542076


28.039071	-512.671850
31.248073	-505.893029
34.457074	-499.114209


27.135230	-512.243983
30.344231	-505.465162
33.553233	-498.686342


26.231388	-511.816116
29.440390	-505.037295
32.649391	-498.258475


25.327546	-511.388249
28.536548	-504.609428
31.745550	-497.830608


24.423705	-510.960381
27.632706	-504.181561
30.841708	-497.402741


23.519863	-510.532514
26.728865	-503.753694
29.937866	-496.974874


22.616021	-510.104647
25.825023	-503.325827
29.034025	-496.547007


21.712180	-509.676780
24.921181	-502.897960
28.130183	-496.119140


20.808338	-509.248913
24.017340	-502.470093
27.226341	-495.691273


19.904496	-508.821045
23.113498	-502.042226
26.322500	-495.263406


19.000655	-508.393178
22.209656	-501.614359
25.418658	-494.835539


18.096813	-507.965311
21.305815	-501.186492
24.514816	-494.407672


17.192972	-507.537444
20.401973	-500.758625
23.610975	-493.979805


16.289130	-507.109577
19.498131	-500.330757
22.707133	-493.551938


15.385288	-506.681709
18.594290	-499.902890
21.803291	-493.124071


14.481447	-506.253842
17.690448	-499.475023
20.899450	-492.696205


13.577605	-505.825975
16.786606	-499.047156
19.995608	-492.268338


12.673763	-505.398108
15.882765	-498.619289
19.091766	-491.840471


11.769922	-504.970241
14.978923	-498.191422
18.187925	-491.412604


10.866080	-504.542373
14.075081	-497.763555
17.284083	-490.984737


9.962238	-504.114506
13.171240	-497.335688
16.380241	-490.556870


9.058397	-503.686639
12.267398	-496.907821
15.476400	-490.129003


8.154555	-503.258772
11.363557	-496.479954
14.572558	-489.701136


7.250713	-502.830905
10.459715	-496.052087
13.668716	-489.273269


6.346872	-502.403037
9.555873	-495.624220
12.764875	-488.845402


5.443030	-501.975170
8.652032	-495.196353
11.861033	-488.417535


4.539188	-501.547303
7.748190	-494.768485
10.957191	-487.989668


3.635347	-501.119436
6.844348	-494.340618
10.053350	-487.561801


2.731505	-500.691569
5.940507	-493.912751
9.149508	-487.133934


1.827663	-500.263701
5.036665	-493.484884
8.245666	-486.706067


0.923822	-499.835834
4.132823	-493.057017
7.341825	-486.278200


0.019980	-499.407967
3.228982	-492.629150
6.437983	-485.850333


-0.883862	-498.980100
2.325140	-492.201283
5.534142	-485.422466


-1.787703	-498.552232
1.421298	-491.773416
4.630300	-484.994599


-2.691545	-498.124365
0.517457	-491.345549
3.726458	-484.566732


-3.595387	-497.696498
-0.386385	-490.917682
2.822617	-484.138866


-4.499228	-497.268631
-1.290227	-490.489815
1.918775	-483.710999


-5.403070	-496.840764
-2.194068	-490.061948
1.014933	-483.283132


-6.306912	-496.412896
-3.097910	-489.634081
0.111092	-482.855265


-7.210753	-495.985029
-4.001752	-489.206213
-0.792750	-482.427398


-8.114595	-495.557162
-4.905593	-488.778346
-1.696592	-481.999531


-9.018436	-495.129295
-5.809435	-488.350479
-2.600433	-481.571664


-9.922278	-494.701428
-6.713277	-487.922612
-3.504275	-481.143797


-10.826120	-494.273560
-7.617118	-487.494745
-4.408117	-480.715930


-11.729961	-493.845693
-8.520960	-487.066878
-5.311958	-480.288063


-12.633803	-493.417826
-9.424802	-486.639011
-6.215800	-479.860196


-13.537645	-492.989959
-10.328643	-486.211144
-7.119642	-479.432329


-14.441486	-492.562092
-11.232485	-485.783277
-8.023483	-479.004462


-15.345328	-492.134224
-12.136327	-485.355410
-8.927325	-478.576595


-16.249170	-491.706357
-13.040168	-484.927543
-9.831167	-478.148728


-17.153011	-491.278490
-13.944010	-484.499676
-10.735008	-477.720861


-18.056853	-490.850623
-14.847851	-484.071809
-11.638850	-477.292994


-18.960695	-490.422756
-15.751693	-483.643941
-12.542692	-476.865127


-19.864536	-489.994888
-16.655535	-483.216074
-13.446533	-476.437260


-20.768378	-489.567021
-17.559376	-482.788207
-14.350375	-476.009393


-21.672220	-489.139154
-18.463218	-482.360340
-15.254217	-475.581526


-22.576061	-488.711287
-19.367060	-481.932473
-16.158058	-475.153660


-23.479903	-488.283420
-20.270901	-481.504606
-17.061900	-474.725793


-24.383745	-487.855552
-21.174743	-481.076739
-17.965742	-474.297926


-25.287586	-487.427685
-22.078585	-480.648872
-18.869583	-473.870059


-26.191428	-486.999818
-22.982426	-480.221005
-19.773425	-473.442192


-27.095270	-486.571951
-23.886268	-479.793138
-20.677266	-473.014325


-27.999111	-486.144084
-24.790110	-479.365271
-21.581108	-472.586458


-28.902953	-485.716216
-25.693951	-478.937404
-22.484950	-472.158591


-29.806795	-485.288349
-26.597793	-478.509537
-23.388791	-471.730724


-30.710636	-484.860482
-27.501635	-478.081669
-24.292633	-471.302857


-31.614478	-484.432615
-28.405476	-477.653802
-25.196475	-470.874990


-32.518320	-484.004748
-29.309318	-477.225935
-26.100316	-470.447123


-33.422161	-483.576880
-30.213160	-476.798068
-27.004158	-470.019256


-34.326003	-483.149013
-31.117001	-476.370201
-27.908000	-469.591389


-35.229844	-482.721146
-32.020843	-475.942334
-28.811841	-469.163522


-36.133686	-482.293279
-32.924685	-475.514467
-29.715683	-468.735655


-37.037528	-481.865412
-33.828526	-475.086600
-30.619525	-468.307788


-37.941369	-481.437544
-34.732368	-474.658733
-31.523366	-467.879921


-38.845211	-481.009677
-35.636210	-474.230866
-32.427208	-467.452054


-39.749053	-480.581810
-36.540051	-473.802999
-33.331050	-467.024187


-40.652894	-480.153943
-37.443893	-473.375132
-34.234891	-466.596321


-41.556736	-479.726076
-38.347735	-472.947265
-35.138733	-466.168454


-42.460578	-479.298208
-39.251576	-472.519397
-36.042575	-465.740587


-43.364419	-478.870341
-40.155418	-472.091530
-36.946416	-465.312720


-44.268261	-478.442474
-41.059259	-471.663663
-37.850258	-464.884853


-45.172103	-478.014607
-41.963101	-471.235796
-38.754100	-464.456986


-46.075944	-477.586740
-42.866943	-470.807929
-39.657941	-464.029119


-46.979786	-477.158872
-43.770784	-470.380062
-40.561783	-463.601252


-47.883628	-476.731005
-44.674626	-469.952195
-41.465625	-463.173385


-48.787469	-476.303138
-45.578468	-469.524328
-42.369466	-462.745518


-49.691311	-475.875271
-46.482309	-469.096461
-43.273308	-462.317651


-50.595153	-475.447404
-47.386151	-468.668594
-44.177150	-461.889784


-51.498994	-475.019536
-48.289993	-468.240727
-45.080991	-461.461917


-52.402836	-474.591669
-49.193834	-467.812860
-45.984833	-461.034050


-53.306678	-474.163802
-50.097676	-467.384993
-46.888674	-460.606183


-54.210519	-473.735935
-51.001518	-466.957125
-47.792516	-460.178316


-55.114361	-473.308068
-51.905359	-466.529258
-48.696358	-459.750449


-56.018203	-472.880200
-52.809201	-466.101391
-49.600199	-459.322582


-56.922044	-472.452333
-53.713043	-465.673524
-50.504041	-458.894715


-57.825886	-472.024466
-54.616884	-465.245657
-51.407883	-458.466848


-58.729727	-471.596599
-55.520726	-464.817790
-52.311724	-458.038981


0.940704	15.000000
0.940704	7.500000
0.940704	0.000000


1.940704	15.000000
1.940704	7.500000
1.940704	0.000000


2.940704	15.000000
2.940704	7.500000
2.940704	0.000000


3.940704	15.000000
3.940704	7.500000
3.940704	0.000000


4.940704	15.000000
4.940704	7.500000
4.940704	0.000000


5.940704	15.000000
5.940704	7.500000
5.940704	0.000000


6.940704	15.000000
6.940704	7.500000
6.940704	0.000000


7.940704	15.000000
7.940704	7.500000
7.940704	0.000000


8.940704	15.000000
8.940704	7.500000
8.940704	0.000000


9.940704	15.000000
9.940704	7.500000
9.940704	0.000000


10.940704	15.000000
10.940704	7.500000
10.940704	0.000000


11.940704	15.000000
11.940704	7.500000
11.940704	0.000000


12.940704	15.000000
12.940704	7.500000
12.940704	0.000000


13.940704	15.000000
13.940704	7.500000
13.940704	0.000000


14.940704	15.000000
14.940704	7.500000
14.940704	0.000000


15.940704	15.000000
15.940704	7.500000
15.940704	0.000000


16.940704	15.000000
16.940704	7.500000
16.940704	0.000000


17.940704	15.000000
17.940704	7.500000
17.940704	0.000000


18.940704	15.000000
18.940704	7.500000
18.940704	0.000000


19.940704	15.000000
19.940704	7.500000
19.940704	0.000000


20.940704	15.000000
20.940704	7.500000
20.940704	0.000000


21.940704	15.000000
21.940704	7.500000
21.940704	0.000000


22.940704	15.000000
22.940704	7.500000
22.940704	0.000000


23.940704	15.000000
23.940704	7.500000
23.940704	0.000000


24.940704	15.000000
24.940704	7.500000
24.940704	0.000000


25.940704	15.000000
25.940704	7.500000
25.940704	0.000000


26.940704	15.000000
26.940704	7.500000
26.940704	0.000000


27.940704	15.000000
27.940704	7.500000
27.940704	0.000000


28.940704	15.000000
28.940704	7.500000
28.940704	0.000000


29.940704	15.000000
29.940704	7.500000
29.940704	0.000000


30.940704	15.000000
30.940704	7.500000
30.940704	0.000000


31.940704	15.000000
31.940704	7.500000
31.940704	0.000000


32.940704	15.000000
32.940704	7.500000
32.940704	0.000000


33.940704	15.000000
33.940704	7.500000
33.940704	0.000000


34.940704	15.000000
34.940704	7.500000
34.940704	0.000000


35.940704	15.000000
35.940704	7.500000
35.940704	0.000000


36.940704	15.000000
36.940704	7.500000
36.940704	0.000000


37.940704	15.000000
37.940704	7.500000
37.940704	0.000000


38.940704	15.000000
38.940704	7.500000
38.940704	0.000000


39.940704	15.000000
39.940704	7.500000
39.940704	0.000000


40.940704	15.000000
40.940704	7.500000
40.940704	0.000000


41.940704	15.000000
41.940704	7.500000
41.940704	0.000000


42.940704	15.000000
42.940704	7.500000
42.940704	0.000000


43.940704	15.000000
43.940704	7.500000
43.940704	0.000000


44.940704	15.000000
44.940704	7.500000
44.940704	0.000000


45.940704	15.000000
45.940704	7.500000
45.940704	0.000000


46.940704	15.000000
46.940704	7.500000
46.940704	0.000000


47.940704	15.000000
47.940704	7.500000
47.940704	0.000000


48.940704	15.000000
48.940704	7.500000
48.940704	0.000000


49.940704	15.000000
49.940704	7.500000
49.940704	0.000000


50.940704	15.000000
50.940704	7.500000
50.940704	0.000000


51.940704	15.000000
51.940704	7.500000
51.940704	0.000000


52.940704	15.000000
52.940704	7.500000
52.940704	0.000000


53.940704	15.000000
53.940704	7.500000
53.940704	0.000000


54.940704	15.000000
54.940704	7.500000
54.940704	0.000000


55.940704	15.000000
55.940704	7.500000
55.940704	0.000000


56.940704	15.000000
56.940704	7.500000
56.940704	0.000000


57.940704	15.000000
57.940704	7.500000
57.940704	0.000000


58.940704	15.000000
58.940704	7.500000
58.940704	0.000000


59.940704	15.000000
59.940704	7.500000
59.940704	0.000000


60.940704	15.000000
60.940704	7.500000
60.940704	0.000000


61.940704	15.000000
61.940704	7.500000
61.940704	0.000000


62.940704	15.000000
62.940704	7.500000
62.940704	0.000000


63.940704	15.000000
63.940704	7.500000
63.940704	0.000000


64.940704	15.000000
64.940704	7.500000
64.940704	0.000000


65.940704	15.000000
65.940704	7.500000
65.940704	0.000000


66.940704	15.000000
66.940704	7.500000
66.940704	0.000000


67.940704	15.000000
67.940704	7.500000
67.940704	0.000000


68.940704	15.000000
68.940704	7.500000
68.940704	0.000000


69.940704	15.000000
69.940704	7.500000
69.940704	0.000000


70.940704	15.000000
70.940704	7.500000
70.940704	0.000000


71.940704	15.000000
71.940704	7.500000
71.940704	0.000000


72.940704	15.000000
72.940704	7.500000
72.940704	0.000000


73.940704	15.000000
73.940704	7.500000
73.940704	0.000000


74.940704	15.000000
74.940704	7.500000
74.940704	0.000000


75.940704	15.000000
75.940704	7.500000
75.940704	0.000000


76.940704	15.000000
76.940704	7.500000
76.940704	0.000000


77.940704	15.000000
77.940704	7.500000
77.940704	0.000000


78.940704	15.000000
78.940704	7.500000
78.940704	0.000000


79.940704	15.000000
79.940704	7.500000
79.940704	0.000000


80.940704	15.000000
80.940704	7.500000
80.940704	0.000000


81.940704	15.000000
81.940704	7.500000
81.940704	0.000000


82.940704	15.000000
82.940704	7.500000
82.940704	0.000000


83.940704	15.000000
83.940704	7.500000
83.940704	0.000000


84.940704	15.000000
84.940704	7.500000
84.940704	0.000000


85.940704	15.000000
85.940704	7.500000
85.940704	0.000000


86.940704	15.000000
86.940704	7.500000
86.940704	0.000000


87.940704	15.000000
87.940704	7.500000
87.940704	0.000000


88.940704	15.000000
88.940704	7.500000
88.940704	0.000000


89.940704	15.000000
89.940704	7.500000
89.940704	0.000000


90.940704	15.000000
90.940704	7.500000
90.940704	0.000000


91.940704	15.000000
91.940704	7.500000
91.940704	0.000000


92.940704	15.000000
92.940704	7.500000
92.940704	0.000000


93.940704	15.000000
93.940704	7.500000
93.940704	0.000000


94.940704	15.000000
94.940704	7.500000
94.940704	0.000000


95.940704	15.000000
95.940704	7.500000
95.940704	0.000000


96.940704	15.000000
96.940704	7.500000
96.940704	0.000000


97.940704	15.000000
97.940704	7.500000
97.940704	0.000000


98.940704	15.000000
98.940704	7.500000
98.940704	0.000000


99.940704	15.000000
99.940704	7.500000
99.940704	0.000000


100.940704	15.000000
100.940704	7.500000
100.940704	0.000000


101.940704	15.000000
101.940704	7.500000
101.940704	0.000000


102.940704	15.000000
102.940704	7.500000
102.940704	0.000000


103.940704	15.000000
103.940704	7.500000
103.940704	0.000000


104.940704	15.000000
104.940704	7.500000
104.940704	0.000000


105.940704	15.000000
105.940704	7.500000
105.940704	0.000000


106.940704	15.000000
106.940704	7.500000
106.940704	0.000000


107.940704	15.000000
107.940704	7.500000
107.940704	0.000000


108.940704	15.000000
108.940704	7.500000
108.940704	0.000000


109.940704	15.000000
109.940704	7.500000
109.940704	0.000000


110.940704	15.000000
110.940704	7.500000
110.940704	0.000000


111.940704	15.000000
111.940704	7.500000
111.940704	0.000000


112.940704	15.000000
112.940704	7.500000
112.940704	0.000000


113.940704	15.000000
113.940704	7.500000
113.940704	0.000000


114.940704	15.000000
114.940704	7.500000
114.940704	0.000000


115.940704	15.000000
115.940704	7.500000
115.940704	0.000000


116.940704	15.000000
116.940704	7.500000
116.940704	0.000000


117.940704	15.000000
117.940704	7.500000
117.940704	0.000000


118.940704	15.000000
118.940704	7.500000
118.940704	0.000000


119.940704	15.000000
119.940704	7.500000
119.940704	0.000000


120.940704	15.000000
120.940704	7.500000
120.940704	0.000000


121.940704	15.000000
121.940704	7.500000
121.940704	0.000000


122.940704	15.000000
122.940704	7.500000
122.940704	0.000000


123.940704	15.000000
123.940704	7.500000
123.940704	0.000000


124.947697	14.999971
124.940704	7.499975
124.933711	-0.000022


126.076207	14.989246
125.940647	7.490471
125.805087	-0.008304


127.204366	14.959176
126.940280	7.463827
126.676193	-0.031522


128.331845	14.909772
127.939309	7.420051
127.546773	-0.069669


129.458310	14.841047
128.937441	7.359156
128.416571	-0.122735


130.583432	14.753022
129.934382	7.281160
129.285332	-0.190703


131.706880	14.645723
130.929840	7.186084
130.152800	-0.273554


132.828323	14.519181
131.923522	7.073959
131.018720	-0.371263


133.947433	14.373434
132.915135	6.944816
131.882838	-0.483802


135.063879	14.208523
133.904389	6.798693
132.744899	-0.611137


136.177335	14.024499
134.890993	6.635634
133.604652	-0.753231


137.287472	13.821414
135.874657	6.455685
134.461842	-0.910043


138.393965	13.599328
136.855091	6.258901
135.316218	-1.081526


139.496488	13.358308
137.832008	6.045339
136.167528	-1.267629


140.594717	13.098423
138.805121	5.815062
137.015524	-1.468299


141.688330	12.819749
139.774142	5.568137
137.859955	-1.683476


142.777005	12.522370
140.738789	5.304637
138.700573	-1.913097


143.860423	12.206372
141.698777	5.024639
139.537131	-2.157094


144.938264	11.871848
142.653824	4.728226
140.369384	-2.415396


146.010212	11.518897
143.603650	4.415485
141.197087	-2.687927


147.075953	11.147621
144.547974	4.086508
142.019996	-2.974606


148.135172	10.758131
145.486521	3.741390
142.837870	-3.275350


149.187559	10.350541
146.419014	3.380235
143.650468	-3.590070


150.232804	9.924970
147.345178	3.003148
144.457552	-3.918674


151.270600	9.481543
148.264742	2.610239
145.258884	-4.261065


152.300643	9.020392
149.177436	2.201625
146.054229	-4.617142


153.322629	8.541651
150.082991	1.777425
146.843353	-4.986801


154.336258	8.045461
150.981141	1.337764
147.626025	-5.369933


155.341232	7.531967
151.871623	0.882771
148.402013	-5.766425


156.337256	7.001322
152.754173	0.412580
149.171091	-6.176162


157.324037	6.453681
153.628534	-0.072671
149.933032	-6.599022


158.301285	5.889204
154.494448	-0.572839
150.687612	-7.034882


159.268713	5.308058
155.351661	-1.087777
151.434610	-7.483612


160.226037	4.710413
156.199921	-1.617335
152.173805	-7.945083


161.172975	4.096445
157.038978	-2.161356
152.904981	-8.419156


162.109249	3.466335
157.868586	-2.719680
153.627923	-8.905695


163.034584	2.820267
158.688501	-3.292144
154.342419	-9.404555


163.948708	2.158432
159.498483	-3.878578
155.048257	-9.915589


164.851352	1.481024
160.298292	-4.478812
155.745232	-10.438648


165.742251	0.788242
161.087694	-5.092668
156.433138	-10.973579


166.621143	0.080290
161.866458	-5.719966
157.111773	-11.520222


167.487770	-0.642625
162.634353	-6.360522
157.780937	-12.078419


168.341877	-1.380289
163.391156	-7.014147
158.440434	-12.648005


169.183214	-2.132487
164.136642	-7.680650
159.090070	-13.228813


170.011532	-2.898996
164.870593	-8.359834
159.729655	-13.820672


170.826589	-3.679592
165.592794	-9.051500
160.358999	-14.423407


171.628145	-4.474046
166.303032	-9.755444
160.977919	-15.036843


172.415964	-5.282123
167.001098	-10.471461
161.586232	-15.660798


173.189816	-6.103587
167.686787	-11.199338
162.183759	-16.295089


173.949471	-6.938195
168.359898	-11.938863
162.770326	-16.939530


174.694708	-7.785703
169.020233	-12.689818
163.345759	-17.593932


175.425307	-8.645862
169.667598	-13.451982
163.909889	-18.258102


176.141054	-9.518419
170.301803	-14.225132
164.462551	-18.931844


176.841737	-10.403117
170.922660	-15.009039
165.003583	-19.614962


177.527152	-11.299696
171.529988	-15.803475
165.532825	-20.307254


178.197097	-12.207893
172.123609	-16.608205
166.050121	-21.008516


178.851375	-13.127441
172.703347	-17.422992
166.555320	-21.718543


179.489793	-14.058070
173.269033	-18.247598
167.048273	-22.437127


180.112164	-14.999506
173.820500	-19.081780
167.528836	-23.164054


180.718306	-15.951473
174.357586	-19.925293
167.996867	-23.899114


181.308039	-16.913691
174.880134	-20.777889
168.452228	-24.642088


181.881191	-17.885876
175.387989	-21.639318
168.894786	-25.392759


182.437594	-18.867744
175.881002	-22.509325
169.324411	-26.150906


182.977083	-19.859006
176.359029	-23.387656
169.740976	-26.916307


183.499500	-20.859370
176.821930	-24.274053
170.144360	-27.688736


184.004691	-21.868543
177.269567	-25.168254
170.534442	-28.467966


184.492509	-22.886227
177.701810	-26.069998
170.911110	-29.253769


184.962810	-23.912124
178.118531	-26.979019
171.274252	-30.045913


185.415456	-24.945933
178.519608	-27.895050
171.623761	-30.844166


185.850312	-25.987349
178.904924	-28.817821
171.959535	-31.648294


186.267253	-27.036067
179.274364	-29.747063
172.281475	-32.458059


186.666155	-28.091778
179.627820	-30.682501
172.589486	-33.273224


187.046901	-29.154171
179.965189	-31.623860
172.883478	-34.093549


187.409379	-30.222936
180.286372	-32.570864
173.163365	-34.918793


187.753483	-31.297757
180.591273	-33.523236
173.429063	-35.748714


188.079111	-32.378319
180.879804	-34.480693
173.680496	-36.583068


188.386168	-33.464305
181.151879	-35.442957
173.917590	-37.421609


188.674563	-34.555394
181.407418	-36.409743
174.140274	-38.264091


188.944212	-35.651267
181.646347	-37.380767
174.348483	-39.110267


189.195036	-36.751601
181.868596	-38.355745
174.542156	-39.959888


189.426960	-37.856074
182.074098	-39.334389
174.721236	-40.812704


189.639917	-38.964359
182.262794	-40.316412
174.885670	-41.668464


189.833845	-40.076133
182.434628	-41.301525
175.035411	-42.526918


190.008685	-41.191067
182.589549	-42.289440
175.170413	-43.387812


190.164387	-42.308835
182.727513	-43.279865
175.290638	-44.250894


190.300905	-43.429108
182.848478	-44.272509
175.396050	-45.115910


190.418199	-44.551556
182.952409	-45.267081
175.486618	-45.982606


190.512951	-45.572588
183.044773	-46.262804
175.576595	-46.953020


190.604980	-46.568344
183.136802	-47.258560
175.668624	-47.948776


190.697008	-47.564100
183.228831	-48.254317
175.760653	-48.944533


190.789037	-48.559857
183.320859	-49.250073
175.852682	-49.940289


190.881066	-49.555613
183.412888	-50.245829
175.944710	-50.936045


190.973095	-50.551369
183.504917	-51.241585
176.036739	-51.931801


191.065124	-51.547126
183.596946	-52.237342
176.128768	-52.927558


191.157153	-52.542882
183.688975	-53.233098
176.220797	-53.923314


191.249181	-53.538638
183.781004	-54.228854
176.312826	-54.919070


191.341210	-54.534394
183.873032	-55.224611
176.404855	-55.914827


191.433239	-55.530151
183.965061	-56.220367
176.496883	-56.910583


191.525268	-56.525907
184.057090	-57.216123
176.588912	-57.906339


191.617297	-57.521663
184.149119	-58.211879
176.680941	-58.902095


191.709326	-58.517420
184.241148	-59.207636
176.772970	-59.897852


191.801354	-59.513176
184.333177	-60.203392
176.864999	-60.893608


191.893383	-60.508932
184.425205	-61.199148
176.957028	-61.889364


191.985412	-61.504688
184.517234	-62.194905
177.049056	-62.885121


192.077441	-62.500445
184.609263	-63.190661
177.141085	-63.880877


192.169470	-63.496201
184.701292	-64.186417
177.233114	-64.876633


192.261499	-64.491957
184.793321	-65.182173
177.325143	-65.872389


192.353527	-65.487714
184.885350	-66.177930
177.417172	-66.868146


192.445556	-66.483470
184.977378	-67.173686
177.509201	-67.863902


192.537585	-67.479226
185.069407	-68.169442
177.601229	-68.859658


192.629614	-68.474982
185.161436	-69.165198
177.693258	-69.855415


192.721643	-69.470739
185.253465	-70.160955
177.785287	-70.851171


192.813672	-70.466495
185.345494	-71.156711
177.877316	-71.846927


192.905700	-71.462251
185.437523	-72.152467
177.969345	-72.842683


192.997729	-72.458008
185.529551	-73.148224
178.061374	-73.838440


193.089758	-73.453764
185.621580	-74.143980
178.153403	-74.834196


193.181787	-74.449520
185.713609	-75.139736
178.245431	-75.829952


193.273816	-75.445276
185.805638	-76.135492
178.337460	-76.825709


193.365845	-76.441033
185.897667	-77.131249
178.429489	-77.821465


193.457873	-77.436789
185.989696	-78.127005
178.521518	-78.817221


193.549902	-78.432545
186.081724	-79.122761
178.613547	-79.812977


193.641931	-79.428302
186.173753	-80.118518
178.705576	-80.808734


193.733960	-80.424058
186.265782	-81.114274
178.797604	-81.804490


193.825989	-81.419814
186.357811	-82.110030
178.889633	-82.800246


193.918018	-82.415570
186.449840	-83.105786
178.981662	-83.796003


194.010046	-83.411327
186.541869	-84.101543
179.073691	-84.791759


194.102075	-84.407083
186.633897	-85.097299
179.165720	-85.787515


194.194104	-85.402839
186.725926	-86.093055
179.257749	-86.783271


194.286133	-86.398596
186.817955	-87.088812
179.349777	-87.779028


194.378162	-87.394352
186.909984	-88.084568
179.441806	-88.774784


194.470191	-88.390108
187.002013	-89.080324
179.533835	-89.770540


194.562219	-89.385864
187.094042	-90.076080
179.625864	-90.766297


194.654248	-90.381621
187.186070	-91.071837
179.717893	-91.762053


194.746277	-91.377377
187.278099	-92.067593
179.809922	-92.757809


194.838306	-92.373133
187.370128	-93.063349
179.901950	-93.753565


194.930335	-93.368890
187.462157	-94.059106
179.993979	-94.749322


195.022364	-94.364646
187.554186	-95.054862
180.086008	-95.745078


195.114392	-95.360402
187.646215	-96.050618
180.178037	-96.740834


195.206421	-96.356158
187.738244	-97.046374
180.270066	-97.736590


195.297913	-97.345925
187.830291	-98.042129
180.362669	-98.738333


195.386201	-98.212002
187.931704	-99.036961
180.477208	-99.861919


195.489421	-99.076427
188.050269	-100.029895
180.611117	-100.983362


195.607541	-99.938942
188.185950	-101.020635
180.764358	-102.102327


195.740527	-100.799291
188.338706	-102.008886
180.936885	-103.218482


195.888339	-101.657216
188.508492	-102.994354
181.128646	-104.331493


196.050933	-102.512463
188.695258	-103.976746
181.339583	-105.441029


196.228261	-103.364777
188.898948	-104.955769
181.569636	-106.546760


196.420269	-104.213905
189.119502	-105.931131
181.818734	-107.648357


196.626902	-105.059592
189.356853	-106.902542
182.086803	-108.745492


196.848096	-105.901589
189.610930	-107.869713
182.373765	-109.837838


197.083786	-106.739643
189.881660	-108.832356
182.679533	-110.925069


197.333903	-107.573505
190.168959	-109.790184
183.004016	-112.006862


197.598371	-108.402927
190.472744	-110.742911
183.347118	-113.082895


197.877112	-109.227662
190.792924	-111.690255
183.708736	-114.152848


198.170042	-110.047465
191.129403	-112.631933
184.088763	-115.216401


198.477075	-110.862091
191.482081	-113.567664
184.487086	-116.273238


198.798120	-111.671297
191.850853	-114.497171
184.903586	-117.323044


199.133080	-112.474843
192.235609	-115.420175
185.338139	-118.365507


199.481855	-113.272490
192.636235	-116.336403
185.790616	-119.400317


199.844343	-114.063999
193.052612	-117.245582
186.260881	-120.427165


200.220435	-114.849136
193.484615	-118.147440
186.748795	-121.445745


200.610018	-115.627666
193.932116	-119.041710
187.254213	-122.455754


201.012978	-116.399358
194.394981	-119.928125
187.776984	-123.456892


201.429194	-117.163981
194.873073	-120.806420
188.316953	-124.448859


201.858541	-117.921309
195.366249	-121.676335
188.873958	-125.431362


202.300893	-118.671115
195.874363	-122.537611
189.447833	-126.404107


202.756118	-119.413176
196.397263	-123.389990
190.038409	-127.366804


203.224079	-120.147272
196.934794	-124.233220
190.645509	-128.319167


203.704638	-120.873184
197.486795	-125.067048
191.268951	-129.260913


204.197652	-121.590695
198.053102	-125.891228
191.908552	-130.191761


204.702973	-122.299592
198.633546	-126.705512
192.564119	-131.111433


205.220451	-122.999664
199.227955	-127.509660
193.235459	-132.019656


205.749933	-123.690702
199.836151	-128.303431
193.922370	-132.916160


206.291259	-124.372501
200.457954	-129.086589
194.624649	-133.800677


206.844271	-125.044857
201.093178	-129.858900
195.342086	-134.672944


207.408801	-125.707571
201.741635	-130.620136
196.074468	-135.532701


207.984684	-126.360445
202.403130	-131.370069
196.821576	-136.379693


208.571746	-127.003284
203.077467	-132.108475
197.583188	-137.213667


209.169813	-127.635898
203.764446	-132.835136
198.359078	-138.034374


209.778708	-128.258097
204.463861	-133.549834
199.149014	-138.841571


210.398248	-128.869697
205.175505	-134.252357
199.952761	-139.635017


211.028250	-129.470515
205.899165	-134.942495
200.770080	-140.414476


211.668525	-130.060373
206.634626	-135.620044
201.600728	-141.179715


212.318883	-130.639094
207.381669	-136.284801
202.444456	-141.930507


212.979131	-131.206507
208.140072	-136.936568
203.301014	-142.666628


213.649071	-131.762443
208.909609	-137.575151
204.170146	-143.387859


214.328505	-132.306736
209.690050	-138.200361
205.051595	-144.093985


215.017229	-132.839223
210.481163	-138.812010
205.945097	-144.784797


215.753698	-133.389801
211.281980	-139.410911
206.810263	-145.432022


216.556513	-133.986029
212.084795	-140.007140
207.613077	-146.028250


217.359328	-134.582258
212.887610	-140.603368
208.415892	-146.624479


218.162143	-135.178486
213.690425	-141.199597
209.218707	-147.220707


218.964957	-135.774715
214.493239	-141.795825
210.021521	-147.816936


219.767772	-136.370943
215.296054	-142.392054
210.824336	-148.413165


220.570587	-136.967172
216.098869	-142.988283
211.627151	-149.009393


221.373402	-137.563401
216.901684	-143.584511
212.429965	-149.605622


222.176217	-138.159629
217.704498	-144.180740
213.232780	-150.201850


222.979031	-138.755858
218.507313	-144.776968
214.035595	-150.798079


223.781846	-139.352086
219.310128	-145.373197
214.838409	-151.394307


224.584661	-139.948315
220.112943	-145.969425
215.641224	-151.990536


225.387476	-140.544544
220.915757	-146.565654
216.444039	-152.586765


226.190291	-141.140772
221.718572	-147.161883
217.246854	-153.182993


226.993105	-141.737001
222.521387	-147.758111
218.049668	-153.779222


227.795920	-142.333229
223.324202	-148.354340
218.852483	-154.375450


228.598735	-142.929458
224.127016	-148.950568
219.655298	-154.971679


229.401550	-143.525686
224.929831	-149.546797
220.458112	-155.567907


230.204365	-144.121915
225.732646	-150.143026
221.260927	-156.164136


231.007179	-144.718144
226.535461	-150.739254
222.063742	-156.760365


231.809994	-145.314372
227.338275	-151.335483
222.866556	-157.356593


232.612809	-145.910601
228.141090	-151.931711
223.669371	-157.952822


233.415624	-146.506829
228.943905	-152.527940
224.472186	-158.549050


234.218439	-147.103058
229.746720	-153.124168
225.275000	-159.145279


235.021253	-147.699286
230.549534	-153.720397
226.077815	-159.741508


235.824068	-148.295515
231.352349	-154.316626
226.880630	-160.337736


236.626883	-148.891744
232.155164	-154.912854
227.683445	-160.933965


237.429698	-149.487972
232.957979	-155.509083
228.486259	-161.530193


238.232513	-150.084201
233.760793	-156.105311
229.289074	-162.126422


239.035327	-150.680429
234.563608	-156.701540
230.091889	-162.722650


239.838142	-151.276658
235.366423	-157.297768
230.894703	-163.318879


240.640957	-151.872886
236.169238	-157.893997
231.697518	-163.915108


241.443772	-152.469115
236.972052	-158.490226
232.500333	-164.511336


242.246587	-153.065344
237.774867	-159.086454
233.303147	-165.107565


243.049401	-153.661572
238.577682	-159.682683
234.105962	-165.703793


243.852216	-154.257801
239.380497	-160.278911
234.908777	-166.300022


244.655031	-154.854029
240.183311	-160.875140
235.711592	-166.896250


245.457846	-155.450258
240.986126	-161.471368
236.514406	-167.492479


246.260661	-156.046487
241.788941	-162.067597
237.317221	-168.088708


247.063476	-156.642715
242.591756	-162.663826
238.120036	-168.684936


247.866290	-157.238944
243.394570	-163.260054
238.922850	-169.281165


248.669105	-157.835172
244.197385	-163.856283
239.725665	-169.877393


249.471920	-158.431401
245.000200	-164.452511
240.528480	-170.473622


250.274735	-159.027629
245.803015	-165.048740
241.331294	-171.069850


251.077550	-159.623858
246.605829	-165.644969
242.134109	-171.666079


251.880364	-160.220087
247.408644	-166.241197
242.936924	-172.262308


252.683179	-160.816315
248.211459	-166.837426
243.739738	-172.858536


253.485994	-161.412544
249.014274	-167.433654
244.542553	-173.454765


254.288809	-162.008772
249.817088	-168.029883
245.345368	-174.050993


255.091624	-162.605001
250.619903	-168.626111
246.148183	-174.647222


255.894438	-163.201229
251.422718	-169.222340
246.950997	-175.243451


256.697253	-163.797458
252.225533	-169.818569
247.753812	-175.839679


257.500068	-164.393687
253.028347	-170.414797
248.556627	-176.435908


258.302883	-164.989915
253.831162	-171.011026
249.359441	-177.032136


259.105698	-165.586144
254.633977	-171.607254
250.162256	-177.628365


259.908512	-166.182372
255.436792	-172.203483
250.965071	-178.224593


260.711327	-166.778601
256.239606	-172.799711
251.767885	-178.820822


261.514142	-167.374830
257.042421	-173.395940
252.570700	-179.417051


262.316957	-167.971058
257.845236	-173.992169
253.373515	-180.013279


263.119772	-168.567287
258.648051	-174.588397
254.176329	-180.609508


263.922586	-169.163515
259.450865	-175.184626
254.979144	-181.205736


264.725401	-169.759744
260.253680	-175.780854
255.781959	-181.801965


265.528216	-170.355972
261.056495	-176.377083
256.584774	-182.398193


266.331031	-170.952201
261.859310	-176.973312
257.387588	-182.994422


267.133846	-171.548430
262.662124	-177.569540
258.190403	-183.590651


267.936660	-172.144658
263.464939	-178.165769
258.993218	-184.186879


268.739475	-172.740887
264.267754	-178.761997
259.796032	-184.783108


269.542290	-173.337115
265.070569	-179.358226
260.598847	-185.379336


270.345105	-173.933344
265.873383	-179.954454
261.401662	-185.975565


271.147920	-174.529572
266.676198	-180.550683
262.204476	-186.571794


271.950734	-175.125801
267.479013	-181.146912
263.007291	-187.168022


272.753549	-175.722030
268.281828	-181.743140
263.810106	-187.764251


273.556364	-176.318258
269.084642	-182.339369
264.612921	-188.360479


274.359179	-176.914487
269.887457	-182.935597
265.415735	-188.956708


275.161994	-177.510715
270.690272	-183.531826
266.218550	-189.552936


275.964808	-178.106944
271.493086	-184.128054
267.021365	-190.149165


276.767623	-178.703172
272.295901	-184.724283
267.824179	-190.745394


277.570438	-179.299401
273.098716	-185.320512
268.626994	-191.341622


278.373253	-179.895630
273.901531	-185.916740
269.429809	-191.937851


279.176068	-180.491858
274.704345	-186.512969
270.232623	-192.534079


279.978882	-181.088087
275.507160	-187.109197
271.035438	-193.130308


280.781697	-181.684315
276.309975	-187.705426
271.838253	-193.726536


281.584512	-182.280544
277.112790	-188.301654
272.641067	-194.322765


282.387327	-182.876773
277.915604	-188.897883
273.443882	-194.918994


283.190142	-183.473001
278.718419	-189.494112
274.246697	-195.515222


283.992956	-184.069230
279.521234	-190.090340
275.049512	-196.111451


284.795771	-184.665458
280.324049	-190.686569
275.852326	-196.707679


285.598586	-185.261687
281.126863	-191.282797
276.655141	-197.303908


286.401401	-185.857915
281.929678	-191.879026
277.457956	-197.900136


287.204216	-186.454144
282.732493	-192.475255
278.260770	-198.496365


288.007030	-187.050373
283.535308	-193.071483
279.063585	-199.092594


288.809845	-187.646601
284.338122	-193.667712
279.866400	-199.688822


289.612660	-188.242830
285.140937	-194.263940
280.669214	-200.285051


290.415475	-188.839058
285.943752	-194.860169
281.472029	-200.881279


291.218290	-189.435287
286.746567	-195.456397
282.274844	-201.477508


292.021104	-190.031515
287.549381	-196.052626
283.077659	-202.073737


292.823919	-190.627744
288.352196	-196.648855
283.880473	-202.669965


293.626734	-191.223973
289.155011	-197.245083
284.683288	-203.266194


294.429549	-191.820201
289.957826	-197.841312
285.486103	-203.862422


295.232364	-192.416430
290.760640	-198.437540
286.288917	-204.458651


296.035178	-193.012658
291.563455	-199.033769
287.091732	-205.054879


296.837993	-193.608887
292.366270	-199.629997
287.894547	-205.651108


297.640808	-194.205115
293.169085	-200.226226
288.697361	-206.247337


298.443623	-194.801344
293.971899	-200.822455
289.500176	-206.843565


299.246438	-195.397573
294.774714	-201.418683
290.302991	-207.439794


300.049252	-195.993801
295.577529	-202.014912
291.105805	-208.036022


300.852067	-196.590030
296.380344	-202.611140
291.908620	-208.632251


301.654882	-197.186258
297.183158	-203.207369
292.711435	-209.228479


302.457697	-197.782487
297.985973	-203.803597
293.514250	-209.824708


303.260512	-198.378716
298.788788	-204.399826
294.317064	-210.420937


304.063326	-198.974944
299.591603	-204.996055
295.119879	-211.017165


304.866141	-199.571173
300.394417	-205.592283
295.922694	-211.613394


305.668956	-200.167401
301.197232	-206.188512
296.725508	-212.209622


306.471771	-200.763630
302.000047	-206.784740
297.528323	-212.805851


307.274586	-201.359858
302.802862	-207.380969
298.331138	-213.402079


308.077400	-201.956087
303.605676	-207.977198
299.133952	-213.998308


308.880215	-202.552316
304.408491	-208.573426
299.936767	-214.594537


309.683030	-203.148544
305.211306	-209.169655
300.739582	-215.190765


310.485845	-203.744773
306.014121	-209.765883
301.542396	-215.786994


311.288660	-204.341001
306.816935	-210.362112
302.345211	-216.383222


312.091474	-204.937230
307.619750	-210.958340
303.148026	-216.979451


312.894289	-205.533458
308.422565	-211.554569
303.950841	-217.575680


313.697104	-206.129687
309.225380	-212.150798
304.753655	-218.171908


314.499919	-206.725916
310.028194	-212.747026
305.556470	-218.768137


315.302734	-207.322144
310.831009	-213.343255
306.359285	-219.364365


316.105548	-207.918373
311.633824	-213.939483
307.162099	-219.960594


316.908363	-208.514601
312.436639	-214.535712
307.964914	-220.556822


317.711178	-209.110830
313.239453	-215.131940
308.767729	-221.153051


318.513993	-209.707058
314.042268	-215.728169
309.570543	-221.749280


319.316808	-210.303287
314.845083	-216.324398
310.373358	-222.345508


320.119623	-210.899516
315.647898	-216.920626
311.176173	-222.941737


320.922437	-211.495744
316.450712	-217.516855
311.978988	-223.537965


321.725252	-212.091973
317.253527	-218.113083
312.781802	-224.134194


322.528067	-212.688201
318.056342	-218.709312
313.584617	-224.730422


323.330882	-213.284430
318.859157	-219.305540
314.387432	-225.326651


324.133697	-213.880659
319.661971	-219.901769
315.190246	-225.922880


324.936511	-214.476887
320.464786	-220.497998
315.993061	-226.519108


325.739326	-215.073116
321.267601	-221.094226
316.795876	-227.115337


326.542141	-215.669344
322.070416	-221.690455
317.598690	-227.711565


327.344956	-216.265573
322.873230	-222.286683
318.401505	-228.307794


328.147771	-216.861801
323.676045	-222.882912
319.204320	-228.904022


328.950585	-217.458030
324.478860	-223.479141
320.007134	-229.500251


329.810250	-218.099866
325.280258	-224.077263
320.750267	-230.054660


330.719467	-218.803302
326.071169	-224.689168
321.422870	-230.575035


331.614474	-219.524731
326.849718	-225.316725
322.084962	-231.108720


332.494916	-220.263865
327.615598	-225.959684
322.736279	-231.655503


333.360442	-221.020411
328.368502	-226.617789
323.376562	-232.215166


334.210709	-221.794068
329.108133	-227.290778
324.005556	-232.787487


335.045377	-222.584527
329.834194	-227.978383
324.623012	-233.372239


335.864114	-223.391476
330.546398	-228.680332
325.228683	-233.969188


336.666596	-224.214592
331.244462	-229.396345
325.822328	-234.578097


337.452503	-225.053548
331.928108	-230.126136
326.403712	-235.198725


338.221523	-225.908011
332.597063	-230.869417
326.972603	-235.830823


338.973348	-226.777640
333.251061	-231.625891
327.528775	-236.474142


339.707681	-227.662090
333.889844	-232.395257
328.072006	-237.128424


340.424230	-228.561009
334.513156	-233.177209
328.602081	-237.793409


341.122709	-229.474040
335.120749	-233.971437
329.118789	-238.468834


341.802840	-230.400819
335.712382	-234.777624
329.621924	-239.154429


342.464353	-231.340977
336.287820	-235.595449
330.111286	-239.849922


343.106985	-232.294141
336.846833	-236.424588
330.586681	-240.555035


343.730480	-233.259931
337.389200	-237.264710
331.047919	-241.269490


344.334591	-234.237964
337.914704	-238.115482
331.494817	-241.993001


344.919076	-235.227850
338.423136	-238.976565
331.927196	-242.725280


345.483704	-236.229195
338.914295	-239.847616
332.344886	-243.466037


346.028250	-237.241602
339.387985	-240.728289
332.747720	-244.214976


346.552496	-238.264667
339.844017	-241.618234
333.135538	-244.971800


347.056236	-239.297984
340.282211	-242.517096
333.508185	-245.736208


347.539268	-240.341141
340.702391	-243.424519
333.865514	-246.507896


348.001400	-241.393724
341.104391	-244.340140
334.207382	-247.286556


348.442448	-242.455315
341.488050	-245.263597
334.533652	-248.071880


348.862238	-243.525489
341.853217	-246.194521
334.844197	-248.863554


349.260601	-244.603823
342.199746	-247.132543
335.138891	-249.661263


349.637380	-245.689887
342.527498	-248.077289
335.417617	-250.464692


349.992424	-246.783249
342.836345	-249.028384
335.680266	-251.273519


350.325593	-247.883475
343.126162	-249.985449
335.926731	-252.087423


350.636754	-248.990125
343.396835	-250.948103
336.156916	-252.906081


350.925783	-250.102762
343.648256	-251.915964
336.370729	-253.729166


351.192565	-251.220941
343.880324	-252.888646
336.568084	-254.556352


351.436994	-252.344218
344.092949	-253.865764
336.748904	-255.387309


351.658973	-253.472147
344.286044	-254.846927
336.913115	-256.221707


351.858413	-254.604278
344.459534	-255.831746
337.060654	-257.059214


352.035236	-255.740161
344.613348	-256.819829
337.191461	-257.899497


352.189371	-256.879345
344.747427	-257.810783
337.305483	-258.742221


352.320756	-258.021376
344.861716	-258.804214
337.402677	-259.587052


352.429339	-259.165800
344.956171	-259.799726
337.483003	-260.433652


352.515077	-260.312162
345.030753	-260.796925
337.546429	-261.281687


352.577937	-261.460006
345.085434	-261.795412
337.592931	-262.130818


352.617892	-262.608876
345.120190	-262.794791
337.622488	-262.980707


352.634928	-263.758313
345.135009	-263.794665
337.635091	-263.831017


352.629037	-264.907862
345.129885	-264.794636
337.630733	-264.681409


352.600221	-266.057065
345.104819	-265.794305
337.609416	-265.531545


352.548493	-267.205465
345.059822	-266.793275
337.571150	-266.381086


352.473872	-268.352604
344.994911	-267.791150
337.515949	-267.229696


352.376389	-269.498027
344.910112	-268.787532
337.443835	-268.077036


352.256082	-270.641278
344.805459	-269.782024
337.354836	-268.922769


352.112999	-271.781903
344.680994	-270.774231
337.248989	-269.766559


351.947197	-272.919447
344.536766	-271.763759
337.126335	-270.608071


351.758742	-274.053459
344.372832	-272.750214
336.986923	-271.446969


351.547708	-275.183486
344.189259	-273.733203
336.830809	-272.282920


351.314181	-276.309080
343.986118	-274.712336
336.658055	-273.115591


351.058252	-277.429793
343.763490	-275.687222
336.468728	-273.944651


350.780023	-278.545179
343.521464	-276.657475
336.262906	-274.769771


350.479606	-279.654795
343.260137	-277.622708
336.040669	-275.590622


350.157119	-280.758199
342.979612	-278.582538
335.802106	-276.406877


349.812691	-281.854951
342.680001	-279.536582
335.547311	-277.218213


349.446459	-282.944617
342.361423	-280.484461
335.276387	-278.024306


349.058569	-284.026762
342.024005	-281.425799
334.989441	-278.824835


348.649175	-285.100957
341.667881	-282.360220
334.686587	-279.619483


348.249676	-286.097290
341.295575	-283.288300
334.341473	-280.479309


347.875144	-287.024504
340.921042	-284.215513
333.966941	-281.406523


347.500611	-287.951718
340.546509	-285.142727
333.592408	-282.333737


347.126078	-288.878932
340.171977	-286.069941
333.217875	-283.260951


346.751545	-289.806145
339.797444	-286.997155
332.843342	-284.188164


346.377013	-290.733359
339.422911	-287.924369
332.468810	-285.115378


346.002480	-291.660573
339.048378	-288.851583
332.094277	-286.042592


345.627947	-292.587787
338.673846	-289.778796
331.719744	-286.969806


345.253414	-293.515001
338.299313	-290.706010
331.345211	-287.897020


344.878882	-294.442215
337.924780	-291.633224
330.970679	-288.824234


344.504349	-295.369428
337.550247	-292.560438
330.596146	-289.751447


344.129816	-296.296642
337.175715	-293.487652
330.221613	-290.678661


343.755283	-297.223856
336.801182	-294.414865
329.847080	-291.605875


343.380751	-298.151070
336.426649	-295.342079
329.472547	-292.533089


343.006218	-299.078284
336.052116	-296.269293
329.098015	-293.460303


342.631685	-300.005497
335.677584	-297.196507
328.723482	-294.387516


342.257152	-300.932711
335.303051	-298.123721
328.348949	-295.314730


341.882620	-301.859925
334.928518	-299.050935
327.974416	-296.241944


341.508087	-302.787139
334.553985	-299.978148
327.599884	-297.169158


341.133554	-303.714353
334.179452	-300.905362
327.225351	-298.096372


340.759021	-304.641567
333.804920	-301.832576
326.850818	-299.023586


340.384489	-305.568780
333.430387	-302.759790
326.476285	-299.950799


340.009956	-306.495994
333.055854	-303.687004
326.101753	-300.878013


339.635423	-307.423208
332.681321	-304.614218
325.727220	-301.805227


339.260890	-308.350422
332.306789	-305.541431
325.352687	-302.732441


338.886357	-309.277636
331.932256	-306.468645
324.978154	-303.659655


338.511825	-310.204849
331.557723	-307.395859
324.603622	-304.586869


338.137292	-311.132063
331.183190	-308.323073
324.229089	-305.514082


337.762759	-312.059277
330.808658	-309.250287
323.854556	-306.441296


337.388226	-312.986491
330.434125	-310.177500
323.480023	-307.368510


337.013694	-313.913705
330.059592	-311.104714
323.105491	-308.295724


336.639161	-314.840919
329.685059	-312.031928
322.730958	-309.222938


336.264628	-315.768132
329.310527	-312.959142
322.356425	-310.150151


335.890095	-316.695346
328.935994	-313.886356
321.981892	-311.077365


335.515563	-317.622560
328.561461	-314.813570
321.607360	-312.004579


335.141030	-318.549774
328.186928	-315.740783
321.232827	-312.931793


334.766497	-319.476988
327.812396	-316.667997
320.858294	-313.859007


334.391964	-320.404202
327.437863	-317.595211
320.483761	-314.786221


334.017432	-321.331415
327.063330	-318.522425
320.109228	-315.713434


333.642899	-322.258629
326.688797	-319.449639
319.734696	-316.640648


333.268366	-323.185843
326.314265	-320.376853
319.360163	-317.567862


332.893833	-324.113057
325.939732	-321.304066
318.985630	-318.495076


332.519301	-325.040271
325.565199	-322.231280
318.611097	-319.422290


332.144768	-325.967484
325.190666	-323.158494
318.236565	-320.349504


331.770235	-326.894698
324.816133	-324.085708
317.862032	-321.276717


331.395702	-327.821912
324.441601	-325.012922
317.487499	-322.203931


331.021170	-328.749126
324.067068	-325.940135
317.112966	-323.131145


330.646637	-329.676340
323.692535	-326.867349
316.738434	-324.058359


330.272104	-330.603554
323.318002	-327.794563
316.363901	-324.985573


329.897571	-331.530767
322.943470	-328.721777
315.989368	-325.912786


329.523038	-332.457981
322.568937	-329.648991
315.614835	-326.840000


329.148506	-333.385195
322.194404	-330.576205
315.240303	-327.767214


328.773973	-334.312409
321.819871	-331.503418
314.865770	-328.694428


328.399440	-335.239623
321.445339	-332.430632
314.491237	-329.621642


328.024907	-336.166837
321.070806	-333.357846
314.116704	-330.548856


327.650375	-337.094050
320.696273	-334.285060
313.742172	-331.476069


327.275842	-338.021264
320.321740	-335.212274
313.367639	-332.403283


326.901309	-338.948478
319.947208	-336.139488
312.993106	-333.330497


326.526776	-339.875692
319.572675	-337.066701
312.618573	-334.257711


326.152244	-340.802906
319.198142	-337.993915
312.244041	-335.184925


325.777711	-341.730119
318.823609	-338.921129
311.869508	-336.112139


325.403178	-342.657333
318.449077	-339.848343
311.494975	-337.039352


325.028645	-343.584547
318.074544	-340.775557
311.120442	-337.966566


324.654113	-344.511761
317.700011	-341.702770
310.745909	-338.893780


324.279580	-345.438975
317.325478	-342.629984
310.371377	-339.820994


323.905047	-346.366189
316.950946	-343.557198
309.996844	-340.748208


323.530514	-347.293402
316.576413	-344.484412
309.622311	-341.675421


323.155982	-348.220616
316.201880	-345.411626
309.247778	-342.602635


322.781449	-349.147830
315.827347	-346.338840
308.873246	-343.529849


322.406916	-350.075044
315.452814	-347.266053
308.498713	-344.457063


322.032383	-351.002258
315.078282	-348.193267
308.124180	-345.384277


321.657851	-351.929472
314.703749	-349.120481
307.749647	-346.311491


321.283318	-352.856685
314.329216	-350.047695
307.375115	-347.238704


320.908785	-353.783899
313.954683	-350.974909
307.000582	-348.165918


320.534252	-354.711113
313.580151	-351.902123
306.626049	-349.093132


320.154465	-355.651059
313.205534	-352.829302
306.256602	-350.007546


319.716139	-356.702417
312.820730	-353.752285
305.925320	-350.802153


319.258393	-357.745467
312.418876	-354.667973
305.579359	-351.590479


318.781383	-358.779848
312.000111	-355.576052
305.218839	-352.372255


318.285273	-359.805206
311.564579	-356.476209
304.843884	-353.147211


317.770234	-360.821188
311.112428	-357.368134
304.454623	-353.915081


317.236444	-361.827444
310.643816	-358.251522
304.051189	-354.675600


316.684085	-362.823629
310.158903	-359.126068
303.633721	-355.428507


316.113348	-363.809399
309.657856	-359.991471
303.202363	-356.173543


315.524429	-364.784416
309.140846	-360.847434
302.757264	-356.910452


314.917531	-365.748345
308.608053	-361.693662
302.298576	-357.638980


314.292861	-366.700853
308.059659	-362.529865
301.826456	-358.358877


313.650636	-367.641614
307.495853	-363.355754
301.341069	-359.069895


312.991076	-368.570303
306.916828	-364.171047
300.842579	-359.771790


312.314408	-369.486602
306.322784	-364.975461
300.331160	-360.464320


311.620864	-370.390196
305.713925	-365.768721
299.806986	-361.147247


310.910683	-371.280773
305.090461	-366.550555
299.270238	-361.820337


310.184110	-372.158027
304.452605	-367.320692
298.721100	-362.483357


309.441394	-373.021656
303.800578	-368.078868
298.159762	-363.136081


308.682790	-373.871365
303.134603	-368.824823
297.586416	-363.778282


307.908559	-374.706859
302.454910	-369.558300
297.001260	-364.409741


307.118969	-375.527853
301.761732	-370.279047
296.404495	-365.030240


306.314289	-376.334063
301.055307	-370.986815
295.796325	-365.639566


305.494798	-377.125213
300.335880	-371.681361
295.176961	-366.237510


304.660776	-377.901030
299.603696	-372.362447
294.546616	-366.823865


303.812512	-378.661247
298.859008	-373.029839
293.905505	-367.398430


302.950295	-379.405604
298.102072	-373.683306
293.253850	-367.961008


302.074424	-380.133843
297.333149	-374.322624
292.591874	-368.511404


301.185198	-380.845715
296.552502	-374.947573
291.919806	-369.049431


300.282925	-381.540975
295.760400	-375.557938
291.237876	-369.574902


299.367913	-382.219384
294.957116	-376.153510
290.546319	-370.087636


298.440479	-382.880708
294.142926	-376.734083
289.845373	-370.587459


297.500941	-383.524720
293.318109	-377.299458
289.135278	-371.074197


296.549621	-384.151198
292.482950	-377.849441
288.416280	-371.547684


295.586848	-384.759928
291.637736	-378.383842
287.688625	-372.007755


294.612952	-385.350699
290.782758	-378.902477
286.952563	-372.454255


293.628268	-385.923308
289.918308	-379.405168
286.208348	-372.887028


292.633135	-386.477559
289.044686	-379.891742
285.456236	-373.305925


291.627895	-387.013261
288.162190	-380.362033
284.696485	-373.710804


290.612894	-387.530230
287.271125	-380.815877
283.929357	-374.101524


289.588481	-388.028288
286.371798	-381.253120
283.155115	-374.477951


288.555008	-388.507263
285.464517	-381.673610
282.374026	-374.839956


287.512831	-388.966991
284.549594	-382.077203
281.586358	-375.187414


286.462307	-389.407314
283.627344	-382.463760
280.792382	-375.520206


285.403799	-389.828081
282.698085	-382.833149
279.992371	-375.838218


284.337670	-390.229146
281.762135	-383.185242
279.186601	-376.141339


283.264287	-390.610372
280.819818	-383.519919
278.375348	-376.429466


282.184020	-390.971627
279.871456	-383.837063
277.558892	-376.702499


281.206061	-391.285177
278.919166	-384.142324
276.632270	-376.999471


280.253683	-391.590097
277.966788	-384.447244
275.679892	-377.304391


279.301305	-391.895016
277.014409	-384.752163
274.727514	-377.609310


278.348927	-392.199936
276.062031	-385.057083
273.775136	-377.914230


277.396549	-392.504855
275.109653	-385.362002
272.822758	-378.219150


276.444171	-392.809775
274.157275	-385.666922
271.870379	-378.524069


275.491793	-393.114694
273.204897	-385.971841
270.918001	-378.828989


274.539415	-393.419614
272.252519	-386.276761
269.965623	-379.133908


273.587037	-393.724533
271.300141	-386.581681
269.013245	-379.438828


272.634659	-394.029453
270.347763	-386.886600
268.060867	-379.743747


271.682281	-394.334372
269.395385	-387.191520
267.108489	-380.048667


270.729902	-394.639292
268.443007	-387.496439
266.156111	-380.353586


269.777524	-394.944212
267.490629	-387.801359
265.203733	-380.658506


268.825146	-395.249131
266.538251	-388.106278
264.251355	-380.963425


267.872768	-395.554051
265.585872	-388.411198
263.298977	-381.268345


266.920390	-395.858970
264.633494	-388.716117
262.346599	-381.573265


265.968012	-396.163890
263.681116	-389.021037
261.394221	-381.878184


265.015634	-396.468809
262.728738	-389.325956
260.441842	-382.183104


264.063256	-396.773729
261.776360	-389.630876
259.489464	-382.488023


263.110878	-397.078648
260.823982	-389.935796
258.537086	-382.792943


262.158500	-397.383568
259.871604	-390.240715
257.584708	-383.097862


261.206122	-397.688487
258.919226	-390.545635
256.632330	-383.402782


260.253744	-397.993407
257.966848	-390.850554
255.679952	-383.707701


259.301366	-398.298327
257.014470	-391.155474
254.727574	-384.012621


258.348987	-398.603246
256.062092	-391.460393
253.775196	-384.317540


257.396609	-398.908166
255.109714	-391.765313
252.822818	-384.622460


256.444231	-399.213085
254.157336	-392.070232
251.870440	-384.927380


255.491853	-399.518005
253.204957	-392.375152
250.918062	-385.232299


254.539475	-399.822924
252.252579	-392.680071
249.965684	-385.537219


253.587097	-400.127844
251.300201	-392.984991
249.013306	-385.842138


252.634719	-400.432763
250.347823	-393.289911
248.060927	-386.147058


251.682341	-400.737683
249.395445	-393.594830
247.108549	-386.451977


250.729963	-401.042602
248.443067	-393.899750
246.156171	-386.756897


249.777585	-401.347522
247.490689	-394.204669
245.203793	-387.061816


248.825207	-401.652442
246.538311	-394.509589
244.251415	-387.366736


247.872829	-401.957361
245.585933	-394.814508
243.299037	-387.671655


246.920450	-402.262281
244.633555	-395.119428
242.346659	-387.976575


245.968072	-402.567200
243.681177	-395.424347
241.394281	-388.281495


245.015694	-402.872120
242.728799	-395.729267
240.441903	-388.586414


244.063316	-403.177039
241.776420	-396.034186
239.489525	-388.891334


243.110938	-403.481959
240.824042	-396.339106
238.537147	-389.196253


242.158560	-403.786878
239.871664	-396.644026
237.584769	-389.501173


241.206182	-404.091798
238.919286	-396.948945
236.632390	-389.806092


240.253804	-404.396717
237.966908	-397.253865
235.680012	-390.111012


239.301426	-404.701637
237.014530	-397.558784
234.727634	-390.415931


238.349048	-405.006557
236.062152	-397.863704
233.775256	-390.720851


237.396670	-405.311476
235.109774	-398.168623
232.822878	-391.025770


236.444292	-405.616396
234.157396	-398.473543
231.870500	-391.330690


235.491913	-405.921315
233.205018	-398.778462
230.918122	-391.635610


234.539535	-406.226235
232.252640	-399.083382
229.965744	-391.940529


233.587157	-406.531154
231.300262	-399.388301
229.013366	-392.245449


232.634779	-406.836074
230.347883	-399.693221
228.060988	-392.550368


231.682401	-407.140993
229.395505	-399.998141
227.108610	-392.855288


230.730023	-407.445913
228.443127	-400.303060
226.156232	-393.160207


229.777645	-407.750832
227.490749	-400.607980
225.203854	-393.465127


228.825267	-408.055752
226.538371	-400.912899
224.251475	-393.770046


227.872889	-408.360672
225.585993	-401.217819
223.299097	-394.074966


226.920511	-408.665591
224.633615	-401.522738
222.346719	-394.379885


225.968133	-408.970511
223.681237	-401.827658
221.394341	-394.684805


225.015755	-409.275430
222.728859	-402.132577
220.441963	-394.989725


224.063377	-409.580350
221.776481	-402.437497
219.489585	-395.294644


223.110998	-409.885269
220.824103	-402.742416
218.537207	-395.599564


222.158620	-410.190189
219.871725	-403.047336
217.584829	-395.904483


221.206242	-410.495108
218.919347	-403.352256
216.632451	-396.209403


220.253864	-410.800028
217.966968	-403.657175
215.680073	-396.514322


219.301486	-411.104947
217.014590	-403.962095
214.727695	-396.819242


218.349108	-411.409867
216.062212	-404.267014
213.775317	-397.124161


217.396730	-411.714787
215.109834	-404.571934
212.822938	-397.429081


216.444352	-412.019706
214.157456	-404.876853
211.870560	-397.734000


215.491974	-412.324626
213.205078	-405.181773
210.918182	-398.038920


214.539596	-412.629545
212.252700	-405.486692
209.965804	-398.343840


213.587218	-412.934465
211.300322	-405.791612
209.013426	-398.648759


212.634840	-413.239384
210.347944	-406.096531
208.061048	-398.953679


211.682461	-413.544304
209.395566	-406.401451
207.108670	-399.258598


210.730083	-413.849223
208.443188	-406.706371
206.156292	-399.563518


209.777705	-414.154143
207.490810	-407.011290
205.203914	-399.868437


208.825327	-414.459062
206.538431	-407.316210
204.251536	-400.173357


207.872949	-414.763982
205.586053	-407.621129
203.299158	-400.478276


206.920571	-415.068902
204.633675	-407.926049
202.346780	-400.783196


205.968193	-415.373821
203.681297	-408.230968
201.394401	-401.088115


205.015815	-415.678741
202.728919	-408.535888
200.442023	-401.393035


204.063437	-415.983660
201.776541	-408.840807
199.489645	-401.697955


203.111059	-416.288580
200.824163	-409.145727
198.537267	-402.002874


202.158681	-416.593499
199.871785	-409.450646
197.584889	-402.307794


201.206303	-416.898419
198.919407	-409.755566
196.632511	-402.612713


200.253925	-417.203338
197.967029	-410.060486
195.680133	-402.917633


199.301546	-417.508258
197.014651	-410.365405
194.727755	-403.222552


198.349168	-417.813177
196.062273	-410.670325
193.775377	-403.527472


197.396790	-418.118097
195.109895	-410.975244
192.822999	-403.832391


196.444412	-418.423017
194.157516	-411.280164
191.870621	-404.137311


195.492034	-418.727936
193.205138	-411.585083
190.918243	-404.442230


194.539656	-419.032856
192.252760	-411.890003
189.965865	-404.747150


193.587278	-419.337775
191.300382	-412.194922
189.013486	-405.052070


192.634900	-419.642695
190.348004	-412.499842
188.061108	-405.356989


191.682522	-419.947614
189.395626	-412.804761
187.108730	-405.661909


190.730144	-420.252534
188.443248	-413.109681
186.156352	-405.966828


189.777766	-420.557453
187.490870	-413.414601
185.203974	-406.271748


188.825388	-420.862373
186.538492	-413.719520
184.251596	-406.576667


187.873009	-421.167292
185.586114	-414.024440
183.299218	-406.881587


186.920631	-421.472212
184.633736	-414.329359
182.346840	-407.186506


185.968253	-421.777132
183.681358	-414.634279
181.394462	-407.491426


185.015875	-422.082051
182.728979	-414.939198
180.442084	-407.796345


184.063497	-422.386971
181.776601	-415.244118
179.489706	-408.101265


183.111119	-422.691890
180.824223	-415.549037
178.537328	-408.406185


182.158741	-422.996810
179.871845	-415.853957
177.584949	-408.711104


181.206363	-423.301729
178.919467	-416.158876
176.632571	-409.016024


180.253985	-423.606649
177.967089	-416.463796
175.680193	-409.320943


179.301607	-423.911568
177.014711	-416.768716
174.727815	-409.625863


178.349229	-424.216488
176.062333	-417.073635
173.775437	-409.930782


177.396851	-424.521407
175.109955	-417.378555
172.823059	-410.235702


176.444472	-424.826327
174.157577	-417.683474
171.870681	-410.540621


175.492094	-425.131247
173.205199	-417.988394
170.918303	-410.845541


174.539716	-425.436166
172.252821	-418.293313
169.965925	-411.150460


173.587338	-425.741086
171.300442	-418.598233
169.013547	-411.455380


172.634960	-426.046005
170.348064	-418.903152
168.061169	-411.760300


171.682582	-426.350925
169.395686	-419.208072
167.108791	-412.065219


170.730204	-426.655844
168.443308	-419.512991
166.156413	-412.370139


169.777826	-426.960764
167.490930	-419.817911
165.204034	-412.675058


168.825448	-427.265683
166.538552	-420.122831
164.251656	-412.979978


167.873070	-427.570603
165.586174	-420.427750
163.299278	-413.284897


166.920692	-427.875522
164.633796	-420.732670
162.346900	-413.589817


165.968314	-428.180442
163.681418	-421.037589
161.394522	-413.894736


165.015936	-428.485362
162.729040	-421.342509
160.442144	-414.199656


164.063557	-428.790281
161.776662	-421.647428
159.489766	-414.504575


163.111179	-429.095201
160.824284	-421.952348
158.537388	-414.809495


162.158801	-429.400120
159.871906	-422.257267
157.585010	-415.114415


161.206423	-429.705040
158.919527	-422.562187
156.632632	-415.419334


160.254045	-430.009959
157.967149	-422.867106
155.680254	-415.724254


159.301667	-430.314879
157.014771	-423.172026
154.727876	-416.029173


158.349289	-430.619798
156.062393	-423.476946
153.775497	-416.334093


157.396911	-430.924718
155.110015	-423.781865
152.823119	-416.639012


156.444533	-431.229637
154.157637	-424.086785
151.870741	-416.943932


155.492155	-431.534557
153.205259	-424.391704
150.918363	-417.248851


154.539777	-431.839477
152.252881	-424.696624
149.965985	-417.553771


153.587399	-432.144396
151.300503	-425.001543
149.013607	-417.858690


152.635020	-432.449316
150.348125	-425.306463
148.061229	-418.163610


151.682642	-432.754235
149.395747	-425.611382
147.108851	-418.468530


150.730264	-433.059155
148.443369	-425.916302
146.156473	-418.773449


149.777886	-433.364074
147.490990	-426.221221
145.204095	-419.078369


148.825508	-433.668994
146.538612	-426.526141
144.251717	-419.383288


147.873130	-433.973913
145.586234	-426.831061
143.299339	-419.688208


146.920752	-434.278833
144.633856	-427.135980
142.346960	-419.993127


145.981095	-434.579763
143.681506	-427.440987
141.381917	-420.302210


145.154649	-434.853868
142.732361	-427.755787
140.310072	-420.657706


144.333051	-435.142176
141.788782	-428.086899
139.244513	-421.031622


143.516544	-435.444602
140.851050	-428.434225
138.185557	-421.423848


142.705370	-435.761056
139.919444	-428.797662
137.133518	-421.834268


141.899772	-436.091444
138.994241	-429.177102
136.088710	-422.262760


141.099987	-436.435668
138.075714	-429.572432
135.051442	-422.709195


140.306254	-436.793626
137.164138	-429.983534
134.022023	-423.173443


139.518809	-437.165211
136.259784	-430.410288
133.000758	-423.655364


138.737885	-437.550313
135.362918	-430.852565
131.987951	-424.154816


137.963715	-437.948818
134.473809	-431.310234
130.983903	-424.671650


137.196528	-438.360607
133.592721	-431.783160
129.988913	-425.205713


136.436553	-438.785557
132.719914	-432.271201
129.003275	-425.756846


135.684015	-439.223543
131.855649	-432.774214
128.027282	-426.324885


134.939137	-439.674435
131.000181	-433.292048
127.061225	-426.909661


134.202142	-440.138098
130.153766	-433.824550
126.105391	-427.511001


133.473248	-440.614395
129.316655	-434.371561
125.160063	-428.128727


132.752671	-441.103184
128.489097	-434.932919
124.225522	-428.762653


132.040626	-441.604320
127.671336	-435.508457
123.302047	-429.412594


131.337324	-442.117654
126.863617	-436.098004
122.389910	-430.078354


130.642974	-442.643034
126.066179	-436.701385
121.489384	-430.759737


129.957783	-443.180303
125.279259	-437.318421
120.600736	-431.456540


129.281954	-443.729302
124.503092	-437.948929
119.724230	-432.168555


128.615687	-444.289868
123.737906	-438.592720
118.860126	-432.895572


127.959181	-444.861834
122.983931	-439.249605
118.008681	-433.637375


127.312631	-445.445031
122.241389	-439.919387
117.170148	-434.393742


126.676228	-446.039285
121.510502	-440.601867
116.344775	-435.164450


126.050163	-446.644419
120.791486	-441.296844
115.532810	-435.949269


125.434620	-447.260254
120.084556	-442.004110
114.734491	-436.747966


124.829783	-447.886607
119.389921	-442.723456
113.950058	-437.560305


124.235832	-448.523292
118.707787	-443.454667
113.179742	-438.386042


123.652943	-449.170119
118.038357	-444.197527
112.423772	-439.224935


123.081288	-449.826896
117.381831	-444.951814
111.682374	-440.076732


122.521039	-450.493429
116.738403	-445.717305
110.955767	-440.941181


121.972361	-451.169519
116.108264	-446.493772
110.244168	-441.818025


121.435417	-451.854966
115.491602	-447.280985
109.547787	-442.707004


120.910367	-452.549565
114.888599	-448.078709
108.866832	-443.607853


120.397367	-453.253111
114.299436	-448.886708
108.201505	-444.520305


119.896569	-453.965394
113.724286	-449.704742
107.552003	-445.444089


119.408123	-454.686203
113.163321	-450.532567
106.918520	-446.378931


118.932172	-455.415323
112.616708	-451.369937
106.301243	-447.324552


118.468859	-456.152539
112.084608	-452.216605
105.700356	-448.280672


118.018321	-456.897630
111.567180	-453.072318
105.116039	-449.247006


117.580693	-457.650376
111.064578	-453.936822
104.548463	-450.223268


117.156103	-458.410553
110.576951	-454.809860
103.997798	-451.209167


116.744679	-459.177936
110.104443	-455.691174
103.464208	-452.204412


116.326087	-459.990503
109.646354	-456.580072
102.966620	-453.169642


115.871361	-460.881135
109.191628	-457.470704
102.511895	-454.060273


115.416635	-461.771767
108.736902	-458.361336
102.057169	-454.950905


114.961910	-462.662399
108.282177	-459.251968
101.602443	-455.841537


114.507184	-463.553031
107.827451	-460.142600
101.147718	-456.732169


114.052459	-464.443662
107.372725	-461.033231
100.692992	-457.622801


113.597733	-465.334294
106.918000	-461.923863
100.238266	-458.513432


113.143007	-466.224926
106.463274	-462.814495
99.783541	-459.404064


112.688282	-467.115558
106.008548	-463.705127
99.328815	-460.294696


112.233556	-468.006189
105.553823	-464.595759
98.874089	-461.185328


111.778830	-468.896821
105.099097	-465.486390
98.419364	-462.075959


111.324105	-469.787453
104.644371	-466.377022
97.964638	-462.966591


110.869379	-470.678085
104.189646	-467.267654
97.509912	-463.857223


110.414653	-471.568717
103.734920	-468.158286
97.055187	-464.747855


109.959928	-472.459348
103.280194	-469.048917
96.600461	-465.638487


109.505202	-473.349980
102.825469	-469.939549
96.145735	-466.529118


109.050476	-474.240612
102.370743	-470.830181
95.691010	-467.419750


108.595751	-475.131244
101.916017	-471.720813
95.236284	-468.310382


108.141025	-476.021876
101.461292	-472.611445
94.781558	-469.201014


107.686299	-476.912507
101.006566	-473.502076
94.326833	-470.091646


107.231574	-477.803139
100.551840	-474.392708
93.872107	-470.982277


106.776848	-478.693771
100.097115	-475.283340
93.417381	-471.872909


106.322122	-479.584403
99.642389	-476.173972
92.962656	-472.763541


105.867397	-480.475034
99.187663	-477.064604
92.507930	-473.654173


105.412671	-481.365666
98.732938	-477.955235
92.053204	-474.544804


104.957945	-482.256298
98.278212	-478.845867
91.598479	-475.435436


104.503220	-483.146930
97.823486	-479.736499
91.143753	-476.326068


104.048494	-484.037562
97.368761	-480.627131
90.689027	-477.216700


103.593768	-484.928193
96.914035	-481.517763
90.234302	-478.107332


103.139043	-485.818825
96.459309	-482.408394
89.779576	-478.997963


102.684317	-486.709457
96.004584	-483.299026
89.324850	-479.888595


102.229591	-487.600089
95.549858	-484.189658
88.870125	-480.779227


101.774866	-488.490721
95.095132	-485.080290
88.415399	-481.669859


101.320140	-489.381352
94.640407	-485.970921
87.960673	-482.560491


100.865414	-490.271984
94.185681	-486.861553
87.505948	-483.451122


100.410689	-491.162616
93.730955	-487.752185
87.051222	-484.341754


99.955963	-492.053248
93.276230	-488.642817
86.596496	-485.232386


99.501237	-492.943880
92.821504	-489.533449
86.141771	-486.123018


99.046512	-493.834511
92.366778	-490.424080
85.687045	-487.013649


98.591786	-494.725143
91.912053	-491.314712
85.232319	-487.904281


98.137060	-495.615775
91.457327	-492.205344
84.777594	-488.794913


97.682335	-496.506407
91.002601	-493.095976
84.322868	-489.685545


97.227609	-497.397038
90.547876	-493.986608
83.868142	-490.576177


96.772883	-498.287670
90.093150	-494.877239
83.413417	-491.466808


96.318158	-499.178302
89.638424	-495.767871
82.958691	-492.357440


95.863432	-500.068934
89.183699	-496.658503
82.503965	-493.248072


95.408706	-500.959566
88.728973	-497.549135
82.049240	-494.138704


94.953981	-501.850197
88.274247	-498.439766
81.594514	-495.029336


94.499255	-502.740829
87.819522	-499.330398
81.139788	-495.919967


94.044529	-503.631461
87.364796	-500.221030
80.685063	-496.810599


93.589804	-504.522093
86.910070	-501.111662
80.230337	-497.701231


93.135078	-505.412725
86.455345	-502.002294
79.775611	-498.591863


92.680352	-506.303356
86.000619	-502.892925
79.320886	-499.482494


92.225627	-507.193988
85.545893	-503.783557
78.866160	-500.373126


91.770901	-508.084620
85.091168	-504.674189
78.411434	-501.263758


91.316175	-508.975252
84.636442	-505.564821
77.956709	-502.154390


90.819533	-509.943344
84.180301	-506.454723
77.541069	-502.966101


90.178196	-511.102255
83.696140	-507.329612
77.214085	-503.556970


89.487312	-512.232328
83.174575	-508.182732
76.861838	-504.133135


88.748176	-513.331447
82.616583	-509.012483
76.484991	-504.693519


87.962171	-514.397554
82.023209	-509.817313
76.084247	-505.237072


87.130771	-515.428650
81.395565	-510.595712
75.660359	-505.762774


86.255532	-516.422805
80.734826	-511.346224
75.214120	-506.269642


85.338095	-517.378156
80.042231	-512.067441
74.746366	-506.756726


84.380178	-518.292913
79.319076	-512.758013
74.257973	-507.223113


83.383575	-519.165363
78.566716	-513.416647
73.749857	-507.667930


82.350154	-519.993872
77.786561	-514.042108
73.222969	-508.090344


81.281850	-520.776887
76.980073	-514.633225
72.678295	-508.489562


80.180664	-521.512942
76.148761	-515.188890
72.116858	-508.864838


79.048660	-522.200657
75.294183	-515.708063
71.539707	-509.215468


77.887958	-522.838745
74.417941	-516.189770
70.947925	-509.540796


76.700732	-523.426010
73.521675	-516.633111
70.342619	-509.840212


75.489206	-523.961352
72.607065	-517.037253
69.724925	-510.113155


74.255650	-524.443768
71.675824	-517.401441
69.095998	-510.359113


73.002374	-524.872355
70.729696	-517.724991
68.457018	-510.577627


71.731727	-525.246309
69.770453	-518.007298
67.809180	-510.768287


70.446088	-525.564931
68.799894	-518.247833
67.153699	-510.930735


69.147867	-525.827623
67.819835	-518.446145
66.491803	-511.064668


67.839494	-526.033892
66.832113	-518.601863
65.824732	-511.169834


66.523421	-526.183354
65.838578	-518.714695
65.153734	-511.246036


65.202114	-526.275727
64.841091	-518.784430
64.480068	-511.293132


63.878047	-526.310839
63.841521	-518.810936
63.804995	-511.311034


62.553701	-526.288624
62.841740	-518.794166
63.129779	-511.299707


61.231557	-526.209124
61.843621	-518.734149
62.455686	-511.259174


59.914091	-526.072487
60.849034	-518.630998
61.783978	-511.189509


58.603771	-525.878969
59.859843	-518.484906
61.115914	-511.090844


57.303053	-525.628933
58.877899	-518.296148
60.452745	-510.963363


56.014372	-525.322848
57.905043	-518.065077
59.795714	-510.807306


54.740143	-524.961286
56.943097	-517.792125
59.146050	-510.622964


53.482753	-524.544926
55.993863	-517.477804
58.504972	-510.410683


52.244557	-524.074546
55.059119	-517.122703
57.873680	-510.170860


