669.594910	656.635864
671.691315	649.434814
673.787720	642.233765


670.555050	656.915382
672.651455	649.714332
674.747860	642.513282


671.515191	657.194899
673.611596	649.993850
675.708001	642.792800


672.475331	657.474417
674.571737	650.273367
676.668142	643.072317


673.435472	657.753934
675.531877	650.552885
677.628282	643.351835


674.395613	658.033452
676.492018	650.832402
678.588423	643.631352


675.355753	658.312970
677.452158	651.111920
679.548563	643.910870


676.315894	658.592487
678.412299	651.391437
680.508704	644.190388


677.276035	658.872005
679.372440	651.670955
681.468845	644.469905


678.236175	659.151522
680.332580	651.950472
682.428985	644.749423


679.196316	659.431040
681.292721	652.229990
683.389126	645.028940


680.156456	659.710557
682.252861	652.509508
684.349266	645.308458


681.116597	659.990075
683.213002	652.789025
685.309407	645.587975


682.076738	660.269592
684.173143	653.068543
686.269548	645.867493


683.036878	660.549110
685.133283	653.348060
687.229688	646.147010


683.997019	660.828628
686.093424	653.627578
688.189829	646.426528


684.957159	661.108145
687.053564	653.907095
689.149969	646.706045


685.917300	661.387663
688.013705	654.186613
690.110110	646.985563


686.877441	661.667180
688.973846	654.466130
691.070251	647.265081


687.837581	661.946698
689.933986	654.745648
692.030391	647.544598


688.797722	662.226215
690.894127	655.025166
692.990532	647.824116


689.757862	662.505733
691.854267	655.304683
693.950672	648.103633


690.718003	662.785250
692.814408	655.584201
694.910813	648.383151


691.678144	663.064768
693.774549	655.863718
695.870954	648.662668


692.638284	663.344286
694.734689	656.143236
696.831094	648.942186


693.598425	663.623803
695.694830	656.422753
697.791235	649.221703


694.558565	663.903321
696.654970	656.702271
698.751375	649.501221


695.518706	664.182838
697.615111	656.981788
699.711516	649.780739


696.478847	664.462356
698.575252	657.261306
700.671657	650.060256


697.438987	664.741873
699.535392	657.540823
701.631797	650.339774


698.399128	665.021391
700.495533	657.820341
702.591938	650.619291


699.359268	665.300908
701.455673	658.099859
703.552078	650.898809


700.319409	665.580426
702.415814	658.379376
704.512219	651.178326


701.279550	665.859943
703.375955	658.658894
705.472360	651.457844


702.239690	666.139461
704.336095	658.938411
706.432500	651.737361


703.199831	666.418979
705.296236	659.217929
707.392641	652.016879


704.159971	666.698496
706.256376	659.497446
708.352782	652.296397


705.120112	666.978014
707.216517	659.776964
709.312922	652.575914


706.080253	667.257531
708.176658	660.056481
710.273063	652.855432


707.040393	667.537049
709.136798	660.335999
711.233203	653.134949


708.000534	667.816566
710.096939	660.615517
712.193344	653.414467


708.960674	668.096084
711.057079	660.895034
713.153485	653.693984


709.920815	668.375601
712.017220	661.174552
714.113625	653.973502


710.880956	668.655119
712.977361	661.454069
715.073766	654.253019


711.841096	668.934637
713.937501	661.733587
716.033906	654.532537


712.801237	669.214154
714.897642	662.013104
716.994047	654.812055


713.761377	669.493672
715.857783	662.292622
717.954188	655.091572


714.721518	669.773189
716.817923	662.572139
718.914328	655.371090


715.681659	670.052707
717.778064	662.851657
719.874469	655.650607


716.641799	670.332224
718.738204	663.131175
720.834609	655.930125


717.601940	670.611742
719.698345	663.410692
721.794750	656.209642


718.562081	670.891259
720.658486	663.690210
722.754891	656.489160


719.522221	671.170777
721.618626	663.969727
723.715031	656.768677


720.482362	671.450295
722.578767	664.249245
724.675172	657.048195


721.442502	671.729812
723.538907	664.528762
725.635312	657.327712


722.402643	672.009330
724.499048	664.808280
726.595453	657.607230


723.362784	672.288847
725.459189	665.087797
727.555594	657.886748


724.322924	672.568365
726.419329	665.367315
728.515734	658.166265


725.283065	672.847882
727.379470	665.646833
729.475875	658.445783


726.243205	673.127400
728.339610	665.926350
730.436015	658.725300


727.203346	673.406917
729.299751	666.205868
731.396156	659.004818


728.163487	673.686435
730.259892	666.485385
732.356297	659.284335


729.123627	673.965953
731.220032	666.764903
733.316437	659.563853


730.083768	674.245470
732.180173	667.044420
734.276578	659.843370


731.043908	674.524988
733.140313	667.323938
735.236718	660.122888


732.004049	674.804505
734.100454	667.603455
736.196859	660.402406


732.964190	675.084023
735.060595	667.882973
737.157000	660.681923


733.924330	675.363540
736.020735	668.162490
738.117140	660.961441


734.884471	675.643058
736.980876	668.442008
739.077281	661.240958


735.844611	675.922575
737.941016	668.721526
740.037421	661.520476


736.804752	676.202093
738.901157	669.001043
740.997562	661.799993


737.764893	676.481611
739.861298	669.280561
741.957703	662.079511


738.725033	676.761128
740.821438	669.560078
742.917843	662.359028


739.685174	677.040646
741.781579	669.839596
743.877984	662.638546


740.645314	677.320163
742.741719	670.119113
744.838124	662.918064


741.605455	677.599681
743.701860	670.398631
745.798265	663.197581


742.565596	677.879198
744.662001	670.678148
746.758406	663.477099


743.525736	678.158716
745.622141	670.957666
747.718546	663.756616


744.485877	678.438233
746.582282	671.237184
748.678687	664.036134


745.446017	678.717751
747.542422	671.516701
749.638828	664.315651


746.406158	678.997268
748.502563	671.796219
750.598968	664.595169


747.366299	679.276786
749.462704	672.075736
751.559109	664.874686


748.326439	679.556304
750.422844	672.355254
752.519249	665.154204


749.286580	679.835821
751.382985	672.634771
753.479390	665.433722


750.246720	680.115339
752.343126	672.914289
754.439531	665.713239


751.206861	680.394856
753.303266	673.193806
755.399671	665.992757


752.167002	680.674374
754.263407	673.473324
756.359812	666.272274


753.127142	680.953891
755.223547	673.752842
757.319952	666.551792


754.087283	681.233409
756.183688	674.032359
758.280093	666.831309


755.047424	681.512926
757.143829	674.311877
759.240234	667.110827


756.007564	681.792444
758.103969	674.591394
760.200374	667.390344


756.967705	682.071962
759.064110	674.870912
761.160515	667.669862


757.927845	682.351479
760.024250	675.150429
762.120655	667.949380


758.887986	682.630997
760.984391	675.429947
763.080796	668.228897


759.848127	682.910514
761.944532	675.709464
764.040937	668.508415


760.808267	683.190032
762.904672	675.988982
765.001077	668.787932


761.768408	683.469549
763.864813	676.268500
765.961218	669.067450


762.728548	683.749067
764.824953	676.548017
766.921358	669.346967


763.688689	684.028584
765.785094	676.827535
767.881499	669.626485


764.648830	684.308102
766.745235	677.107052
768.841640	669.906002


765.608970	684.587620
767.705375	677.386570
769.801780	670.185520


766.569111	684.867137
768.665516	677.666087
770.761921	670.465037


767.529251	685.146655
769.625656	677.945605
771.722061	670.744555


768.489392	685.426172
770.585797	678.225122
772.682202	671.024073


769.449533	685.705690
771.545938	678.504640
773.642343	671.303590


770.409673	685.985207
772.506078	678.784157
774.602483	671.583108


771.369814	686.264725
773.466219	679.063675
775.562624	671.862625


772.329954	686.544242
774.426359	679.343193
776.522764	672.142143


773.290095	686.823760
775.386500	679.622710
777.482905	672.421660


774.250236	687.103278
776.346641	679.902228
778.443046	672.701178


775.210376	687.382795
777.306781	680.181745
779.403186	672.980695


776.170517	687.662313
778.266922	680.461263
780.363327	673.260213


777.130657	687.941830
779.227062	680.740780
781.323467	673.539731


778.090798	688.221348
780.187203	681.020298
782.283608	673.819248


779.050939	688.500865
781.147344	681.299815
783.243749	674.098766


780.011079	688.780383
782.107484	681.579333
784.203889	674.378283


780.971220	689.059900
783.067625	681.858851
785.164030	674.657801


781.931360	689.339418
784.027765	682.138368
786.124170	674.937318


782.891501	689.618935
784.987906	682.417886
787.084311	675.216836


783.851642	689.898453
785.948047	682.697403
788.044452	675.496353


784.811782	690.177971
786.908187	682.976921
789.004592	675.775871


785.771923	690.457488
787.868328	683.256438
789.964733	676.055389


786.732063	690.737006
788.828468	683.535956
790.924874	676.334906


787.692204	691.016523
789.788609	683.815473
791.885014	676.614424


788.652345	691.296041
790.748750	684.094991
792.845155	676.893941


789.612485	691.575558
791.708890	684.374509
793.805295	677.173459


790.572626	691.855076
792.669031	684.654026
794.765436	677.452976


791.532766	692.134593
793.629172	684.933544
795.725577	677.732494


792.492907	692.414111
794.589312	685.213061
796.685717	678.012011


793.453048	692.693629
795.549453	685.492579
797.645858	678.291529


794.413188	692.973146
796.509593	685.772096
798.605998	678.571047


795.373329	693.252664
797.469734	686.051614
799.566139	678.850564


796.333470	693.532181
798.429875	686.331131
800.526280	679.130082


797.293610	693.811699
799.390015	686.610649
801.486420	679.409599


798.253751	694.091216
800.350156	686.890167
802.446561	679.689117


799.213891	694.370734
801.310296	687.169684
803.406701	679.968634


800.174032	694.650251
802.270437	687.449202
804.366842	680.248152


801.134173	694.929769
803.230578	687.728719
805.326983	680.527669


802.094313	695.209287
804.190718	688.008237
806.287123	680.807187


803.054454	695.488804
805.150859	688.287754
807.247264	681.086704


804.014594	695.768322
806.110999	688.567272
808.207404	681.366222


0.875793	15.000000
0.875793	7.500000
0.875793	0.000000


1.875793	15.000000
1.875793	7.500000
1.875793	0.000000


2.875793	15.000000
2.875793	7.500000
2.875793	0.000000


3.875793	15.000000
3.875793	7.500000
3.875793	0.000000


4.875793	15.000000
4.875793	7.500000
4.875793	0.000000


5.875793	15.000000
5.875793	7.500000
5.875793	0.000000


6.875793	15.000000
6.875793	7.500000
6.875793	0.000000


7.875793	15.000000
7.875793	7.500000
7.875793	0.000000


8.875793	15.000000
8.875793	7.500000
8.875793	0.000000


9.875793	15.000000
9.875793	7.500000
9.875793	0.000000


10.875793	15.000000
10.875793	7.500000
10.875793	0.000000


11.875793	15.000000
11.875793	7.500000
11.875793	0.000000


12.875793	15.000000
12.875793	7.500000
12.875793	0.000000


13.875793	15.000000
13.875793	7.500000
13.875793	0.000000


14.875793	15.000000
14.875793	7.500000
14.875793	0.000000


15.875793	15.000000
15.875793	7.500000
15.875793	0.000000


16.875793	15.000000
16.875793	7.500000
16.875793	0.000000


17.875793	15.000000
17.875793	7.500000
17.875793	0.000000


18.875793	15.000000
18.875793	7.500000
18.875793	0.000000


19.875793	15.000000
19.875793	7.500000
19.875793	0.000000


20.875793	15.000000
20.875793	7.500000
20.875793	0.000000


21.875793	15.000000
21.875793	7.500000
21.875793	0.000000


22.875793	15.000000
22.875793	7.500000
22.875793	0.000000


23.875793	15.000000
23.875793	7.500000
23.875793	0.000000


24.875793	15.000000
24.875793	7.500000
24.875793	0.000000


25.875793	15.000000
25.875793	7.500000
25.875793	0.000000


26.875793	15.000000
26.875793	7.500000
26.875793	0.000000


27.875793	15.000000
27.875793	7.500000
27.875793	0.000000


28.875793	15.000000
28.875793	7.500000
28.875793	0.000000


29.875793	15.000000
29.875793	7.500000
29.875793	0.000000


30.875793	15.000000
30.875793	7.500000
30.875793	0.000000


31.875793	15.000000
31.875793	7.500000
31.875793	0.000000


32.875793	15.000000
32.875793	7.500000
32.875793	0.000000


33.875793	15.000000
33.875793	7.500000
33.875793	0.000000


34.875793	15.000000
34.875793	7.500000
34.875793	0.000000


35.875793	15.000000
35.875793	7.500000
35.875793	0.000000


36.875793	15.000000
36.875793	7.500000
36.875793	0.000000


37.875793	15.000000
37.875793	7.500000
37.875793	0.000000


38.875793	15.000000
38.875793	7.500000
38.875793	0.000000


39.875793	15.000000
39.875793	7.500000
39.875793	0.000000


40.875793	15.000000
40.875793	7.500000
40.875793	0.000000


41.875793	15.000000
41.875793	7.500000
41.875793	0.000000


42.875793	15.000000
42.875793	7.500000
42.875793	0.000000


43.875793	15.000000
43.875793	7.500000
43.875793	0.000000


44.875793	15.000000
44.875793	7.500000
44.875793	0.000000


45.875793	15.000000
45.875793	7.500000
45.875793	0.000000


46.875793	15.000000
46.875793	7.500000
46.875793	0.000000


47.875793	15.000000
47.875793	7.500000
47.875793	0.000000


48.875793	15.000000
48.875793	7.500000
48.875793	0.000000


49.875793	15.000000
49.875793	7.500000
49.875793	0.000000


50.710146	15.006998
50.875728	7.508826
51.041311	0.010654


51.502485	15.035445
51.875053	7.544705
52.247621	0.053964


52.293736	15.085761
52.873005	7.608165
53.452275	0.130568


53.083295	15.157907
53.868825	7.699157
54.654355	0.240408


53.870562	15.251827
54.861752	7.817613
55.852943	0.383398


54.654935	15.367451
55.851030	7.963441
57.047125	0.559432


55.435816	15.504689
56.835904	8.136531
58.235992	0.768373


56.212610	15.663438
57.815623	8.336750
59.418635	1.010063


56.984724	15.843576
58.789439	8.563947
60.594154	1.284317


57.751570	16.044966
59.756610	8.817946
61.761651	1.590927


58.512561	16.267454
60.716399	9.098556
62.920237	1.929658


59.267120	16.510871
61.668074	9.405562
64.069027	2.300252


60.014669	16.775031
62.610908	9.738729
65.207147	2.702427


60.754638	17.059732
63.544182	10.097804
66.333726	3.135876


61.486464	17.364758
64.467186	10.482513
67.447908	3.600268


62.209588	17.689876
65.379214	10.892562
68.548841	4.095249


62.923459	18.034837
66.279572	11.327639
69.635686	4.620441


63.627532	18.399379
67.167573	11.787412
70.707614	5.175445


64.321270	18.783224
68.042539	12.271530
71.763808	5.759836


65.004145	19.186079
68.903804	12.779624
72.803463	6.373170


65.675635	19.607636
69.750710	13.311307
73.825785	7.014978


66.362144	20.065574
70.582801	13.865894
74.803458	7.666213


67.188768	20.628329
71.409425	14.428648
75.630083	8.228968


68.015392	21.191083
72.236050	14.991403
76.456707	8.791722


68.842016	21.753837
73.062674	15.554157
77.283331	9.354477


69.668641	22.316592
73.889298	16.116912
78.109955	9.917231


70.495265	22.879346
74.715922	16.679666
78.936580	10.479986


71.321889	23.442101
75.542546	17.242421
79.763204	11.042740


72.148513	24.004855
76.369171	17.805175
80.589828	11.605495


72.975138	24.567610
77.195795	18.367930
81.416452	12.168249


73.801762	25.130364
78.022419	18.930684
82.243076	12.731004


74.628386	25.693119
78.849043	19.493439
83.069701	13.293758


75.455010	26.255873
79.675668	20.056193
83.896325	13.856513


76.281634	26.818628
80.502292	20.618948
84.722949	14.419267


77.108259	27.381382
81.328916	21.181702
85.549573	14.982022


77.934883	27.944137
82.155540	21.744457
86.376198	15.544776


78.761507	28.506891
82.982164	22.307211
87.202822	16.107531


79.588131	29.069646
83.808789	22.869966
88.029446	16.670285


80.414756	29.632400
84.635413	23.432720
88.856070	17.233040


81.241380	30.195155
85.462037	23.995475
89.682694	17.795794


82.068004	30.757909
86.288661	24.558229
90.509319	18.358549


82.894628	31.320664
87.115286	25.120984
91.335943	18.921303


83.721252	31.883418
87.941910	25.683738
92.162567	19.484058


84.547877	32.446173
88.768534	26.246493
92.989191	20.046812


85.374501	33.008927
89.595158	26.809247
93.815816	20.609567


86.201125	33.571682
90.421782	27.372002
94.642440	21.172321


87.027749	34.134436
91.248407	27.934756
95.469064	21.735076


87.854373	34.697191
92.075031	28.497511
96.295688	22.297830


88.680998	35.259945
92.901655	29.060265
97.122312	22.860585


89.507622	35.822700
93.728279	29.623020
97.948937	23.423339


90.334246	36.385454
94.554903	30.185774
98.775561	23.986094


91.160870	36.948209
95.381528	30.748528
99.602185	24.548848


91.987495	37.510963
96.208152	31.311283
100.428809	25.111603


92.814119	38.073718
97.034776	31.874037
101.255434	25.674357


93.640743	38.636472
97.861400	32.436792
102.082058	26.237112


94.467367	39.199227
98.688025	32.999546
102.908682	26.799866


95.293991	39.761981
99.514649	33.562301
103.735306	27.362621


96.120616	40.324736
100.341273	34.125055
104.561930	27.925375


96.947240	40.887490
101.167897	34.687810
105.388555	28.488130


97.773864	41.450245
101.994521	35.250564
106.215179	29.050884


98.600488	42.012999
102.821146	35.813319
107.041803	29.613639


99.427113	42.575754
103.647770	36.376073
107.868427	30.176393


100.253737	43.138508
104.474394	36.938828
108.695051	30.739148


101.080361	43.701263
105.301018	37.501582
109.521676	31.301902


101.906985	44.264017
106.127643	38.064337
110.348300	31.864657


102.733609	44.826772
106.954267	38.627091
111.174924	32.427411


103.560234	45.389526
107.780891	39.189846
112.001548	32.990166


104.386858	45.952281
108.607515	39.752600
112.828173	33.552920


105.213482	46.515035
109.434139	40.315355
113.654797	34.115675


106.040106	47.077790
110.260764	40.878109
114.481421	34.678429


106.866731	47.640544
111.087388	41.440864
115.308045	35.241184


107.693355	48.203299
111.914012	42.003618
116.134669	35.803938


108.519979	48.766053
112.740636	42.566373
116.961294	36.366693


109.346603	49.328808
113.567261	43.129127
117.787918	36.929447


110.173227	49.891562
114.393885	43.691882
118.614542	37.492202


110.999852	50.454317
115.220509	44.254636
119.441166	38.054956


111.826476	51.017071
116.047133	44.817391
120.267790	38.617710


112.653100	51.579826
116.873757	45.380145
121.094415	39.180465


113.479724	52.142580
117.700381	45.942900
121.921039	39.743219


114.306348	52.705335
118.527006	46.505654
122.747663	40.305974


115.132972	53.268089
119.353630	47.068409
123.574287	40.868728


115.959596	53.830844
120.180254	47.631163
124.400911	41.431482


116.786221	54.393598
121.006878	48.193918
125.227535	41.994237


117.612845	54.956353
121.833502	48.756672
126.054159	42.556991


118.439469	55.519107
122.660126	49.319427
126.880784	43.119746


119.266093	56.081862
123.486750	49.882181
127.707408	43.682500


120.092717	56.644617
124.313375	50.444935
128.534032	44.245254


120.919341	57.207371
125.139999	51.007690
129.360656	44.808009


121.745965	57.770126
125.966623	51.570444
130.187280	45.370763


122.572590	58.332880
126.793247	52.133199
131.013904	45.933517


123.399214	58.895635
127.619871	52.695953
131.840528	46.496272


124.225838	59.458389
128.446495	53.258708
132.667153	47.059026


125.052462	60.021144
129.273119	53.821462
133.493777	47.621781


125.879086	60.583898
130.099743	54.384217
134.320401	48.184535


126.705710	61.146653
130.926368	54.946971
135.147025	48.747289


127.532334	61.709407
131.752992	55.509726
135.973649	49.310044


128.358959	62.272162
132.579616	56.072480
136.800273	49.872798


129.185583	62.834916
133.406240	56.635235
137.626897	50.435553


130.012207	63.397671
134.232864	57.197989
138.453522	50.998307


130.838831	63.960426
135.059488	57.760743
139.280146	51.561061


131.665455	64.523180
135.886112	58.323498
140.106770	52.123816


132.492079	65.085935
136.712737	58.886252
140.933394	52.686570


133.318703	65.648689
137.539361	59.449007
141.760018	53.249325


134.145328	66.211444
138.365985	60.011761
142.586642	53.812079


134.971952	66.774198
139.192609	60.574516
143.413266	54.374833


135.798576	67.336953
140.019233	61.137270
144.239891	54.937588


136.625200	67.899707
140.845857	61.700025
145.066515	55.500342


137.451824	68.462462
141.672481	62.262779
145.893139	56.063097


138.278448	69.025216
142.499106	62.825534
146.719763	56.625851


139.105072	69.587971
143.325730	63.388288
147.546387	57.188605


139.931697	70.150725
144.152354	63.951043
148.373011	57.751360


140.758321	70.713480
144.978978	64.513797
149.199635	58.314114


141.584945	71.276234
145.805602	65.076552
150.026260	58.876869


142.411569	71.838989
146.632226	65.639306
150.852884	59.439623


143.238193	72.401744
147.458850	66.202060
151.679508	60.002377


144.064817	72.964498
148.285475	66.764815
152.506132	60.565132


144.891441	73.527253
149.112099	67.327569
153.332756	61.127886


145.718066	74.090007
149.938723	67.890324
154.159380	61.690641


146.544690	74.652762
150.765347	68.453078
154.986004	62.253395


147.371314	75.215516
151.591971	69.015833
155.812629	62.816149


148.197938	75.778271
152.418595	69.578587
156.639253	63.378904


149.024562	76.341025
153.245219	70.141342
157.465877	63.941658


149.851186	76.903780
154.071844	70.704096
158.292501	64.504413


150.677810	77.466534
154.898468	71.266851
159.119125	65.067167


151.504435	78.029289
155.725092	71.829605
159.945749	65.629921


152.331059	78.592043
156.551716	72.392360
160.772373	66.192676


153.157683	79.154798
157.378340	72.955114
161.598998	66.755430


153.984307	79.717552
158.204964	73.517868
162.425622	67.318184


154.810931	80.280307
159.031588	74.080623
163.252246	67.880939


155.637555	80.843062
159.858213	74.643377
164.078870	68.443693


156.464179	81.405816
160.684837	75.206132
164.905494	69.006448


157.290803	81.968570
161.511461	75.768886
165.732118	69.569202


158.117427	82.531325
162.338085	76.331641
166.558742	70.131957


158.944051	83.094079
163.164709	76.894395
167.385366	70.694711


159.770675	83.656834
163.991333	77.457150
168.211990	71.257466


160.597300	84.219588
164.817957	78.019904
169.038614	71.820220


161.423924	84.782343
165.644581	78.582659
169.865238	72.382975


162.250548	85.345097
166.471205	79.145413
170.691862	72.945729


163.077172	85.907852
167.297829	79.708168
171.518486	73.508483


163.903796	86.470606
168.124453	80.270922
172.345110	74.071238


164.730420	87.033361
168.951077	80.833677
173.171734	74.633992


165.557044	87.596115
169.777701	81.396431
173.998359	75.196747


166.383668	88.158870
170.604325	81.959185
174.824983	75.759501


167.210292	88.721624
171.430949	82.521940
175.651607	76.322256


168.036916	89.284379
172.257573	83.084694
176.478231	76.885010


168.863540	89.847133
173.084197	83.647449
177.304855	77.447765


169.690164	90.409887
173.910821	84.210203
178.131479	78.010519


170.516788	90.972642
174.737445	84.772958
178.958103	78.573274


171.343412	91.535396
175.564070	85.335712
179.784727	79.136028


172.170036	92.098151
176.390694	85.898467
180.611351	79.698783


172.996660	92.660905
177.217318	86.461221
181.437975	80.261537


173.823284	93.223660
178.043942	87.023976
182.264599	80.824291


174.649908	93.786414
178.870566	87.586730
183.091223	81.387046


175.476532	94.349169
179.697190	88.149485
183.917847	81.949800


176.303156	94.911923
180.523814	88.712239
184.744471	82.512555


177.129781	95.474678
181.350438	89.274993
185.571095	83.075309


177.956405	96.037432
182.177062	89.837748
186.397719	83.638064


178.783029	96.600187
183.003686	90.400502
187.224343	84.200818


179.609653	97.162941
183.830310	90.963257
188.050967	84.763573


180.436277	97.725695
184.656934	91.526011
188.877591	85.326327


181.262901	98.288450
185.483558	92.088766
189.704215	85.889082


182.089525	98.851204
186.310182	92.651520
190.530839	86.451836


182.916149	99.413959
187.136806	93.214275
191.357464	87.014591


183.742773	99.976713
187.963430	93.777029
192.184088	87.577345


184.569397	100.539468
188.790054	94.339784
193.010712	88.140099


185.396021	101.102222
189.616678	94.902538
193.837336	88.702854


186.222645	101.664977
190.443302	95.465293
194.663960	89.265608


187.049269	102.227731
191.269926	96.028047
195.490584	89.828363


187.875893	102.790486
192.096550	96.590801
196.317208	90.391117


188.702517	103.353240
192.923175	97.153556
197.143832	90.953872


189.529141	103.915995
193.749799	97.716310
197.970456	91.516626


190.355765	104.478749
194.576423	98.279065
198.797080	92.079381


191.182389	105.041503
195.403047	98.841819
199.623704	92.642135


192.009013	105.604258
196.229671	99.404574
200.450328	93.204890


192.835637	106.167012
197.056295	99.967328
201.276952	93.767644


193.662261	106.729767
197.882919	100.530083
202.103576	94.330399


194.488886	107.292521
198.709543	101.092837
202.930200	94.893153


195.315510	107.855276
199.536167	101.655592
203.756824	95.455907


196.142134	108.418030
200.362791	102.218346
204.583448	96.018662


196.968758	108.980785
201.189415	102.781101
205.410072	96.581416


197.795382	109.543539
202.016039	103.343855
206.236696	97.144171


198.622006	110.106294
202.842663	103.906609
207.063320	97.706925


199.448630	110.669048
203.669287	104.469364
207.889945	98.269680


200.275254	111.231803
204.495911	105.032118
208.716569	98.832434


201.101878	111.794557
205.322535	105.594873
209.543193	99.395189


201.928502	112.357311
206.149159	106.157627
210.369817	99.957943


202.755126	112.920066
206.975783	106.720382
211.196441	100.520698


203.581750	113.482820
207.802407	107.283136
212.023065	101.083452


204.408374	114.045575
208.629031	107.845891
212.849689	101.646207


205.234998	114.608329
209.455656	108.408645
213.676313	102.208961


206.061622	115.171084
210.282280	108.971400
214.502937	102.771715


206.888246	115.733838
211.108904	109.534154
215.329561	103.334470


207.714870	116.296593
211.935528	110.096909
216.156185	103.897224


208.541494	116.859347
212.762152	110.659663
216.982809	104.459979


209.368118	117.422102
213.588776	111.222417
217.809433	105.022733


210.194742	117.984856
214.415400	111.785172
218.636057	105.585488


211.021366	118.547611
215.242024	112.347926
219.462681	106.148242


211.847991	119.110365
216.068648	112.910681
220.289305	106.710997


212.674615	119.673119
216.895272	113.473435
221.115929	107.273751


213.501239	120.235874
217.721896	114.036190
221.942553	107.836506


214.327863	120.798628
218.548520	114.598944
222.769177	108.399260


215.154487	121.361383
219.375144	115.161699
223.595801	108.962015


215.981111	121.924137
220.201768	115.724453
224.422425	109.524769


216.807735	122.486892
221.028392	116.287208
225.249050	110.087524


217.634359	123.049646
221.855016	116.849962
226.075674	110.650278


218.460983	123.612401
222.681640	117.412717
226.902298	111.213032


219.287607	124.175155
223.508264	117.975471
227.728922	111.775787


220.114231	124.737910
224.334888	118.538225
228.555546	112.338541


220.940855	125.300664
225.161512	119.100980
229.382170	112.901296


221.767479	125.863419
225.988136	119.663734
230.208794	113.464050


222.594103	126.426173
226.814761	120.226489
231.035418	114.026805


223.420727	126.988927
227.641385	120.789243
231.862042	114.589559


224.247351	127.551682
228.468009	121.351998
232.688666	115.152314


225.073975	128.114436
229.294633	121.914752
233.515290	115.715068


225.900599	128.677191
230.121257	122.477507
234.341914	116.277823


226.727223	129.239945
230.947881	123.040261
235.168538	116.840577


227.553847	129.802700
231.774505	123.603016
235.995162	117.403332


228.380472	130.365454
232.601129	124.165770
236.821786	117.966086


229.207096	130.928209
233.427753	124.728525
237.648410	118.528840


230.033720	131.490963
234.254377	125.291279
238.475034	119.091595


230.860344	132.053718
235.081001	125.854034
239.301658	119.654349


231.686968	132.616472
235.907625	126.416788
240.128282	120.217104


232.513592	133.179227
236.734249	126.979542
240.954906	120.779858


233.340216	133.741981
237.560873	127.542297
241.781531	121.342613


234.166840	134.304736
238.387497	128.105051
242.608155	121.905367


234.993464	134.867490
239.214121	128.667806
243.434779	122.468122


235.820088	135.430244
240.040745	129.230560
244.261403	123.030876


236.646712	135.992999
240.867369	129.793315
245.088027	123.593631


237.473336	136.555753
241.693993	130.356069
245.914651	124.156385


238.299960	137.118508
242.520617	130.918824
246.741275	124.719140


239.126584	137.681262
243.347242	131.481578
247.567899	125.281894


239.953208	138.244017
244.173866	132.044333
248.394523	125.844648


240.779832	138.806771
245.000490	132.607087
249.221147	126.407403


241.606457	139.369526
245.827114	133.169842
250.047771	126.970157


242.433081	139.932280
246.653738	133.732596
250.874395	127.532912


243.259705	140.495035
247.480362	134.295351
251.701020	128.095666


244.086329	141.057789
248.306987	134.858105
252.527644	128.658421


244.912953	141.620544
249.133611	135.420859
253.354268	129.221175


245.739578	142.183298
249.960235	135.983614
254.180892	129.783930


246.566202	142.746053
250.786859	136.546368
255.007516	130.346684


247.392826	143.308807
251.613483	137.109123
255.834141	130.909439


248.219450	143.871562
252.440108	137.671877
256.660765	131.472193


249.046074	144.434316
253.266732	138.234632
257.487389	132.034948


249.872699	144.997070
254.093356	138.797386
258.314013	132.597702


250.699323	145.559825
254.919980	139.360141
259.140637	133.160457


251.525947	146.122579
255.746604	139.922895
259.967262	133.723211


252.352571	146.685334
256.573228	140.485650
260.793886	134.285966


253.179195	147.248088
257.399853	141.048404
261.620510	134.848720


254.005820	147.810843
258.226477	141.611159
262.447134	135.411475


254.832444	148.373597
259.053101	142.173913
263.273758	135.974229


255.659068	148.936352
259.879725	142.736668
264.100383	136.536984


256.485692	149.499106
260.706349	143.299422
264.927007	137.099738


257.312316	150.061861
261.532974	143.862177
265.753631	137.662492


258.138941	150.624615
262.359598	144.424931
266.580255	138.225247


258.965565	151.187370
263.186222	144.987686
267.406879	138.788001


259.792189	151.750124
264.012846	145.550440
268.233504	139.350756


260.618813	152.312879
264.839470	146.113195
269.060128	139.913510


261.445437	152.875633
265.666095	146.675949
269.886752	140.476265


262.272062	153.438388
266.492719	147.238703
270.713376	141.039019


263.098686	154.001142
267.319343	147.801458
271.540000	141.601774


263.925310	154.563897
268.145967	148.364212
272.366625	142.164528


264.751934	155.126651
268.972591	148.926967
273.193249	142.727283


265.578558	155.689406
269.799216	149.489721
274.019873	143.290037


266.405183	156.252160
270.625840	150.052476
274.846497	143.852792


267.231807	156.814915
271.452464	150.615230
275.673121	144.415546


268.058431	157.377669
272.279088	151.177985
276.499746	144.978301


268.885055	157.940423
273.105712	151.740739
277.326370	145.541055


269.711679	158.503178
273.932337	152.303494
278.152994	146.103810


270.538304	159.065932
274.758961	152.866248
278.979618	146.666564


271.364928	159.628687
275.585585	153.429003
279.806242	147.229319


272.191552	160.191441
276.412209	153.991757
280.632867	147.792073


273.018176	160.754196
277.238833	154.554512
281.459491	148.354828


273.844800	161.316950
278.065458	155.117266
282.286115	148.917582


274.671424	161.879705
278.892082	155.680021
283.112739	149.480337


275.498049	162.442459
279.718706	156.242775
283.939363	150.043091


276.324673	163.005214
280.545330	156.805530
284.765988	150.605845


277.151297	163.567968
281.371954	157.368284
285.592612	151.168600


277.977921	164.130723
282.198579	157.931039
286.419236	151.731354


278.804545	164.693477
283.025203	158.493793
287.245860	152.294109


279.631170	165.256232
283.851827	159.056548
288.072484	152.856863


280.457794	165.818986
284.678451	159.619302
288.899109	153.419618


281.284418	166.381741
285.505075	160.182056
289.725733	153.982372


282.111042	166.944495
286.331700	160.744811
290.552357	154.545127


282.937666	167.507250
287.158324	161.307565
291.378981	155.107881


283.764291	168.070004
287.984948	161.870320
292.205605	155.670636


284.590915	168.632759
288.811572	162.433074
293.032230	156.233390


285.417539	169.195513
289.638196	162.995829
293.858854	156.796145


286.244163	169.758267
290.464821	163.558583
294.685478	157.358899


287.070787	170.321022
291.291445	164.121338
295.512102	157.921654


287.897412	170.883776
292.118069	164.684092
296.338726	158.484408


288.724036	171.446531
292.944693	165.246847
297.165351	159.047163


289.550660	172.009285
293.771317	165.809601
297.991975	159.609917


290.377284	172.572040
294.597942	166.372356
298.818599	160.172672


291.203908	173.134794
295.424566	166.935110
299.645223	160.735426


292.030533	173.697549
296.251190	167.497865
300.471847	161.298181


292.857157	174.260303
297.077814	168.060619
301.298472	161.860935


293.683781	174.823058
297.904438	168.623374
302.125096	162.423690


294.510405	175.385812
298.731063	169.186128
302.951720	162.986444


295.337029	175.948567
299.557687	169.748883
303.778344	163.549198


296.163654	176.511321
300.384311	170.311637
304.604968	164.111953


296.990278	177.074076
301.210935	170.874392
305.431593	164.674707


297.816902	177.636830
302.037559	171.437146
306.258217	165.237462


298.643526	178.199585
302.864184	171.999901
307.084841	165.800216


299.470150	178.762339
303.690808	172.562655
307.911465	166.362971


300.296775	179.325094
304.517432	173.125409
308.738089	166.925725


301.123399	179.887848
305.344056	173.688164
309.564714	167.488480


301.950023	180.450603
306.170680	174.250918
310.391338	168.051234


302.776647	181.013357
306.997305	174.813673
311.217962	168.613989


303.603271	181.576112
307.823929	175.376427
312.044586	169.176743


304.429896	182.138866
308.650553	175.939182
312.871210	169.739498


305.256520	182.701620
309.477177	176.501936
313.697835	170.302252


306.083144	183.264375
310.303801	177.064691
314.524459	170.865007


306.909768	183.827129
311.130426	177.627445
315.351083	171.427761


307.736392	184.389884
311.957050	178.190200
316.177707	171.990516


308.563017	184.952638
312.783674	178.752954
317.004331	172.553270


309.389641	185.515393
313.610298	179.315709
317.830956	173.116025


310.216265	186.078147
314.436922	179.878463
318.657580	173.678779


311.042889	186.640902
315.263547	180.441218
319.484204	174.241534


311.869513	187.203656
316.090171	181.003972
320.310828	174.804288


312.696138	187.766411
316.916795	181.566727
321.137452	175.367042


313.522762	188.329165
317.743419	182.129481
321.964077	175.929797


314.349386	188.891920
318.570043	182.692236
322.790701	176.492551


315.176010	189.454674
319.396668	183.254990
323.617325	177.055306


316.002634	190.017429
320.223292	183.817745
324.443949	177.618060


316.829259	190.580183
321.049916	184.380499
325.270573	178.180815


317.655883	191.142938
321.876540	184.943254
326.097197	178.743569


318.482507	191.705692
322.703164	185.506008
326.923822	179.306324


319.309131	192.268447
323.529789	186.068762
327.750446	179.869078


320.135755	192.831201
324.356413	186.631517
328.577070	180.431833


320.962380	193.393956
325.183037	187.194271
329.403694	180.994587


321.789004	193.956710
326.009661	187.757026
330.230318	181.557342


322.615628	194.519465
326.836285	188.319780
331.056943	182.120096


323.442252	195.082219
327.662910	188.882535
331.883567	182.682851


324.268876	195.644973
328.489534	189.445289
332.710191	183.245605


325.095501	196.207728
329.316158	190.008044
333.536815	183.808360


325.922125	196.770482
330.142782	190.570798
334.363439	184.371114


326.748749	197.333237
330.969406	191.133553
335.190064	184.933869


327.575373	197.895991
331.796031	191.696307
336.016688	185.496623


328.401997	198.458746
332.622655	192.259062
336.843312	186.059378


329.228622	199.021500
333.449279	192.821816
337.669936	186.622132


330.055246	199.584255
334.275903	193.384571
338.496560	187.184887


330.881870	200.147009
335.102527	193.947325
339.323185	187.747641


331.708494	200.709764
335.929152	194.510080
340.149809	188.310395


332.535118	201.272518
336.755776	195.072834
340.976433	188.873150


333.361743	201.835273
337.582400	195.635589
341.803057	189.435904


334.188367	202.398027
338.409024	196.198343
342.629681	189.998659


335.014991	202.960782
339.235648	196.761098
343.456306	190.561413


335.841615	203.523536
340.062273	197.323852
344.282930	191.124168


336.668239	204.086291
340.888897	197.886606
345.109554	191.686922


337.494864	204.649045
341.715521	198.449361
345.936178	192.249677


338.321488	205.211800
342.542145	199.012115
346.762802	192.812431


339.148112	205.774554
343.368769	199.574870
347.589427	193.375186


339.974736	206.337309
344.195393	200.137624
348.416051	193.937940


340.801360	206.900063
345.022018	200.700379
349.242675	194.500695


341.627985	207.462818
345.848642	201.263133
350.069299	195.063449


342.454609	208.025572
346.675266	201.825888
350.895923	195.626204


343.281233	208.588326
347.501890	202.388642
351.722548	196.188958


344.107857	209.151081
348.328514	202.951397
352.549172	196.751713


344.934481	209.713835
349.155139	203.514151
353.375796	197.314467


345.761106	210.276590
349.981763	204.076906
354.202420	197.877222


346.587730	210.839344
350.808387	204.639660
355.029044	198.439976


347.414354	211.402099
351.635011	205.202415
355.855669	199.002731


348.240978	211.964853
352.461635	205.765169
356.682293	199.565485


349.067602	212.527608
353.288260	206.327924
357.508917	200.128240


349.894227	213.090362
354.114884	206.890678
358.335541	200.690994


350.720851	213.653117
354.941508	207.453433
359.162165	201.253748


351.547475	214.215871
355.768132	208.016187
359.988790	201.816503


352.374099	214.778626
356.594756	208.578942
360.815414	202.379257


353.200723	215.341380
357.421381	209.141696
361.642038	202.942012


354.027348	215.904135
358.248005	209.704451
362.468662	203.504766


354.853972	216.466889
359.074629	210.267205
363.295286	204.067521


355.680596	217.029644
359.901253	210.829959
364.121911	204.630275


356.507220	217.592398
360.727877	211.392714
364.948535	205.193030


357.333844	218.155153
361.554502	211.955468
365.775159	205.755784


358.160468	218.717907
362.381126	212.518223
366.601783	206.318539


358.987092	219.280662
363.207750	213.080977
367.428407	206.881293


359.813716	219.843416
364.034374	213.643732
368.255031	207.444047


360.640340	220.406171
364.860998	214.206486
369.081655	208.006802


361.466965	220.968926
365.687622	214.769241
369.908279	208.569556


362.293589	221.531680
366.514246	215.331995
370.734903	209.132310


363.120213	222.094435
367.340870	215.894750
371.561527	209.695065


363.946837	222.657189
368.167494	216.457504
372.388151	210.257819


364.773461	223.219944
368.994118	217.020259
373.214776	210.820574


365.600085	223.782698
369.820742	217.583013
374.041400	211.383328


366.426709	224.345453
370.647366	218.145768
374.868024	211.946082


367.253333	224.908208
371.473990	218.708522
375.694648	212.508837


368.079957	225.470962
372.300614	219.271277
376.521272	213.071591


368.906581	226.033717
373.127239	219.834031
377.347896	213.634346


369.733205	226.596471
373.953863	220.396786
378.174520	214.197100


370.559829	227.159226
374.780487	220.959540
379.001144	214.759854


371.386453	227.721981
375.607111	221.522295
379.827768	215.322609


372.213078	228.284735
376.433735	222.085049
380.654392	215.885363


373.039702	228.847490
377.260359	222.647804
381.481016	216.448117


373.866326	229.410244
378.086983	223.210558
382.307640	217.010872


374.692950	229.972999
378.913607	223.773313
383.134264	217.573626


375.519574	230.535753
379.740231	224.336067
383.960889	218.136381


376.346198	231.098508
380.566855	224.898821
384.787513	218.699135


377.172822	231.661263
381.393479	225.461576
385.614137	219.261889


377.999446	232.224017
382.220103	226.024330
386.440761	219.824644


378.826070	232.786772
383.046727	226.587085
387.267385	220.387398


379.652694	233.349526
383.873352	227.149839
388.094009	220.950153


380.479318	233.912281
384.699976	227.712594
388.920633	221.512907


381.305942	234.475035
385.526600	228.275348
389.747257	222.075661


382.132566	235.037790
386.353224	228.838103
390.573881	222.638416


382.959190	235.600545
387.179848	229.400857
391.400505	223.201170


383.785815	236.163299
388.006472	229.963612
392.227129	223.763924


384.612439	236.726054
388.833096	230.526366
393.053753	224.326679


385.439063	237.288808
389.659720	231.089121
393.880377	224.889433


386.265687	237.851563
390.486344	231.651875
394.707001	225.452188


387.092311	238.414317
391.312968	232.214630
395.533626	226.014942


387.918935	238.977072
392.139592	232.777384
396.360250	226.577696


388.745559	239.539827
392.966216	233.340139
397.186874	227.140451


389.572183	240.102581
393.792840	233.902893
398.013498	227.703205


390.398807	240.665336
394.619464	234.465648
398.840122	228.265960


391.225431	241.228090
395.446089	235.028402
399.666746	228.828714


392.052055	241.790845
396.272713	235.591157
400.493370	229.391468


392.878679	242.353600
397.099337	236.153911
401.319994	229.954223


393.705303	242.916354
397.925961	236.716666
402.146618	230.516977


394.531928	243.479109
398.752585	237.279420
402.973242	231.079731


395.358552	244.041863
399.579209	237.842175
403.799866	231.642486


396.185176	244.604618
400.405833	238.404929
404.626490	232.205240


397.011800	245.167372
401.232457	238.967683
405.453114	232.767995


397.838424	245.730127
402.059081	239.530438
406.279739	233.330749


398.665048	246.292882
402.885705	240.093192
407.106363	233.893503


399.491672	246.855636
403.712329	240.655947
407.932987	234.456258


400.318296	247.418391
404.538953	241.218701
408.759611	235.019012


401.144920	247.981145
405.365577	241.781456
409.586235	235.581766


401.971544	248.543900
406.192202	242.344210
410.412859	236.144521


402.798168	249.106654
407.018826	242.906965
411.239483	236.707275


403.624792	249.669409
407.845450	243.469719
412.066107	237.270030


404.451416	250.232164
408.672074	244.032474
412.892731	237.832784


405.278040	250.794918
409.498698	244.595228
413.719355	238.395538


406.104665	251.357673
410.325322	245.157983
414.545979	238.958293


406.931289	251.920427
411.151946	245.720737
415.372603	239.521047


407.757913	252.483182
411.978570	246.283492
416.199227	240.083802


408.584537	253.045936
412.805194	246.846246
417.025851	240.646556


409.411161	253.608691
413.631818	247.409001
417.852476	241.209310


410.237785	254.171446
414.458442	247.971755
418.679100	241.772065


411.064409	254.734200
415.285066	248.534510
419.505724	242.334819


411.891033	255.296955
416.111690	249.097264
420.332348	242.897573


412.717657	255.859709
416.938314	249.660019
421.158972	243.460328


413.544281	256.422464
417.764939	250.222773
421.985596	244.023082


414.370905	256.985219
418.591563	250.785528
422.812220	244.585837


415.197529	257.547973
419.418187	251.348282
423.638844	245.148591


416.024153	258.110728
420.244811	251.911037
424.465468	245.711345


416.850778	258.673482
421.071435	252.473791
425.292092	246.274100


417.677402	259.236237
421.898059	253.036545
426.118716	246.836854


418.504026	259.798991
422.724683	253.599300
426.945340	247.399609


419.330650	260.361746
423.551307	254.162054
427.771964	247.962363


420.157274	260.924501
424.377931	254.724809
428.598589	248.525117


420.983898	261.487255
425.204555	255.287563
429.425213	249.087872


421.737372	262.004688
426.028806	255.853776
430.320240	249.702863


422.457192	262.515326
426.844413	256.432365
431.231634	250.349404


423.168927	263.037172
427.650860	257.023654
432.132794	251.010136


423.872404	263.570099
428.447950	257.627498
433.023496	251.684897


424.567450	264.113976
429.235487	258.243750
433.903524	252.373523


425.253894	264.668669
430.013277	258.872257
434.772661	253.075845


425.931569	265.234044
430.781131	259.512866
435.630694	253.791689


426.600307	265.809960
431.538860	260.165421
436.477413	254.520882


427.259946	266.396277
432.286278	260.829760
437.312610	255.263243


427.910323	266.992851
433.023202	261.505721
438.136080	256.018591


428.551279	267.599536
433.749451	262.193138
438.947622	256.786741


429.182656	268.216183
434.464846	262.891843
439.747037	257.567504


429.804300	268.842640
435.169214	263.601665
440.534128	258.360689


430.416059	269.478755
435.862381	264.322428
441.308702	259.166101


431.017782	270.124371
436.544176	265.053957
442.070570	259.983543


431.609322	270.779330
437.214433	265.796073
442.819545	260.812815


432.190534	271.443471
437.872988	266.548592
443.555442	261.653713


432.761276	272.116632
438.519679	267.311331
444.278082	262.506030


433.321406	272.798647
439.154347	268.084103
444.987288	263.369559


433.870789	273.489349
439.776837	268.866718
445.682885	264.244087


434.409289	274.188569
440.386996	269.658984
446.364704	265.129399


434.936774	274.896136
440.984675	270.460708
447.032576	266.025280


435.453115	275.611875
441.569726	271.271691
447.686338	266.931508


435.958186	276.335611
442.142008	272.091737
448.325830	267.847862


436.451862	277.067168
442.701378	272.920642
448.950894	268.774117


436.934022	277.806365
443.247700	273.758205
449.561379	269.710046


437.404549	278.553021
443.780841	274.604220
450.157133	270.655420


437.863326	279.306953
444.300669	275.458480
450.738011	271.610006


438.310242	280.067977
444.807056	276.320774
451.303871	272.573571


438.745187	280.835905
445.299880	277.190892
451.854573	273.545878


439.168053	281.610550
445.779018	278.068620
452.389983	274.526689


439.578738	282.391722
446.244354	278.953743
452.909969	275.515764


439.977141	283.179228
446.695773	279.846044
453.414404	276.512860


440.363164	283.972876
447.133165	280.745304
453.903165	277.517732


440.736712	284.772471
447.556422	281.651302
454.376131	278.530134


441.097694	285.577817
447.965440	282.563817
454.833186	279.549817


441.446022	286.388717
448.360120	283.482625
455.274218	280.576533


441.781609	287.204972
448.740364	284.407500
455.699120	281.610028


442.104374	288.026382
449.106080	285.338216
456.107786	282.650051


442.414237	288.852745
449.457177	286.274545
456.500118	283.696344


442.711122	289.683858
449.793570	287.216256
456.876018	284.748653


442.994958	290.519519
450.115176	288.163119
457.235394	285.806719


443.280757	291.403071
450.423061	289.114543
457.565364	286.826015


443.585894	292.355380
450.728197	290.066852
457.870501	287.778323


443.891030	293.307689
451.033334	291.019160
458.175637	288.730632


444.196166	294.259998
451.338470	291.971469
458.480773	289.682941


444.501303	295.212306
451.643606	292.923778
458.785910	290.635249


444.806439	296.164615
451.948743	293.876087
459.091046	291.587558


445.111575	297.116924
452.253879	294.828395
459.396182	292.539867


445.416712	298.069232
452.559015	295.780704
459.701319	293.492176


445.721848	299.021541
452.864152	296.733013
460.006455	294.444484


446.026985	299.973850
453.169288	297.685321
460.311591	295.396793


446.332121	300.926159
453.474424	298.637630
460.616728	296.349102


446.637257	301.878467
453.779561	299.589939
460.921864	297.301410


446.942394	302.830776
454.084697	300.542247
461.227000	298.253719


447.247530	303.783085
454.389833	301.494556
461.532137	299.206028


447.552666	304.735393
454.694970	302.446865
461.837273	300.158336


447.857803	305.687702
455.000106	303.399174
462.142410	301.110645


448.162939	306.640011
455.305242	304.351482
462.447546	302.062954


448.468075	307.592319
455.610379	305.303791
462.752682	303.015263


448.773212	308.544628
455.915515	306.256100
463.057819	303.967571


449.078348	309.496937
456.220651	307.208408
463.362955	304.919880


449.383484	310.449246
456.525788	308.160717
463.668091	305.872189


449.688621	311.401554
456.830924	309.113026
463.973228	306.824497


449.993757	312.353863
457.136060	310.065335
464.278364	307.776806


450.298893	313.306172
457.441197	311.017643
464.583500	308.729115


450.604030	314.258480
457.746333	311.969952
464.888637	309.681424


450.909166	315.210789
458.051469	312.922261
465.193773	310.633732


451.214302	316.163098
458.356606	313.874569
465.498909	311.586041


451.519439	317.115407
458.661742	314.826878
465.804046	312.538350


451.824575	318.067715
458.966878	315.779187
466.109182	313.490658


452.129711	319.020024
459.272015	316.731495
466.414318	314.442967


452.434848	319.972333
459.577151	317.683804
466.719455	315.395276


452.739984	320.924641
459.882287	318.636113
467.024591	316.347584


453.045120	321.876950
460.187424	319.588422
467.329727	317.299893


453.350257	322.829259
460.492560	320.540730
467.634864	318.252202


453.655393	323.781567
460.797697	321.493039
467.940000	319.204511


453.960529	324.733876
461.102833	322.445348
468.245136	320.156819


454.265666	325.686185
461.407969	323.397656
468.550273	321.109128


454.570802	326.638494
461.713106	324.349965
468.855409	322.061437


454.875938	327.590802
462.018242	325.302274
469.160545	323.013745


455.181075	328.543111
462.323378	326.254583
469.465682	323.966054


455.486211	329.495420
462.628515	327.206891
469.770818	324.918363


455.791347	330.447728
462.933651	328.159200
470.075954	325.870672


456.096484	331.400037
463.238787	329.111509
470.381091	326.822980


456.401620	332.352346
463.543924	330.063817
470.686227	327.775289


456.706756	333.304655
463.849060	331.016126
470.991363	328.727598


457.011893	334.256963
464.154196	331.968435
471.296500	329.679906


457.317029	335.209272
464.459333	332.920743
471.601636	330.632215


457.622165	336.161581
464.764469	333.873052
471.906772	331.584524


457.927302	337.113889
465.069605	334.825361
472.211909	332.536832


458.232438	338.066198
465.374742	335.777670
472.517045	333.489141


458.537575	339.018507
465.679878	336.729978
472.822181	334.441450


458.842711	339.970815
465.985014	337.682287
473.127318	335.393759


459.147847	340.923124
466.290151	338.634596
473.432454	336.346067


459.452984	341.875433
466.595287	339.586904
473.737590	337.298376


459.758120	342.827742
466.900423	340.539213
474.042727	338.250685


460.063256	343.780050
467.205560	341.491522
474.347863	339.202993


460.368393	344.732359
467.510696	342.443831
474.652999	340.155302


460.673529	345.684668
467.815832	343.396139
474.958136	341.107611


460.978665	346.636976
468.120969	344.348448
475.263272	342.059920


461.283802	347.589285
468.426105	345.300757
475.568409	343.012228


461.588938	348.541594
468.731241	346.253065
475.873545	343.964537


461.894074	349.493903
469.036378	347.205374
476.178681	344.916846


462.199211	350.446211
469.341514	348.157683
476.483818	345.869154


462.504347	351.398520
469.646650	349.109991
476.788954	346.821463


462.809483	352.350829
469.951787	350.062300
477.094090	347.773772


463.114620	353.303137
470.256923	351.014609
477.399227	348.726080


463.419756	354.255446
470.562059	351.966918
477.704363	349.678389


463.724892	355.207755
470.867196	352.919226
478.009499	350.630698


464.030029	356.160063
471.172332	353.871535
478.314636	351.583007


464.335165	357.112372
471.477468	354.823844
478.619772	352.535315


464.640301	358.064681
471.782605	355.776152
478.924908	353.487624


464.945438	359.016990
472.087741	356.728461
479.230045	354.439933


465.250574	359.969298
472.392877	357.680770
479.535181	355.392241


465.555710	360.921607
472.698014	358.633079
479.840317	356.344550


465.860847	361.873916
473.003150	359.585387
480.145454	357.296859


466.165983	362.826224
473.308287	360.537696
480.450590	358.249168


466.471119	363.778533
473.613423	361.490005
480.755726	359.201476


466.776256	364.730842
473.918559	362.442313
481.060863	360.153785


467.081392	365.683151
474.223696	363.394622
481.365999	361.106094


467.386528	366.635459
474.528832	364.346931
481.671135	362.058402


467.691665	367.587768
474.833968	365.299239
481.976272	363.010711


467.996801	368.540077
475.139105	366.251548
482.281408	363.963020


468.301937	369.492385
475.444241	367.203857
482.586544	364.915328


468.607074	370.444694
475.749377	368.156166
482.891681	365.867637


468.912210	371.397003
476.054514	369.108474
483.196817	366.819946


469.217346	372.349311
476.359650	370.060783
483.501953	367.772255


469.522483	373.301620
476.664786	371.013092
483.807090	368.724563


469.827619	374.253929
476.969923	371.965400
484.112226	369.676872


470.132755	375.206238
477.275059	372.917709
484.417362	370.629181


470.437892	376.158546
477.580195	373.870018
484.722499	371.581489


470.743028	377.110855
477.885332	374.822327
485.027635	372.533798


471.048165	378.063164
478.190468	375.774635
485.332771	373.486107


471.353301	379.015472
478.495604	376.726944
485.637908	374.438416


471.658437	379.967781
478.800741	377.679253
485.943044	375.390724


471.963574	380.920090
479.105877	378.631561
486.248180	376.343033


472.268710	381.872399
479.411013	379.583870
486.553317	377.295342


472.573846	382.824707
479.716150	380.536179
486.858453	378.247650


472.878983	383.777016
480.021286	381.488488
487.163589	379.199959


473.184119	384.729325
480.326422	382.440796
487.468726	380.152268


473.489255	385.681633
480.631559	383.393105
487.773862	381.104576


473.794392	386.633942
480.936695	384.345414
488.078999	382.056885


474.099528	387.586251
481.241831	385.297722
488.384135	383.009194


474.404664	388.538559
481.546968	386.250031
488.689271	383.961503


474.709801	389.490868
481.852104	387.202340
488.994408	384.913811


475.014937	390.443177
482.157240	388.154648
489.299544	385.866120


475.320073	391.395486
482.462377	389.106957
489.604680	386.818429


475.625210	392.347794
482.767513	390.059266
489.909817	387.770737


475.930346	393.300103
483.072649	391.011575
490.214953	388.723046


476.235482	394.252412
483.377786	391.963883
490.520089	389.675355


476.540619	395.204720
483.682922	392.916192
490.825226	390.627664


476.845755	396.157029
483.988058	393.868501
491.130362	391.579972


477.150891	397.109338
484.293195	394.820809
491.435498	392.532281


477.464796	398.087465
484.598733	395.772989
491.732670	393.458512


477.817942	399.147626
484.914764	396.721727
492.011585	394.295828


478.187646	400.202127
485.245611	397.665401
492.303577	395.128674


478.573816	401.250710
485.591195	398.603778
492.608574	395.956845


478.976358	402.293118
485.951430	399.536629
492.926502	396.780139


479.395173	403.329095
486.326228	400.463724
493.257282	397.598354


479.830159	404.358386
486.715496	401.384838
493.600834	398.411289


480.281208	405.380740
487.119140	402.299743
493.957073	399.218745


480.748211	406.395906
487.537061	403.208215
494.325911	400.020524


481.231052	407.403636
487.969156	404.110032
494.707259	400.816429


481.729614	408.403681
488.415318	405.004973
495.101023	401.606265


482.243773	409.395796
488.875440	405.892818
495.507106	402.389839


482.773405	410.379739
489.349407	406.773349
495.925409	403.166958


483.318378	411.355269
489.837104	407.646350
496.355830	403.937431


483.878561	412.322145
490.338411	408.511608
496.798262	404.701071


484.453814	413.280131
490.853205	409.368910
497.252597	405.457689


485.043997	414.228992
491.381360	410.218046
497.718723	406.207100


485.648965	415.168496
491.922746	411.058808
498.196528	406.949120


486.268571	416.098411
492.477232	411.890990
498.685892	407.683568


486.902662	417.018510
493.044679	412.714387
499.186697	408.410263


487.551082	417.928568
493.624951	413.528798
499.698819	409.129027


488.213673	418.828361
494.217903	414.334023
500.222134	409.839684


488.890271	419.717668
494.823392	415.129864
500.756512	410.542060


489.580713	420.596272
495.441267	415.916127
501.301822	411.235982


490.284827	421.463957
496.071379	416.692618
501.857932	411.921280


491.002441	422.320510
496.713572	417.459148
502.424704	412.597786


491.733380	423.165721
497.367689	418.215528
503.001999	413.265335


492.477463	423.999384
498.033570	418.961573
503.589677	413.923762


493.234510	424.821293
498.711051	419.697100
504.187592	414.572906


494.004333	425.631247
499.399966	420.421928
504.795599	415.212608


494.786745	426.429048
500.100146	421.135880
505.413547	415.842712


495.581553	427.214499
500.811420	421.838781
506.041287	416.463062


496.388562	427.987409
501.533613	422.530458
506.678663	417.073507


497.207575	428.747587
502.266548	423.210742
507.325520	417.673896


498.038391	429.494848
503.010045	423.879465
507.981699	418.264083


498.880806	430.229008
503.763922	424.536465
508.647038	418.843923


499.734614	430.949887
504.527995	425.181580
509.321376	419.413274


500.599604	431.657308
505.302075	425.814652
510.004546	419.971996


501.475566	432.351098
506.085973	426.435525
510.696381	420.519951


502.362284	433.031087
506.879497	427.044047
511.396711	421.057007


503.259541	433.697107
507.682453	427.640069
512.105365	421.583031


504.167117	434.348997
508.494642	428.223445
512.822168	422.097894


505.084789	434.986595
509.315867	428.794032
513.546946	422.601469


505.921785	435.556530
510.142442	429.356853
514.363100	423.157177


506.748409	436.119284
510.969066	429.919608
515.189723	423.719931


507.575034	436.682039
511.795690	430.482362
516.016347	424.282686


508.401658	437.244793
512.622314	431.045117
516.842971	424.845440


509.228282	437.807548
513.448938	431.607871
517.669595	425.408195


510.054906	438.370302
514.275563	432.170625
518.496219	425.970949


510.881530	438.933056
515.102187	432.733380
519.322843	426.533703


511.708155	439.495811
515.928811	433.296134
520.149467	427.096458


512.534779	440.058565
516.755435	433.858889
520.976090	427.659212


513.361403	440.621320
517.582059	434.421643
521.802714	428.221967


514.188027	441.184074
518.408683	434.984398
522.629338	428.784721


515.014652	441.746829
519.235307	435.547152
523.455962	429.347476


515.841276	442.309583
520.061931	436.109907
524.282586	429.910230


516.667900	442.872338
520.888555	436.672661
525.109210	430.472985


517.494524	443.435092
521.715179	437.235415
525.935833	431.035739


518.321148	443.997846
522.541803	437.798170
526.762457	431.598493


519.147773	444.560601
523.368427	438.360924
527.589081	432.161248


519.974397	445.123355
524.195051	438.923679
528.415705	432.724002


520.801021	445.686110
525.021675	439.486433
529.242329	433.286757


521.627645	446.248864
525.848299	440.049188
530.068953	433.849511


522.454269	446.811619
526.674923	440.611942
530.895577	434.412266


523.280894	447.374373
527.501547	441.174697
531.722200	434.975020


524.107518	447.937128
528.328171	441.737451
532.548824	435.537775


524.934142	448.499882
529.154795	442.300206
533.375448	436.100529


525.760766	449.062636
529.981419	442.862960
534.202072	436.663283


526.587390	449.625391
530.808043	443.425714
535.028696	437.226038


527.414015	450.188145
531.634667	443.988469
535.855320	437.788792


528.240639	450.750900
532.461291	444.551223
536.681944	438.351547


529.067263	451.313654
533.287915	445.113978
537.508567	438.914301


529.893887	451.876409
534.114539	445.676732
538.335191	439.477056


530.720512	452.439163
534.941163	446.239487
539.161815	440.039810


531.547136	453.001918
535.767787	446.802241
539.988439	440.602565


532.373760	453.564672
536.594411	447.364996
540.815063	441.165319


533.200384	454.127427
537.421035	447.927750
541.641687	441.728073


534.027008	454.690181
538.247659	448.490504
542.468310	442.290828


534.853633	455.252935
539.074283	449.053259
543.294934	442.853582


535.680257	455.815690
539.900907	449.616013
544.121558	443.416337


536.506881	456.378444
540.727532	450.178768
544.948182	443.979091


537.333505	456.941199
541.554156	450.741522
545.774806	444.541846


538.160129	457.503953
542.380780	451.304277
546.601430	445.104600


538.986754	458.066708
543.207404	451.867031
547.428054	445.667355


539.813378	458.629462
544.034028	452.429786
548.254677	446.230109


540.640002	459.192217
544.860652	452.992540
549.081301	446.792864


541.466626	459.754971
545.687276	453.555294
549.907925	447.355618


542.293251	460.317725
546.513900	454.118049
550.734549	447.918372


543.119875	460.880480
547.340524	454.680803
551.561173	448.481127


543.946499	461.443234
548.167148	455.243558
552.387797	449.043881


544.773123	462.005989
548.993772	455.806312
553.214421	449.606636


545.599747	462.568743
549.820396	456.369067
554.041044	450.169390


546.426372	463.131498
550.647020	456.931821
554.867668	450.732145


547.252996	463.694252
551.473644	457.494576
555.694292	451.294899


548.079620	464.257007
552.300268	458.057330
556.520916	451.857654


548.906244	464.819761
553.126892	458.620084
557.347540	452.420408


549.732868	465.382515
553.953516	459.182839
558.174164	452.983162


550.559493	465.945270
554.780140	459.745593
559.000787	453.545917


551.386117	466.508024
555.606764	460.308348
559.827411	454.108671


552.212741	467.070779
556.433388	460.871102
560.654035	454.671426


553.039365	467.633533
557.260012	461.433857
561.480659	455.234180


553.865989	468.196288
558.086636	461.996611
562.307283	455.796935


554.692614	468.759042
558.913260	462.559366
563.133907	456.359689


555.519238	469.321797
559.739884	463.122120
563.960531	456.922444


556.345862	469.884551
560.566508	463.684875
564.787154	457.485198


557.172486	470.447305
561.393132	464.247629
565.613778	458.047952


557.999111	471.010060
562.219756	464.810383
566.440402	458.610707


558.825735	471.572814
563.046380	465.373138
567.267026	459.173461


559.652359	472.135569
563.873004	465.935892
568.093650	459.736216


560.478983	472.698323
564.699628	466.498647
568.920274	460.298970


561.305607	473.261078
565.526252	467.061401
569.746898	460.861725


562.132232	473.823832
566.352877	467.624156
570.573521	461.424479


562.958856	474.386587
567.179501	468.186910
571.400145	461.987234


563.785480	474.949341
568.006125	468.749665
572.226769	462.549988


564.612104	475.512095
568.832749	469.312419
573.053393	463.112742


565.438728	476.074850
569.659373	469.875173
573.880017	463.675497


566.265353	476.637604
570.485997	470.437928
574.706641	464.238251


567.091977	477.200359
571.312621	471.000682
575.533265	464.801006


567.918601	477.763113
572.139245	471.563437
576.359888	465.363760


568.745225	478.325868
572.965869	472.126191
577.186512	465.926515


569.571850	478.888622
573.792493	472.688946
578.013136	466.489269


570.398474	479.451377
574.619117	473.251700
578.839760	467.052024


571.225098	480.014131
575.445741	473.814455
579.666384	467.614778


572.051722	480.576886
576.272365	474.377209
580.493008	468.177532


572.878346	481.139640
577.098989	474.939963
581.319631	468.740287


573.704971	481.702394
577.925613	475.502718
582.146255	469.303041


574.531595	482.265149
578.752237	476.065472
582.972879	469.865796


575.317188	482.801414
579.578097	476.629343
583.839007	470.457273


576.039526	483.308481
580.396558	477.203887
584.753590	471.099292


576.753836	483.826797
581.205923	477.791175
585.658009	471.755553


577.459943	484.356234
582.005992	478.391065
586.552041	472.425895


578.157673	484.896663
582.796570	479.003409
587.435467	473.110155


578.846855	485.447951
583.577462	479.628057
588.308070	473.808164


579.527320	486.009963
584.348478	480.264856
589.169636	474.519750


580.198901	486.582560
585.109428	480.913651
590.019954	475.244741


580.861435	487.165604
585.860125	481.574280
590.858816	475.982957


581.514757	487.758950
586.600386	482.246584
591.686016	476.734218


582.158709	488.362454
587.330029	482.930396
592.501350	477.498339


582.793131	488.975967
588.048876	483.625550
593.304620	478.275133


583.417869	489.599339
588.756749	484.331875
594.095628	479.064411


584.032770	490.232416
589.453475	485.049197
594.874180	479.865977


584.637682	490.875045
590.138883	485.777341
595.640085	480.679636


585.232457	491.527067
590.812807	486.516128
596.393156	481.505189


585.816950	492.188322
591.475079	487.265377
597.133207	482.342432


586.391017	492.858648
592.125538	488.024904
597.860058	483.191160


586.954517	493.537881
592.764024	488.794523
598.573530	484.051166


587.507313	494.225855
593.390381	489.574046
599.273448	484.922238


588.049268	494.922399
594.004454	490.363281
599.959641	485.804163


588.580250	495.627345
594.606095	491.162035
600.631940	486.696724


589.100128	496.340519
595.195154	491.970111
601.290181	487.599703


589.608775	497.061745
595.771488	492.787312
601.934201	488.512879


590.106067	497.790848
596.334956	493.613438
602.563844	489.436027


590.591882	498.527648
596.885418	494.448285
603.178954	490.368921


591.066099	499.271966
597.422740	495.291649
603.779382	491.311332


591.528604	500.023617
597.946791	496.143323
604.364979	492.263030


591.979282	500.782418
598.457442	497.003099
604.935602	493.223780


592.418023	501.548183
598.954567	497.870766
605.491111	494.193348


592.844720	502.320724
599.438045	498.746110
606.031370	495.171495


593.259267	503.099852
599.907757	499.628917
606.556247	496.157982


593.661564	503.885376
600.363588	500.518971
607.065613	497.152567


594.051512	504.677103
600.805427	501.416054
607.559342	498.155005


594.429014	505.474838
601.233164	502.319945
608.037314	499.165052


594.793979	506.278387
601.646696	503.230423
608.499412	500.182460


595.146317	507.087552
602.045920	504.147265
608.945523	501.206978


595.485941	507.902135
602.430738	505.070246
609.375536	502.238356


595.812769	508.721936
602.801058	505.999139
609.789346	503.276341


596.126719	509.546755
603.156786	506.933716
610.186853	504.320678


596.427716	510.376388
603.497837	507.873750
610.567958	505.371112


596.715686	511.210632
603.824127	508.819008
610.932569	506.427384


596.993353	512.057754
604.135656	509.769226
611.277960	507.480698


597.298489	513.010063
604.440793	510.721535
611.583096	508.433007


597.603625	513.962372
604.745929	511.673844
611.888232	509.385315


597.908761	514.914680
605.051065	512.626152
612.193368	510.337624


598.213897	515.866989
605.356201	513.578461
612.498504	511.289933


598.519034	516.819298
605.661337	514.530770
612.803640	512.242242


598.824170	517.771607
605.966473	515.483079
613.108777	513.194551


599.129306	518.723915
606.271609	516.435388
613.413913	514.146860


599.434442	519.676224
606.576745	517.387697
613.719049	515.099169


599.739578	520.628533
606.881881	518.340005
614.024185	516.051478


600.044714	521.580841
607.187018	519.292314
614.329321	517.003787


600.349850	522.533150
607.492154	520.244623
614.634457	517.956096


600.654986	523.485459
607.797290	521.196932
614.939593	518.908405


600.960122	524.437767
608.102426	522.149241
615.244729	519.860714


601.265259	525.390076
608.407562	523.101549
615.549866	520.813023


601.570395	526.342385
608.712698	524.053858
615.855002	521.765332


601.875531	527.294693
609.017834	525.006167
616.160138	522.717641


602.180667	528.247002
609.322970	525.958476
616.465274	523.669950


602.485803	529.199311
609.628107	526.910785
616.770410	524.622259


602.790939	530.151619
609.933243	527.863093
617.075546	525.574568


603.096075	531.103928
610.238379	528.815402
617.380682	526.526876


603.401211	532.056237
610.543515	529.767711
617.685818	527.479185


603.706348	533.008545
610.848651	530.720020
617.990954	528.431494


604.011484	533.960854
611.153787	531.672329
618.296091	529.383803


604.316620	534.913163
611.458923	532.624637
618.601227	530.336112


604.621756	535.865471
611.764059	533.576946
618.906363	531.288421


604.926892	536.817780
612.069195	534.529255
619.211499	532.240730


605.232028	537.770089
612.374332	535.481564
619.516635	533.193039


605.537164	538.722397
612.679468	536.433873
619.821771	534.145348


605.842300	539.674706
612.984604	537.386181
620.126907	535.097657


606.147437	540.627015
613.289740	538.338490
620.432043	536.049966


606.452573	541.579323
613.594876	539.290799
620.737180	537.002275


606.757709	542.531632
613.900012	540.243108
621.042316	537.954584


607.062845	543.483941
614.205148	541.195417
621.347452	538.906893


607.367981	544.436249
614.510284	542.147726
621.652588	539.859202


607.673117	545.388558
614.815421	543.100034
621.957724	540.811511


607.978253	546.340867
615.120557	544.052343
622.262860	541.763820


608.283389	547.293175
615.425693	545.004652
622.567996	542.716129


608.588525	548.245484
615.730829	545.956961
622.873132	543.668437


608.893662	549.197793
616.035965	546.909270
623.178269	544.620746


609.198798	550.150101
616.341101	547.861578
623.483405	545.573055


609.503934	551.102410
616.646237	548.813887
623.788541	546.525364


609.809070	552.054719
616.951373	549.766196
624.093677	547.477673


610.114206	553.007027
617.256510	550.718505
624.398813	548.429982


610.419342	553.959336
617.561646	551.670814
624.703949	549.382291


610.724478	554.911645
617.866782	552.623122
625.009085	550.334600


611.029614	555.863953
618.171918	553.575431
625.314221	551.286909


611.334751	556.816262
618.477054	554.527740
625.619357	552.239218


611.639887	557.768571
618.782190	555.480049
625.924494	553.191527


611.945023	558.720879
619.087326	556.432358
626.229630	554.143836


612.250159	559.673188
619.392462	557.384666
626.534766	555.096145


612.555295	560.625497
619.697598	558.336975
626.839902	556.048454


612.860431	561.577805
620.002735	559.289284
627.145038	557.000763


613.165567	562.530114
620.307871	560.241593
627.450174	557.953072


613.470703	563.482423
620.613007	561.193902
627.755310	558.905381


613.775839	564.434731
620.918143	562.146211
628.060446	559.857690


614.080976	565.387040
621.223279	563.098519
628.365583	560.809998


614.386112	566.339349
621.528415	564.050828
628.670719	561.762307


614.691248	567.291658
621.833551	565.003137
628.975855	562.714616


614.996384	568.243966
622.138687	565.955446
629.280991	563.666925


615.301520	569.196275
622.443824	566.907755
629.586127	564.619234


615.606656	570.148584
622.748960	567.860063
629.891263	565.571543


615.911792	571.100892
623.054096	568.812372
630.196399	566.523852


616.216928	572.053201
623.359232	569.764681
630.501535	567.476161


616.522065	573.005510
623.664368	570.716990
630.806671	568.428470


616.827201	573.957818
623.969504	571.669299
631.111808	569.380779


617.132337	574.910127
624.274640	572.621607
631.416944	570.333088


617.437473	575.862436
624.579776	573.573916
631.722080	571.285397


617.742609	576.814744
624.884912	574.526225
632.027216	572.237706


618.047745	577.767053
625.190049	575.478534
632.332352	573.190015


618.352881	578.719362
625.495185	576.430843
632.637488	574.142324


618.658017	579.671670
625.800321	577.383151
632.942624	575.094633


618.963153	580.623979
626.105457	578.335460
633.247760	576.046942


619.268290	581.576288
626.410593	579.287769
633.552897	576.999250


619.573426	582.528596
626.715729	580.240078
633.858033	577.951559


619.878562	583.480905
627.020865	581.192387
634.163169	578.903868


620.183698	584.433214
627.326001	582.144695
634.468305	579.856177


620.488834	585.385522
627.631138	583.097004
634.773441	580.808486


620.793970	586.337831
627.936274	584.049313
635.078577	581.760795


621.099106	587.290140
628.241410	585.001622
635.383713	582.713104


621.404242	588.242448
628.546546	585.953931
635.688849	583.665413


621.709379	589.194757
628.851682	586.906240
635.993985	584.617722


622.014515	590.147066
629.156818	587.858548
636.299122	585.570031


622.319651	591.099374
629.461954	588.810857
636.604258	586.522340


622.624787	592.051683
629.767090	589.763166
636.909394	587.474649


622.929923	593.003992
630.072226	590.715475
637.214530	588.426958


623.235059	593.956300
630.377363	591.667784
637.519666	589.379267


623.540195	594.908609
630.682499	592.620092
637.824802	590.331576


623.845331	595.860918
630.987635	593.572401
638.129938	591.283885


624.150467	596.813226
631.292771	594.524710
638.435074	592.236194


624.455604	597.765535
631.597907	595.477019
638.740211	593.188503


624.760740	598.717844
631.903043	596.429328
639.045347	594.140811


625.065876	599.670152
632.208179	597.381636
639.350483	595.093120


625.371012	600.622461
632.513315	598.333945
639.655619	596.045429


625.676148	601.574770
632.818452	599.286254
639.960755	596.997738


625.981284	602.527078
633.123588	600.238563
640.265891	597.950047


626.286420	603.479387
633.428724	601.190872
640.571027	598.902356


626.591556	604.431696
633.733860	602.143180
640.876163	599.854665


626.896693	605.384004
634.038996	603.095489
641.181299	600.806974


627.201829	606.336313
634.344132	604.047798
641.486436	601.759283


627.506965	607.288622
634.649268	605.000107
641.791572	602.711592


627.812101	608.240930
634.954404	605.952416
642.096708	603.663901


628.117237	609.193239
635.259541	606.904724
642.401844	604.616210


628.422373	610.145548
635.564677	607.857033
642.706980	605.568519


628.727509	611.097856
635.869813	608.809342
643.012116	606.520828


629.032645	612.050165
636.174949	609.761651
643.317252	607.473137


629.337782	613.002474
636.480085	610.713960
643.622388	608.425446


629.642918	613.954783
636.785221	611.666269
643.927525	609.377755


629.948054	614.907091
637.090357	612.618577
644.232661	610.330064


630.253190	615.859400
637.395493	613.570886
644.537797	611.282372


630.558326	616.811709
637.700629	614.523195
644.842933	612.234681


630.863462	617.764017
638.005766	615.475504
645.148069	613.186990


631.168598	618.716326
638.310902	616.427813
645.453205	614.139299


631.484656	619.700811
638.616519	617.379966
645.748382	615.059122


631.852310	620.792806
638.935595	618.327677
646.018880	615.862548


632.242054	621.877114
639.273842	619.268716
646.305631	616.660318


632.653727	622.953288
639.631121	620.202696
646.608516	617.452104


633.087159	624.020883
640.007284	621.129230
646.927410	618.237578


633.542172	625.079461
640.402177	622.047939
647.262182	619.016417


634.018578	626.128584
640.815636	622.958443
647.612693	619.788301


634.516181	627.167822
641.247491	623.860367
647.978801	620.552911


635.034776	628.196745
641.697565	624.753339
648.360353	621.309933


635.574150	629.214930
642.165671	625.636991
648.757192	622.059053


636.134079	630.221956
642.651617	626.510960
649.169155	622.799964


636.714334	631.217410
643.155203	627.374885
649.596073	623.532361


637.314675	632.200880
643.676222	628.228411
650.037768	624.255941


637.934855	633.171963
644.214458	629.071185
650.494060	624.970406


638.574618	634.130256
644.769689	629.902860
650.964761	625.675463


639.233701	635.075367
645.341688	630.723093
651.449675	626.370820


639.911831	636.006904
645.930218	631.531547
651.948604	627.056191


640.608731	636.924485
646.535036	632.327889
652.461342	627.731293


641.324112	637.827731
647.155894	633.111790
652.987677	628.395849


642.057679	638.716271
647.792536	633.882927
653.527393	629.049584


642.809132	639.589737
648.444700	634.640983
654.080268	629.692229


643.578158	640.447770
649.112115	635.385645
654.646072	630.323520


644.364443	641.290017
649.794509	636.116606
655.224575	630.943196


645.167662	642.116130
650.491599	636.833566
655.815536	631.551001


645.987484	642.925769
651.203099	637.536228
656.418713	632.146687


646.823571	643.718601
651.928714	638.224303
657.033857	632.730006


647.675579	644.494299
652.668146	638.897509
657.660714	633.300719


648.543156	645.252542
653.421091	639.555566
658.299027	633.858590


649.425945	645.993019
654.187238	640.198205
658.948531	634.403390


650.323583	646.715425
654.966272	640.825159
659.608961	634.934894


651.235699	647.419462
655.757871	641.436172
660.280042	635.452883


652.161918	648.104840
656.561709	642.030991
660.961500	635.957143


653.101858	648.771275
657.377455	642.609372
661.653052	636.447468


654.055131	649.418495
658.204773	643.171075
662.354415	636.923654


655.021345	650.046232
659.043322	643.715869
663.065299	637.385506


656.000102	650.654227
659.892757	644.243530
663.785411	637.832833


656.990999	651.242230
660.752727	644.753841
664.514455	638.265452


657.993627	651.809999
661.622878	645.246591
665.252129	638.683183


659.007572	652.357299
662.502852	645.721577
665.998131	639.085854


660.032418	652.883906
663.392285	646.178603
666.752153	639.473301


661.067742	653.389602
664.290813	646.617482
667.513883	639.845362


662.113117	653.874178
665.198063	647.038032
668.283009	640.201885


663.168113	654.337436
666.113663	647.440079
669.059213	640.542723


664.232294	654.779184
667.037235	647.823459
669.842176	640.867735


665.305223	655.199240
667.968399	648.188014
670.631574	641.176788


666.386458	655.597431
668.906770	648.533592
671.427083	641.469754


667.475551	655.973593
669.851963	648.860052
672.228374	641.746512


