620.222839	-516.131165
613.962891	-520.261902
607.702942	-524.392639


620.773605	-516.965825
614.513656	-521.096562
608.253707	-525.227299


621.324370	-517.800485
615.064422	-521.931222
608.804473	-526.061960


621.875136	-518.635145
615.615187	-522.765882
609.355238	-526.896620


622.425901	-519.469805
616.165953	-523.600543
609.906004	-527.731280


622.976667	-520.304466
616.716718	-524.435203
610.456770	-528.565940


623.527432	-521.139126
617.267484	-525.269863
611.007535	-529.400600


624.078198	-521.973786
617.818249	-526.104523
611.558301	-530.235261


624.628964	-522.808446
618.369015	-526.939184
612.109066	-531.069921


625.179729	-523.643106
618.919780	-527.773844
612.659832	-531.904581


625.730495	-524.477767
619.470546	-528.608504
613.210597	-532.739241


626.281260	-525.312427
620.021311	-529.443164
613.761363	-533.573901


626.832026	-526.147087
620.572077	-530.277824
614.312128	-534.408562


627.382791	-526.981747
621.122842	-531.112485
614.862894	-535.243222


627.933557	-527.816408
621.673608	-531.947145
615.413659	-536.077882


628.484322	-528.651068
622.224373	-532.781805
615.964425	-536.912542


629.035088	-529.485728
622.775139	-533.616465
616.515190	-537.747203


629.585853	-530.320388
623.325905	-534.451125
617.065956	-538.581863


630.136619	-531.155048
623.876670	-535.285786
617.616721	-539.416523


630.687384	-531.989709
624.427436	-536.120446
618.167487	-540.251183


631.238150	-532.824369
624.978201	-536.955106
618.718252	-541.085843


631.788915	-533.659029
625.528967	-537.789766
619.269018	-541.920504


632.339681	-534.493689
626.079732	-538.624427
619.819783	-542.755164


632.890446	-535.328349
626.630498	-539.459087
620.370549	-543.589824


633.441212	-536.163010
627.181263	-540.293747
620.921314	-544.424484


633.991977	-536.997670
627.732029	-541.128407
621.472080	-545.259144


634.542743	-537.832330
628.282794	-541.963067
622.022845	-546.093805


635.093508	-538.666990
628.833560	-542.797728
622.573611	-546.928465


635.644274	-539.501650
629.384325	-543.632388
623.124377	-547.763125


636.195040	-540.336311
629.935091	-544.467048
623.675142	-548.597785


636.745805	-541.170971
630.485856	-545.301708
624.225908	-549.432446


637.296571	-542.005631
631.036622	-546.136368
624.776673	-550.267106


637.847336	-542.840291
631.587387	-546.971029
625.327439	-551.101766


638.398102	-543.674952
632.138153	-547.805689
625.878204	-551.936426


638.948867	-544.509612
632.688918	-548.640349
626.428970	-552.771086


639.499633	-545.344272
633.239684	-549.475009
626.979735	-553.605747


640.050398	-546.178932
633.790449	-550.309669
627.530501	-554.440407


640.601164	-547.013592
634.341215	-551.144330
628.081266	-555.275067


641.151929	-547.848253
634.891981	-551.978990
628.632032	-556.109727


641.702695	-548.682913
635.442746	-552.813650
629.182797	-556.944387


642.253460	-549.517573
635.993512	-553.648310
629.733563	-557.779048


642.804226	-550.352233
636.544277	-554.482971
630.284328	-558.613708


643.354991	-551.186893
637.095043	-555.317631
630.835094	-559.448368


643.905757	-552.021554
637.645808	-556.152291
631.385859	-560.283028


644.456522	-552.856214
638.196574	-556.986951
631.936625	-561.117688


645.007288	-553.690874
638.747339	-557.821611
632.487390	-561.952349


645.558053	-554.525534
639.298105	-558.656272
633.038156	-562.787009


646.108819	-555.360194
639.848870	-559.490932
633.588921	-563.621669


646.659584	-556.194855
640.399636	-560.325592
634.139687	-564.456329


647.210350	-557.029515
640.950401	-561.160252
634.690453	-565.290990


647.761116	-557.864175
641.501167	-561.994912
635.241218	-566.125650


648.311881	-558.698835
642.051932	-562.829573
635.791984	-566.960310


648.862647	-559.533496
642.602698	-563.664233
636.342749	-567.794970


649.413412	-560.368156
643.153463	-564.498893
636.893515	-568.629630


649.964178	-561.202816
643.704229	-565.333553
637.444280	-569.464291


650.514943	-562.037476
644.254994	-566.168213
637.995046	-570.298951


651.065709	-562.872136
644.805760	-567.002874
638.545811	-571.133611


651.616474	-563.706797
645.356525	-567.837534
639.096577	-571.968271


652.167240	-564.541457
645.907291	-568.672194
639.647342	-572.802931


652.718005	-565.376117
646.458056	-569.506854
640.198108	-573.637592


653.268771	-566.210777
647.008822	-570.341515
640.748873	-574.472252


653.819536	-567.045437
647.559588	-571.176175
641.299639	-575.306912


654.370302	-567.880098
648.110353	-572.010835
641.850404	-576.141572


654.921067	-568.714758
648.661119	-572.845495
642.401170	-576.976232


655.471833	-569.549418
649.211884	-573.680155
642.951935	-577.810893


656.022598	-570.384078
649.762650	-574.514816
643.502701	-578.645553


656.573364	-571.218739
650.313415	-575.349476
644.053466	-579.480213


657.124129	-572.053399
650.864181	-576.184136
644.604232	-580.314873


657.674895	-572.888059
651.414946	-577.018796
645.154997	-581.149534


658.225660	-573.722719
651.965712	-577.853456
645.705763	-581.984194


658.776426	-574.557379
652.516477	-578.688117
646.256529	-582.818854


659.327191	-575.392040
653.067243	-579.522777
646.807294	-583.653514


659.877957	-576.226700
653.618008	-580.357437
647.358060	-584.488174


660.428723	-577.061360
654.168774	-581.192097
647.908825	-585.322835


660.979488	-577.896020
654.719539	-582.026758
648.459591	-586.157495


661.530254	-578.730680
655.270305	-582.861418
649.010356	-586.992155


662.081019	-579.565341
655.821070	-583.696078
649.561122	-587.826815


662.631785	-580.400001
656.371836	-584.530738
650.111887	-588.661475


663.182550	-581.234661
656.922601	-585.365398
650.662653	-589.496136


663.733316	-582.069321
657.473367	-586.200059
651.213418	-590.330796


664.284081	-582.903981
658.024132	-587.034719
651.764184	-591.165456


664.834847	-583.738642
658.574898	-587.869379
652.314949	-592.000116


665.385612	-584.573302
659.125664	-588.704039
652.865715	-592.834777


665.936378	-585.407962
659.676429	-589.538699
653.416480	-593.669437


666.487143	-586.242622
660.227195	-590.373360
653.967246	-594.504097


667.037909	-587.077283
660.777960	-591.208020
654.518011	-595.338757


0.043091	15.000000
0.043091	7.500000
0.043091	0.000000


1.043091	15.000000
1.043091	7.500000
1.043091	0.000000


2.043091	15.000000
2.043091	7.500000
2.043091	0.000000


3.043091	15.000000
3.043091	7.500000
3.043091	0.000000


4.043091	15.000000
4.043091	7.500000
4.043091	0.000000


5.043091	15.000000
5.043091	7.500000
5.043091	0.000000


6.043091	15.000000
6.043091	7.500000
6.043091	0.000000


7.043091	15.000000
7.043091	7.500000
7.043091	0.000000


8.043091	15.000000
8.043091	7.500000
8.043091	0.000000


9.043091	15.000000
9.043091	7.500000
9.043091	0.000000


10.043091	15.000000
10.043091	7.500000
10.043091	0.000000


11.043091	15.000000
11.043091	7.500000
11.043091	0.000000


12.043091	15.000000
12.043091	7.500000
12.043091	0.000000


13.043091	15.000000
13.043091	7.500000
13.043091	0.000000


14.043091	15.000000
14.043091	7.500000
14.043091	0.000000


15.043091	15.000000
15.043091	7.500000
15.043091	0.000000


16.043091	15.000000
16.043091	7.500000
16.043091	0.000000


17.043091	15.000000
17.043091	7.500000
17.043091	0.000000


18.043091	15.000000
18.043091	7.500000
18.043091	0.000000


19.043091	15.000000
19.043091	7.500000
19.043091	0.000000


20.043091	15.000000
20.043091	7.500000
20.043091	0.000000


21.043091	15.000000
21.043091	7.500000
21.043091	0.000000


22.043091	15.000000
22.043091	7.500000
22.043091	0.000000


23.043091	15.000000
23.043091	7.500000
23.043091	0.000000


24.043091	15.000000
24.043091	7.500000
24.043091	0.000000


25.043091	15.000000
25.043091	7.500000
25.043091	0.000000


26.043091	15.000000
26.043091	7.500000
26.043091	0.000000


27.043091	15.000000
27.043091	7.500000
27.043091	0.000000


28.043091	15.000000
28.043091	7.500000
28.043091	0.000000


29.043091	15.000000
29.043091	7.500000
29.043091	0.000000


30.043091	15.000000
30.043091	7.500000
30.043091	0.000000


31.043091	15.000000
31.043091	7.500000
31.043091	0.000000


32.043091	15.000000
32.043091	7.500000
32.043091	0.000000


33.043091	15.000000
33.043091	7.500000
33.043091	0.000000


34.043091	15.000000
34.043091	7.500000
34.043091	0.000000


35.043091	15.000000
35.043091	7.500000
35.043091	0.000000


36.043091	15.000000
36.043091	7.500000
36.043091	0.000000


37.043091	15.000000
37.043091	7.500000
37.043091	0.000000


38.043091	15.000000
38.043091	7.500000
38.043091	0.000000


39.043091	15.000000
39.043091	7.500000
39.043091	0.000000


40.043091	15.000000
40.043091	7.500000
40.043091	0.000000


41.043091	15.000000
41.043091	7.500000
41.043091	0.000000


42.043091	15.000000
42.043091	7.500000
42.043091	0.000000


43.043091	15.000000
43.043091	7.500000
43.043091	0.000000


44.043091	15.000000
44.043091	7.500000
44.043091	0.000000


45.043091	15.000000
45.043091	7.500000
45.043091	0.000000


46.043091	15.000000
46.043091	7.500000
46.043091	0.000000


47.043091	15.000000
47.043091	7.500000
47.043091	0.000000


48.043091	15.000000
48.043091	7.500000
48.043091	0.000000


49.043091	15.000000
49.043091	7.500000
49.043091	0.000000


50.043091	15.000000
50.043091	7.500000
50.043091	0.000000


51.043091	15.000000
51.043091	7.500000
51.043091	0.000000


52.043091	15.000000
52.043091	7.500000
52.043091	0.000000


53.043091	15.000000
53.043091	7.500000
53.043091	0.000000


54.043091	15.000000
54.043091	7.500000
54.043091	0.000000


55.043091	15.000000
55.043091	7.500000
55.043091	0.000000


56.043091	15.000000
56.043091	7.500000
56.043091	0.000000


57.043091	15.000000
57.043091	7.500000
57.043091	0.000000


58.043091	15.000000
58.043091	7.500000
58.043091	0.000000


59.043091	15.000000
59.043091	7.500000
59.043091	0.000000


60.043091	15.000000
60.043091	7.500000
60.043091	0.000000


61.043091	15.000000
61.043091	7.500000
61.043091	0.000000


62.043091	15.000000
62.043091	7.500000
62.043091	0.000000


63.043091	15.000000
63.043091	7.500000
63.043091	0.000000


64.043091	15.000000
64.043091	7.500000
64.043091	0.000000


65.043091	15.000000
65.043091	7.500000
65.043091	0.000000


66.043091	15.000000
66.043091	7.500000
66.043091	0.000000


67.043091	15.000000
67.043091	7.500000
67.043091	0.000000


68.043091	15.000000
68.043091	7.500000
68.043091	0.000000


69.043091	15.000000
69.043091	7.500000
69.043091	0.000000


70.043091	15.000000
70.043091	7.500000
70.043091	0.000000


71.043091	15.000000
71.043091	7.500000
71.043091	0.000000


72.043091	15.000000
72.043091	7.500000
72.043091	0.000000


73.043091	15.000000
73.043091	7.500000
73.043091	0.000000


74.043091	15.000000
74.043091	7.500000
74.043091	0.000000


75.043091	15.000000
75.043091	7.500000
75.043091	0.000000


76.043091	15.000000
76.043091	7.500000
76.043091	0.000000


77.043091	15.000000
77.043091	7.500000
77.043091	0.000000


78.043091	15.000000
78.043091	7.500000
78.043091	0.000000


79.043091	15.000000
79.043091	7.500000
79.043091	0.000000


80.043091	15.000000
80.043091	7.500000
80.043091	0.000000


81.043091	15.000000
81.043091	7.500000
81.043091	0.000000


82.043091	15.000000
82.043091	7.500000
82.043091	0.000000


83.043091	15.000000
83.043091	7.500000
83.043091	0.000000


84.043091	15.000000
84.043091	7.500000
84.043091	0.000000


85.043091	15.000000
85.043091	7.500000
85.043091	0.000000


86.043091	15.000000
86.043091	7.500000
86.043091	0.000000


87.043091	15.000000
87.043091	7.500000
87.043091	0.000000


88.043091	15.000000
88.043091	7.500000
88.043091	0.000000


89.043091	15.000000
89.043091	7.500000
89.043091	0.000000


90.043091	15.000000
90.043091	7.500000
90.043091	0.000000


91.043091	15.000000
91.043091	7.500000
91.043091	0.000000


92.043091	15.000000
92.043091	7.500000
92.043091	0.000000


93.043091	15.000000
93.043091	7.500000
93.043091	0.000000


94.043091	15.000000
94.043091	7.500000
94.043091	0.000000


95.043091	15.000000
95.043091	7.500000
95.043091	0.000000


96.043091	15.000000
96.043091	7.500000
96.043091	0.000000


97.043091	15.000000
97.043091	7.500000
97.043091	0.000000


98.043091	15.000000
98.043091	7.500000
98.043091	0.000000


99.043091	15.000000
99.043091	7.500000
99.043091	0.000000


100.043091	15.000000
100.043091	7.500000
100.043091	0.000000


101.043091	15.000000
101.043091	7.500000
101.043091	0.000000


102.043091	15.000000
102.043091	7.500000
102.043091	0.000000


103.043091	15.000000
103.043091	7.500000
103.043091	0.000000


104.043091	15.000000
104.043091	7.500000
104.043091	0.000000


105.043091	15.000000
105.043091	7.500000
105.043091	0.000000


106.043091	15.000000
106.043091	7.500000
106.043091	0.000000


107.043091	15.000000
107.043091	7.500000
107.043091	0.000000


108.043091	15.000000
108.043091	7.500000
108.043091	0.000000


109.043091	15.000000
109.043091	7.500000
109.043091	0.000000


110.043091	15.000000
110.043091	7.500000
110.043091	0.000000


111.043091	15.000000
111.043091	7.500000
111.043091	0.000000


112.043091	15.000000
112.043091	7.500000
112.043091	0.000000


113.043091	15.000000
113.043091	7.500000
113.043091	0.000000


114.043091	15.000000
114.043091	7.500000
114.043091	0.000000


115.043091	15.000000
115.043091	7.500000
115.043091	0.000000


116.043091	15.000000
116.043091	7.500000
116.043091	0.000000


117.043091	15.000000
117.043091	7.500000
117.043091	0.000000


118.043091	15.000000
118.043091	7.500000
118.043091	0.000000


119.043091	15.000000
119.043091	7.500000
119.043091	0.000000


120.043091	15.000000
120.043091	7.500000
120.043091	0.000000


121.043091	15.000000
121.043091	7.500000
121.043091	0.000000


122.043091	15.000000
122.043091	7.500000
122.043091	0.000000


123.043091	15.000000
123.043091	7.500000
123.043091	0.000000


124.043091	15.000000
124.043091	7.500000
124.043091	0.000000


125.043091	15.000000
125.043091	7.500000
125.043091	0.000000


126.043091	15.000000
126.043091	7.500000
126.043091	0.000000


127.043091	15.000000
127.043091	7.500000
127.043091	0.000000


128.043091	15.000000
128.043091	7.500000
128.043091	0.000000


129.043091	15.000000
129.043091	7.500000
129.043091	0.000000


130.043091	15.000000
130.043091	7.500000
130.043091	0.000000


131.043091	15.000000
131.043091	7.500000
131.043091	0.000000


132.043091	15.000000
132.043091	7.500000
132.043091	0.000000


133.043091	15.000000
133.043091	7.500000
133.043091	0.000000


134.043091	15.000000
134.043091	7.500000
134.043091	0.000000


135.043091	15.000000
135.043091	7.500000
135.043091	0.000000


136.043091	15.000000
136.043091	7.500000
136.043091	0.000000


137.043091	15.000000
137.043091	7.500000
137.043091	0.000000


138.043091	15.000000
138.043091	7.500000
138.043091	0.000000


139.043091	15.000000
139.043091	7.500000
139.043091	0.000000


140.043091	15.000000
140.043091	7.500000
140.043091	0.000000


141.043091	15.000000
141.043091	7.500000
141.043091	0.000000


142.043091	15.000000
142.043091	7.500000
142.043091	0.000000


143.043091	15.000000
143.043091	7.500000
143.043091	0.000000


144.043091	15.000000
144.043091	7.500000
144.043091	0.000000


145.043091	15.000000
145.043091	7.500000
145.043091	0.000000


146.043091	15.000000
146.043091	7.500000
146.043091	0.000000


147.043091	15.000000
147.043091	7.500000
147.043091	0.000000


148.043091	15.000000
148.043091	7.500000
148.043091	0.000000


149.043091	15.000000
149.043091	7.500000
149.043091	0.000000


150.043091	15.000000
150.043091	7.500000
150.043091	0.000000


151.043091	15.000000
151.043091	7.500000
151.043091	0.000000


152.043091	15.000000
152.043091	7.500000
152.043091	0.000000


153.043091	15.000000
153.043091	7.500000
153.043091	0.000000


154.043091	15.000000
154.043091	7.500000
154.043091	0.000000


155.043091	15.000000
155.043091	7.500000
155.043091	0.000000


156.043091	15.000000
156.043091	7.500000
156.043091	0.000000


157.043091	15.000000
157.043091	7.500000
157.043091	0.000000


158.043091	15.000000
158.043091	7.500000
158.043091	0.000000


159.043091	15.000000
159.043091	7.500000
159.043091	0.000000


160.043091	15.000000
160.043091	7.500000
160.043091	0.000000


161.043091	15.000000
161.043091	7.500000
161.043091	0.000000


162.043091	15.000000
162.043091	7.500000
162.043091	0.000000


163.043091	15.000000
163.043091	7.500000
163.043091	0.000000


164.043091	15.000000
164.043091	7.500000
164.043091	0.000000


165.043091	15.000000
165.043091	7.500000
165.043091	0.000000


166.043091	15.000000
166.043091	7.500000
166.043091	0.000000


167.043091	15.000000
167.043091	7.500000
167.043091	0.000000


168.043091	15.000000
168.043091	7.500000
168.043091	0.000000


169.043091	15.000000
169.043091	7.500000
169.043091	0.000000


170.043091	15.000000
170.043091	7.500000
170.043091	0.000000


171.043091	15.000000
171.043091	7.500000
171.043091	0.000000


172.043091	15.000000
172.043091	7.500000
172.043091	0.000000


173.043091	15.000000
173.043091	7.500000
173.043091	0.000000


174.043091	15.000000
174.043091	7.500000
174.043091	0.000000


175.043091	15.000000
175.043091	7.500000
175.043091	0.000000


176.043091	15.000000
176.043091	7.500000
176.043091	0.000000


177.043091	15.000000
177.043091	7.500000
177.043091	0.000000


178.043091	15.000000
178.043091	7.500000
178.043091	0.000000


179.043091	15.000000
179.043091	7.500000
179.043091	0.000000


180.043091	15.000000
180.043091	7.500000
180.043091	0.000000


181.043091	15.000000
181.043091	7.500000
181.043091	0.000000


182.043091	15.000000
182.043091	7.500000
182.043091	0.000000


183.043091	15.000000
183.043091	7.500000
183.043091	0.000000


184.043091	15.000000
184.043091	7.500000
184.043091	0.000000


185.043091	15.000000
185.043091	7.500000
185.043091	0.000000


186.043091	15.000000
186.043091	7.500000
186.043091	0.000000


187.043091	15.000000
187.043091	7.500000
187.043091	0.000000


188.043091	15.000000
188.043091	7.500000
188.043091	0.000000


189.043091	15.000000
189.043091	7.500000
189.043091	0.000000


190.043091	15.000000
190.043091	7.500000
190.043091	0.000000


191.043091	15.000000
191.043091	7.500000
191.043091	0.000000


192.043091	15.000000
192.043091	7.500000
192.043091	0.000000


193.043091	15.000000
193.043091	7.500000
193.043091	0.000000


194.043091	15.000000
194.043091	7.500000
194.043091	0.000000


195.043091	15.000000
195.043091	7.500000
195.043091	0.000000


196.043091	15.000000
196.043091	7.500000
196.043091	0.000000


197.043091	15.000000
197.043091	7.500000
197.043091	0.000000


198.043091	15.000000
198.043091	7.500000
198.043091	0.000000


199.043091	15.000000
199.043091	7.500000
199.043091	0.000000


200.043091	15.000000
200.043091	7.500000
200.043091	0.000000


201.043091	15.000000
201.043091	7.500000
201.043091	0.000000


202.043091	15.000000
202.043091	7.500000
202.043091	0.000000


203.043091	15.000000
203.043091	7.500000
203.043091	0.000000


204.043091	15.000000
204.043091	7.500000
204.043091	0.000000


205.043091	15.000000
205.043091	7.500000
205.043091	0.000000


206.043091	15.000000
206.043091	7.500000
206.043091	0.000000


207.043091	15.000000
207.043091	7.500000
207.043091	0.000000


208.043091	15.000000
208.043091	7.500000
208.043091	0.000000


209.043091	15.000000
209.043091	7.500000
209.043091	0.000000


210.043091	15.000000
210.043091	7.500000
210.043091	0.000000


211.043091	15.000000
211.043091	7.500000
211.043091	0.000000


212.043091	15.000000
212.043091	7.500000
212.043091	0.000000


213.043091	15.000000
213.043091	7.500000
213.043091	0.000000


214.043091	15.000000
214.043091	7.500000
214.043091	0.000000


215.043091	15.000000
215.043091	7.500000
215.043091	0.000000


216.043091	15.000000
216.043091	7.500000
216.043091	0.000000


217.043091	15.000000
217.043091	7.500000
217.043091	0.000000


218.043091	15.000000
218.043091	7.500000
218.043091	0.000000


219.043091	15.000000
219.043091	7.500000
219.043091	0.000000


220.043091	15.000000
220.043091	7.500000
220.043091	0.000000


221.043091	15.000000
221.043091	7.500000
221.043091	0.000000


222.043091	15.000000
222.043091	7.500000
222.043091	0.000000


223.043091	15.000000
223.043091	7.500000
223.043091	0.000000


224.043091	15.000000
224.043091	7.500000
224.043091	0.000000


225.043091	15.000000
225.043091	7.500000
225.043091	0.000000


226.043091	15.000000
226.043091	7.500000
226.043091	0.000000


227.043091	15.000000
227.043091	7.500000
227.043091	0.000000


228.043091	15.000000
228.043091	7.500000
228.043091	0.000000


229.043091	15.000000
229.043091	7.500000
229.043091	0.000000


230.043091	15.000000
230.043091	7.500000
230.043091	0.000000


231.043091	15.000000
231.043091	7.500000
231.043091	0.000000


232.043091	15.000000
232.043091	7.500000
232.043091	0.000000


233.043091	15.000000
233.043091	7.500000
233.043091	0.000000


234.043091	15.000000
234.043091	7.500000
234.043091	0.000000


235.043091	15.000000
235.043091	7.500000
235.043091	0.000000


236.043091	15.000000
236.043091	7.500000
236.043091	0.000000


237.043091	15.000000
237.043091	7.500000
237.043091	0.000000


238.043091	15.000000
238.043091	7.500000
238.043091	0.000000


239.043091	15.000000
239.043091	7.500000
239.043091	0.000000


240.043091	15.000000
240.043091	7.500000
240.043091	0.000000


241.043091	15.000000
241.043091	7.500000
241.043091	0.000000


242.043091	15.000000
242.043091	7.500000
242.043091	0.000000


243.043091	15.000000
243.043091	7.500000
243.043091	0.000000


244.043091	15.000000
244.043091	7.500000
244.043091	0.000000


245.043091	15.000000
245.043091	7.500000
245.043091	0.000000


246.043091	15.000000
246.043091	7.500000
246.043091	0.000000


247.043091	15.000000
247.043091	7.500000
247.043091	0.000000


248.043091	15.000000
248.043091	7.500000
248.043091	0.000000


249.043091	15.000000
249.043091	7.500000
249.043091	0.000000


250.043091	15.000000
250.043091	7.500000
250.043091	0.000000


251.043091	15.000000
251.043091	7.500000
251.043091	0.000000


252.043091	15.000000
252.043091	7.500000
252.043091	0.000000


253.082885	14.998950
253.043089	7.499056
253.003293	-0.000839


254.194591	14.984764
254.042998	7.486296
253.891406	-0.012172


255.305962	14.954007
255.042607	7.458632
254.779251	-0.036742


256.416750	14.906687
256.041691	7.416071
255.666632	-0.074545


257.526710	14.842813
257.040030	7.358620
256.553351	-0.125572


258.635594	14.762401
258.037402	7.286294
257.439210	-0.189812


259.743156	14.665467
259.033585	7.199108
258.324013	-0.267250


260.849150	14.552034
260.028357	7.097082
259.207564	-0.357869


261.953331	14.422126
261.021498	6.980238
260.089665	-0.461649


263.055452	14.275772
262.012787	6.848603
260.970122	-0.578567


264.155269	14.113006
263.002003	6.702205
261.848737	-0.708597


265.252538	13.933863
263.988927	6.541077
262.725317	-0.851710


266.347014	13.738383
264.973340	6.365254
263.599666	-1.007874


267.438454	13.526609
265.955022	6.174777
264.471590	-1.177055


268.526616	13.298589
266.933756	5.969687
265.340895	-1.359214


269.611259	13.054372
267.909323	5.750030
266.207388	-1.554312


270.692140	12.794015
268.881508	5.515855
267.070877	-1.762305


271.769020	12.517573
269.850094	5.267213
267.931169	-1.983147


272.841659	12.225109
270.814866	5.004160
268.788073	-2.216789


273.909820	11.916688
271.775609	4.726755
269.641399	-2.463179


274.973264	11.592379
272.732111	4.435058
270.490957	-2.722262


276.031755	11.252252
273.684157	4.129136
271.336559	-2.993980


277.085059	10.896385
274.631538	3.809055
272.178017	-3.278274


278.132941	10.524855
275.574042	3.474888
273.015143	-3.575079


279.175168	10.137746
276.511460	3.126708
273.847751	-3.884331


280.211508	9.735143
277.443583	2.764592
274.675657	-4.205960


281.241732	9.317137
278.370204	2.388621
275.498677	-4.539894


282.265610	8.883820
279.291119	1.998880
276.316627	-4.886060


283.282915	8.435287
280.206120	1.595453
277.129326	-5.244381


284.293421	7.971640
281.115007	1.178431
277.936593	-5.614777


285.296903	7.492981
282.017576	0.747907
278.738249	-5.997166


286.293137	6.999416
282.913626	0.303977
279.534116	-6.391462


287.281904	6.491055
283.802960	-0.153262
280.324016	-6.797579


288.262983	5.968011
284.685379	-0.623707
281.107775	-7.215426


289.236155	5.430400
285.560686	-1.107255
281.885217	-7.644909


290.201206	4.878342
286.428689	-1.603796
282.656172	-8.085934


291.157919	4.311959
287.289193	-2.113222
283.420466	-8.538403


292.106084	3.731378
288.142007	-2.635418
284.177930	-9.002215


293.045488	3.136727
288.986942	-3.170270
284.928396	-9.477266


293.975923	2.528138
289.823810	-3.717657
285.671697	-9.963452


294.897183	1.905747
290.652426	-4.277459
286.407668	-10.460665


295.809063	1.269692
291.472604	-4.849551
287.136145	-10.968793


296.711359	0.620114
292.284163	-5.433805
287.856967	-11.487724


297.603872	-0.042842
293.086923	-6.030093
288.569973	-12.017343


298.486404	-0.719029
293.880704	-6.638280
289.275005	-12.557531


299.358757	-1.408297
294.665331	-7.258234
289.971905	-13.108170


300.220738	-2.110493
295.440629	-7.889814
290.660520	-13.669136


301.072156	-2.825460
296.206427	-8.532882
291.340697	-14.240305


301.912822	-3.553039
296.962552	-9.187294
292.012283	-14.821549


302.742548	-4.293069
297.708839	-9.852905
292.675130	-15.412741


303.561150	-5.045386
298.445120	-10.529567
293.329090	-16.013748


304.368447	-5.809822
299.171233	-11.217129
293.974019	-16.624436


305.164258	-6.586208
299.887015	-11.915439
294.609772	-17.244671


305.948408	-7.374370
300.592309	-12.624342
295.236209	-17.874313


306.720721	-8.174134
301.286956	-13.343680
295.853191	-18.513225


307.481026	-8.985323
301.970803	-14.073292
296.460579	-19.161262


308.229155	-9.807754
302.643698	-14.813018
297.058240	-19.818282


308.964941	-10.641247
303.305490	-15.562692
297.646040	-20.484138


309.688219	-11.485615
303.956034	-16.322149
298.223849	-21.158682


310.398831	-12.340672
304.595185	-17.091218
298.791539	-21.841765


311.096617	-13.206226
305.222800	-17.869730
299.348983	-22.533234


311.781423	-14.082087
305.838740	-18.657512
299.896057	-23.232937


312.453097	-14.968058
306.442868	-19.454387
300.432639	-23.940717


313.111489	-15.863943
307.035050	-20.260180
300.958612	-24.656417


313.756452	-16.769544
307.615154	-21.074711
301.473857	-25.379878


314.387844	-17.684658
308.183052	-21.897799
301.978260	-26.110939


315.005525	-18.609083
308.738617	-22.729261
302.471709	-26.849439


315.609356	-19.542613
309.281726	-23.568912
302.954095	-27.595212


316.199205	-20.485040
309.812257	-24.416567
303.425309	-28.348093


316.774939	-21.436156
310.330094	-25.272035
303.885249	-29.107915


317.336431	-22.395748
310.835120	-26.135128
304.333810	-29.874509


317.883556	-23.363604
311.327225	-27.005654
304.770894	-30.647704


318.416192	-24.339508
311.806298	-27.883418
305.196404	-31.427329


318.934221	-25.323244
312.272233	-28.768227
305.610244	-32.213210


319.437528	-26.314592
312.724926	-29.659883
306.012324	-33.005173


319.926002	-27.313333
313.164277	-30.558188
306.402553	-33.803042


320.399533	-28.319245
313.590188	-31.462943
306.780844	-34.606640


320.858016	-29.332105
314.002565	-32.373946
307.147115	-35.415787


321.301350	-30.351686
314.401316	-33.290995
307.501283	-36.230304


321.729435	-31.377762
314.786352	-34.213886
307.843269	-37.050011


322.142177	-32.410106
315.157588	-35.142415
308.172999	-37.874724


322.539485	-33.448488
315.514941	-36.076375
308.490397	-38.704261


322.921269	-34.492678
315.858332	-37.015557
308.795395	-39.538437


323.281511	-35.524411
316.187884	-37.959687
309.094256	-40.394963


323.606215	-36.470227
316.512587	-38.905503
309.418959	-41.340779


323.930918	-37.416043
316.837290	-39.851319
309.743662	-42.286595


324.255622	-38.361859
317.161994	-40.797135
310.068366	-43.232411


324.580325	-39.307675
317.486697	-41.742951
310.393069	-44.178227


324.905028	-40.253491
317.811400	-42.688767
310.717772	-45.124043


325.229732	-41.199307
318.136104	-43.634583
311.042476	-46.069859


325.554435	-42.145123
318.460807	-44.580399
311.367179	-47.015675


325.879138	-43.090939
318.785510	-45.526215
311.691882	-47.961491


326.203842	-44.036755
319.110214	-46.472031
312.016586	-48.907307


326.528545	-44.982571
319.434917	-47.417847
312.341289	-49.853123


326.853248	-45.928386
319.759620	-48.363662
312.665992	-50.798938


327.177952	-46.874202
320.084324	-49.309478
312.990696	-51.744754


327.502655	-47.820018
320.409027	-50.255294
313.315399	-52.690570


327.827358	-48.765834
320.733730	-51.201110
313.640102	-53.636386


328.152062	-49.711650
321.058434	-52.146926
313.964806	-54.582202


328.476765	-50.657466
321.383137	-53.092742
314.289509	-55.528018


328.801468	-51.603282
321.707840	-54.038558
314.614212	-56.473834


329.126172	-52.549098
322.032544	-54.984374
314.938916	-57.419650


329.450875	-53.494914
322.357247	-55.930190
315.263619	-58.365466


329.775578	-54.440730
322.681950	-56.876006
315.588323	-59.311282


330.100282	-55.386546
323.006654	-57.821822
315.913026	-60.257098


330.424985	-56.332362
323.331357	-58.767638
316.237729	-61.202914


330.749688	-57.278178
323.656060	-59.713454
316.562433	-62.148730


331.074392	-58.223993
323.980764	-60.659269
316.887136	-63.094546


331.399095	-59.169809
324.305467	-61.605085
317.211839	-64.040361


331.723798	-60.115625
324.630171	-62.550901
317.536543	-64.986177


332.048502	-61.061441
324.954874	-63.496717
317.861246	-65.931993


332.373205	-62.007257
325.279577	-64.442533
318.185949	-66.877809


332.697909	-62.953073
325.604281	-65.388349
318.510653	-67.823625


333.022612	-63.898889
325.928984	-66.334165
318.835356	-68.769441


333.347315	-64.844705
326.253687	-67.279981
319.160059	-69.715257


333.672019	-65.790521
326.578391	-68.225797
319.484763	-70.661073


333.996722	-66.736337
326.903094	-69.171613
319.809466	-71.606889


334.321425	-67.682153
327.227797	-70.117429
320.134169	-72.552705


334.646129	-68.627969
327.552501	-71.063245
320.458873	-73.498521


334.970832	-69.573785
327.877204	-72.009061
320.783576	-74.444337


335.295535	-70.519600
328.201907	-72.954877
321.108279	-75.390153


335.620239	-71.465416
328.526611	-73.900692
321.432983	-76.335968


335.944942	-72.411232
328.851314	-74.846508
321.757686	-77.281784


336.269645	-73.357048
329.176017	-75.792324
322.082389	-78.227600


336.594349	-74.302864
329.500721	-76.738140
322.407093	-79.173416


336.919052	-75.248680
329.825424	-77.683956
322.731796	-80.119232


337.243755	-76.194496
330.150127	-78.629772
323.056499	-81.065048


337.568459	-77.140312
330.474831	-79.575588
323.381203	-82.010864


337.893162	-78.086128
330.799534	-80.521404
323.705906	-82.956680


338.217865	-79.031944
331.124237	-81.467220
324.030610	-83.902496


338.542569	-79.977760
331.448941	-82.413036
324.355313	-84.848312


338.867272	-80.923576
331.773644	-83.358852
324.680016	-85.794128


339.191975	-81.869392
332.098347	-84.304668
325.004720	-86.739944


339.516679	-82.815207
332.423051	-85.250484
325.329423	-87.685760


339.841382	-83.761023
332.747754	-86.196299
325.654126	-88.631575


340.166085	-84.706839
333.072458	-87.142115
325.978830	-89.577391


340.490789	-85.652655
333.397161	-88.087931
326.303533	-90.523207


340.815492	-86.598471
333.721864	-89.033747
326.628236	-91.469023


341.140195	-87.544287
334.046568	-89.979563
326.952940	-92.414839


341.464899	-88.490103
334.371271	-90.925379
327.277643	-93.360655


341.789602	-89.435919
334.695974	-91.871195
327.602346	-94.306471


342.114306	-90.381735
335.020678	-92.817011
327.927050	-95.252287


342.439009	-91.327551
335.345381	-93.762827
328.251753	-96.198103


342.763712	-92.273367
335.670084	-94.708643
328.576456	-97.143919


343.088416	-93.219183
335.994788	-95.654459
328.901160	-98.089735


343.413119	-94.164999
336.319491	-96.600275
329.225863	-99.035551


343.737822	-95.110815
336.644194	-97.546091
329.550566	-99.981367


344.062526	-96.056630
336.968898	-98.491906
329.875270	-100.927182


344.387229	-97.002446
337.293601	-99.437722
330.199973	-101.872998


344.711932	-97.948262
337.618304	-100.383538
330.524676	-102.818814


345.036636	-98.894078
337.943008	-101.329354
330.849380	-103.764630


345.361339	-99.839894
338.267711	-102.275170
331.174083	-104.710446


345.686042	-100.785710
338.592414	-103.220986
331.498786	-105.656262


346.010746	-101.731526
338.917118	-104.166802
331.823490	-106.602078


346.335449	-102.677342
339.241821	-105.112618
332.148193	-107.547894


346.660152	-103.623158
339.566524	-106.058434
332.472896	-108.493710


346.984856	-104.568974
339.891228	-107.004250
332.797600	-109.439526


347.309559	-105.514790
340.215931	-107.950066
333.122303	-110.385342


347.634262	-106.460606
340.540634	-108.895882
333.447007	-111.331158


347.958966	-107.406422
340.865338	-109.841698
333.771710	-112.276974


348.283669	-108.352237
341.190041	-110.787513
334.096413	-113.222790


348.608372	-109.298053
341.514744	-111.733329
334.421117	-114.168605


348.933076	-110.243869
341.839448	-112.679145
334.745820	-115.114421


349.257779	-111.189685
342.164151	-113.624961
335.070523	-116.060237


349.582482	-112.135501
342.488855	-114.570777
335.395227	-117.006053


349.907186	-113.081317
342.813558	-115.516593
335.719930	-117.951869


350.231889	-114.027133
343.138261	-116.462409
336.044633	-118.897685


350.556593	-114.972949
343.462965	-117.408225
336.369337	-119.843501


350.881296	-115.918765
343.787668	-118.354041
336.694040	-120.789317


351.205999	-116.864577
344.112371	-119.299857
337.018743	-121.735137


351.530703	-117.810393
344.437075	-120.245673
337.343447	-122.680953


351.855406	-118.756209
344.761778	-121.191489
337.668150	-123.626769


352.180110	-119.702025
345.086482	-122.137305
337.992854	-124.572585


352.504813	-120.647841
345.411185	-123.083121
338.317557	-125.518401


352.829516	-121.593657
345.735889	-124.028937
338.642261	-126.464217


353.154220	-122.539473
346.060592	-124.974753
338.966964	-127.410033


353.478923	-123.485289
346.385295	-125.920569
339.291668	-128.355848


353.803627	-124.431105
346.709999	-126.866385
339.616371	-129.301664


354.128330	-125.376921
347.034702	-127.812201
339.941074	-130.247480


354.453034	-126.322737
347.359406	-128.758017
340.265778	-131.193296


354.777737	-127.268553
347.684109	-129.703833
340.590481	-132.139112


355.102441	-128.214369
348.008813	-130.649649
340.915185	-133.084928


355.427144	-129.160185
348.333516	-131.595464
341.239888	-134.030744


355.751848	-130.106001
348.658220	-132.541280
341.564592	-134.976560


356.076551	-131.051817
348.982923	-133.487096
341.889295	-135.922376


356.401254	-131.997633
349.307626	-134.432912
342.213999	-136.868192


356.725958	-132.943449
349.632330	-135.378728
342.538702	-137.814008


357.050661	-133.889264
349.957033	-136.324544
342.863405	-138.759824


357.375365	-134.835080
350.281737	-137.270360
343.188109	-139.705640


357.700068	-135.780896
350.606440	-138.216176
343.512812	-140.651456


358.024772	-136.726712
350.931144	-139.161992
343.837516	-141.597272


358.349475	-137.672528
351.255847	-140.107808
344.162219	-142.543088


358.674179	-138.618344
351.580551	-141.053624
344.486923	-143.488904


358.998882	-139.564160
351.905254	-141.999440
344.811626	-144.434720


359.323585	-140.509976
352.229958	-142.945256
345.136330	-145.380536


359.648289	-141.455792
352.554661	-143.891072
345.461033	-146.326352


359.972992	-142.401608
352.879364	-144.836888
345.785736	-147.272168


360.297696	-143.347424
353.204068	-145.782704
346.110440	-148.217984


360.622399	-144.293240
353.528771	-146.728520
346.435143	-149.163800


360.947103	-145.239056
353.853475	-147.674336
346.759847	-150.109616


361.271806	-146.184872
354.178178	-148.620152
347.084550	-151.055432


361.596510	-147.130688
354.502882	-149.565968
347.409254	-152.001248


361.921213	-148.076504
354.827585	-150.511784
347.733957	-152.947064


362.245916	-149.022320
355.152289	-151.457600
348.058661	-153.892880


362.570620	-149.968136
355.476992	-152.403416
348.383364	-154.838696


362.895323	-150.913952
355.801695	-153.349232
348.708068	-155.784512


363.220027	-151.859768
356.126399	-154.295048
349.032771	-156.730328


363.544730	-152.805584
356.451102	-155.240864
349.357474	-157.676144


363.869434	-153.751400
356.775806	-156.186680
349.682178	-158.621960


364.194137	-154.697216
357.100509	-157.132496
350.006881	-159.567776


364.518841	-155.643032
357.425213	-158.078312
350.331585	-160.513592


364.843544	-156.588848
357.749916	-159.024128
350.656288	-161.459408


365.168248	-157.534664
358.074620	-159.969944
350.980992	-162.405223


365.492951	-158.480480
358.399323	-160.915760
351.305695	-163.351039


365.817654	-159.426296
358.724026	-161.861576
351.630399	-164.296855


366.142358	-160.372112
359.048730	-162.807392
351.955102	-165.242671


366.467061	-161.317928
359.373433	-163.753208
352.279805	-166.188487


366.791765	-162.263744
359.698137	-164.699024
352.604509	-167.134303


367.116468	-163.209560
360.022840	-165.644839
352.929212	-168.080119


367.441172	-164.155376
360.347544	-166.590655
353.253916	-169.025935


367.765875	-165.101192
360.672247	-167.536471
353.578619	-169.971751


368.090579	-166.047008
360.996951	-168.482287
353.903323	-170.917567


368.415282	-166.992824
361.321654	-169.428103
354.228026	-171.863383


368.739985	-167.938640
361.646358	-170.373919
354.552730	-172.809199


369.064689	-168.884455
361.971061	-171.319735
354.877433	-173.755015


369.389392	-169.830271
362.295764	-172.265551
355.202136	-174.700831


369.714096	-170.776087
362.620468	-173.211367
355.526840	-175.646647


370.038799	-171.721903
362.945171	-174.157183
355.851543	-176.592463


370.363503	-172.667719
363.269875	-175.102999
356.176247	-177.538279


370.688206	-173.613535
363.594578	-176.048815
356.500950	-178.484095


371.012910	-174.559351
363.919282	-176.994631
356.825654	-179.429911


371.337613	-175.505167
364.243985	-177.940447
357.150357	-180.375727


371.662316	-176.450983
364.568689	-178.886263
357.475061	-181.321543


371.987020	-177.396799
364.893392	-179.832079
357.799764	-182.267359


372.311723	-178.342615
365.218095	-180.777895
358.124468	-183.213175


372.636427	-179.288431
365.542799	-181.723711
358.449171	-184.158991


372.961130	-180.234247
365.867502	-182.669527
358.773874	-185.104807


373.285834	-181.180063
366.192206	-183.615343
359.098578	-186.050623


373.610537	-182.125879
366.516909	-184.561159
359.423281	-186.996439


373.935241	-183.071695
366.841613	-185.506975
359.747985	-187.942255


374.259944	-184.017511
367.166316	-186.452791
360.072688	-188.888071


374.584648	-184.963327
367.491020	-187.398607
360.397392	-189.833887


374.909351	-185.909143
367.815723	-188.344423
360.722095	-190.779703


375.234054	-186.854959
368.140426	-189.290239
361.046799	-191.725519


375.558758	-187.800775
368.465130	-190.236055
361.371502	-192.671335


375.883461	-188.746591
368.789833	-191.181871
361.696205	-193.617151


376.208165	-189.692407
369.114537	-192.127687
362.020909	-194.562967


376.532868	-190.638223
369.439240	-193.073503
362.345612	-195.508783


376.857572	-191.584039
369.763944	-194.019319
362.670316	-196.454599


377.182275	-192.529855
370.088647	-194.965135
362.995019	-197.400414


377.506979	-193.475671
370.413351	-195.910951
363.319723	-198.346230


377.831682	-194.421487
370.738054	-196.856767
363.644426	-199.292046


378.156385	-195.367303
371.062758	-197.802583
363.969130	-200.237862


378.481089	-196.313119
371.387461	-198.748399
364.293833	-201.183678


378.805792	-197.258935
371.712164	-199.694214
364.618536	-202.129494


379.130496	-198.204751
372.036868	-200.640030
364.943240	-203.075310


379.455199	-199.150567
372.361571	-201.585846
365.267943	-204.021126


379.779903	-200.096383
372.686275	-202.531662
365.592647	-204.966942


380.104606	-201.042199
373.010978	-203.477478
365.917350	-205.912758


380.429310	-201.988015
373.335682	-204.423294
366.242054	-206.858574


380.754013	-202.933830
373.660385	-205.369110
366.566757	-207.804390


381.078716	-203.879646
373.985089	-206.314926
366.891461	-208.750206


381.403420	-204.825462
374.309792	-207.260742
367.216164	-209.696022


381.728123	-205.771278
374.634495	-208.206558
367.540868	-210.641838


382.052827	-206.717094
374.959199	-209.152374
367.865571	-211.587654


382.377530	-207.662910
375.283902	-210.098190
368.190274	-212.533470


382.702234	-208.608726
375.608606	-211.044006
368.514978	-213.479286


383.026937	-209.554542
375.933309	-211.989822
368.839681	-214.425102


383.351641	-210.500358
376.258013	-212.935638
369.164385	-215.370918


383.676344	-211.446174
376.582716	-213.881454
369.489088	-216.316734


384.001048	-212.391990
376.907420	-214.827270
369.813792	-217.262550


384.325751	-213.337806
377.232123	-215.773086
370.138495	-218.208366


384.650454	-214.283622
377.556826	-216.718902
370.463199	-219.154182


384.975158	-215.229438
377.881530	-217.664718
370.787902	-220.099998


385.299861	-216.175254
378.206233	-218.610534
371.112605	-221.045814


385.624565	-217.121070
378.530937	-219.556350
371.437309	-221.991630


385.949268	-218.066886
378.855640	-220.502166
371.762012	-222.937446


386.273972	-219.012702
379.180344	-221.447982
372.086716	-223.883262


386.598675	-219.958518
379.505047	-222.393798
372.411419	-224.829078


386.923379	-220.904334
379.829751	-223.339614
372.736123	-225.774894


387.248082	-221.850150
380.154454	-224.285430
373.060826	-226.720710


387.572785	-222.795966
380.479158	-225.231246
373.385530	-227.666526


387.897489	-223.741782
380.803861	-226.177062
373.710233	-228.612342


388.222192	-224.687598
381.128564	-227.122878
374.034936	-229.558158


388.546896	-225.633414
381.453268	-228.068694
374.359640	-230.503974


388.871599	-226.579230
381.777971	-229.014510
374.684343	-231.449789


389.196303	-227.525046
382.102675	-229.960326
375.009047	-232.395605


389.521006	-228.470862
382.427378	-230.906142
375.333750	-233.341421


389.845710	-229.416678
382.752082	-231.851958
375.658454	-234.287237


390.170413	-230.362494
383.076785	-232.797774
375.983157	-235.233053


390.495116	-231.308310
383.401489	-233.743590
376.307861	-236.178869


390.819820	-232.254126
383.726192	-234.689405
376.632564	-237.124685


391.144523	-233.199942
384.050895	-235.635221
376.957268	-238.070501


391.469227	-234.145758
384.375599	-236.581037
377.281971	-239.016317


391.793930	-235.091574
384.700302	-237.526853
377.606674	-239.962133


392.118634	-236.037390
385.025006	-238.472669
377.931378	-240.907949


392.443337	-236.983205
385.349709	-239.418485
378.256081	-241.853765


392.768041	-237.929021
385.674413	-240.364301
378.580785	-242.799581


393.092744	-238.874837
385.999116	-241.310117
378.905488	-243.745397


393.417448	-239.820653
386.323820	-242.255933
379.230192	-244.691213


393.742151	-240.766469
386.648523	-243.201749
379.554895	-245.637029


394.066854	-241.712285
386.973226	-244.147565
379.879599	-246.582845


394.391558	-242.658101
387.297930	-245.093381
380.204302	-247.528661


394.716261	-243.603917
387.622633	-246.039197
380.529005	-248.474477


395.040965	-244.549733
387.947337	-246.985013
380.853709	-249.420293


395.365668	-245.495549
388.272040	-247.930829
381.178412	-250.366109


395.690372	-246.441365
388.596744	-248.876645
381.503116	-251.311925


396.015075	-247.387181
388.921447	-249.822461
381.827819	-252.257741


396.339779	-248.332997
389.246151	-250.768277
382.152523	-253.203557


396.664482	-249.278813
389.570854	-251.714093
382.477226	-254.149373


396.989185	-250.224629
389.895558	-252.659909
382.801930	-255.095189


397.313889	-251.170445
390.220261	-253.605725
383.126633	-256.041005


397.638592	-252.116261
390.544964	-254.551541
383.451336	-256.986821


397.963296	-253.062077
390.869668	-255.497357
383.776040	-257.932637


398.287999	-254.007893
391.194371	-256.443173
384.100743	-258.878453


398.609514	-254.944340
391.519105	-257.388978
384.428697	-259.833617


398.879833	-255.695442
391.857730	-258.329868
384.835626	-260.964295


399.170254	-256.439003
392.221533	-259.261312
385.272813	-262.083621


399.480565	-257.174486
392.610253	-260.182636
385.739942	-263.190786


399.810542	-257.901357
393.023609	-261.093173
386.236676	-264.284988


400.159946	-258.619092
393.461300	-261.992265
386.762654	-265.365437


400.528525	-259.327172
393.923011	-262.879261
387.317498	-266.431351


400.916012	-260.025084
394.408408	-263.753521
387.900805	-267.481958


401.322126	-260.712323
394.917140	-264.614412
388.512154	-268.516500


401.746575	-261.388393
395.448838	-265.461310
389.151101	-269.534228


402.189051	-262.052804
396.003119	-266.293604
389.817187	-270.534405


402.649234	-262.705076
396.579581	-267.110692
390.509927	-271.516308


403.126791	-263.344738
397.177807	-267.911982
391.228822	-272.479227


403.621377	-263.971325
397.797364	-268.696896
391.973351	-273.422466


404.132634	-264.584386
398.437805	-269.464864
392.742976	-274.345343


404.660192	-265.183476
399.098667	-270.215333
393.537141	-275.247189


405.203670	-265.768163
399.779470	-270.947758
394.355270	-276.127352


405.762675	-266.338024
400.479723	-271.661611
395.196772	-276.985197


406.336801	-266.892646
401.198920	-272.356374
396.061039	-277.820102


406.925635	-267.431629
401.936540	-273.031546
396.947445	-278.631464


407.528750	-267.954581
402.692050	-273.686638
397.855350	-279.418695


408.145710	-268.461126
403.464903	-274.321177
398.784095	-280.181227


408.776068	-268.950897
404.254540	-274.934702
399.733011	-280.918507


409.419369	-269.423539
405.060390	-275.526771
400.701410	-281.630004


410.075148	-269.878711
405.881870	-276.096956
401.688592	-282.315201


410.742930	-270.316084
406.718387	-276.644843
402.693843	-282.973603


411.422232	-270.735341
407.569334	-277.170038
403.716436	-283.604735


412.112562	-271.136178
408.434097	-277.672158
404.755632	-284.208139


412.813422	-271.518307
409.312050	-278.150843
405.810678	-284.783379


413.524305	-271.881450
410.202558	-278.605745
406.880811	-285.330040


414.356533	-272.283851
411.102733	-279.041282
407.848934	-285.798713


415.257523	-272.717690
412.003723	-279.475121
408.749924	-286.232552


416.158513	-273.151530
412.904713	-279.908961
409.650914	-286.666392


417.059503	-273.585370
413.805703	-280.342801
410.551903	-287.100232


417.960493	-274.019210
414.706693	-280.776641
411.452893	-287.534072


418.861483	-274.453050
415.607683	-281.210481
412.353883	-287.967912


419.762474	-274.886890
416.508673	-281.644321
413.254873	-288.401752


420.663464	-275.320730
417.409663	-282.078161
414.155863	-288.835592


421.564454	-275.754570
418.310653	-282.512001
415.056853	-289.269432


422.465444	-276.188410
419.211643	-282.945841
415.957843	-289.703272


423.366434	-276.622250
420.112633	-283.379681
416.858833	-290.137112


424.267424	-277.056090
421.013623	-283.813521
417.759823	-290.570952


425.168414	-277.489930
421.914613	-284.247361
418.660813	-291.004792


426.069404	-277.923769
422.815603	-284.681200
419.561803	-291.438631


426.970395	-278.357609
423.716594	-285.115040
420.462793	-291.872471


427.871385	-278.791449
424.617584	-285.548880
421.363782	-292.306311


428.772375	-279.225289
425.518574	-285.982720
422.264772	-292.740151


429.673365	-279.659129
426.419564	-286.416560
423.165762	-293.173991


430.574355	-280.092969
427.320554	-286.850400
424.066752	-293.607831


431.475345	-280.526809
428.221544	-287.284240
424.967742	-294.041671


432.376335	-280.960649
429.122534	-287.718080
425.868732	-294.475511


433.277325	-281.394489
430.023524	-288.151920
426.769722	-294.909351


434.178316	-281.828329
430.924514	-288.585760
427.670712	-295.343191


435.079306	-282.262169
431.825504	-289.019600
428.571702	-295.777031


435.980296	-282.696008
432.726494	-289.453440
429.472692	-296.210871


436.881286	-283.129848
433.627484	-289.887279
430.373682	-296.644710


437.782276	-283.563688
434.528474	-290.321119
431.274671	-297.078550


438.683266	-283.997528
435.429464	-290.754959
432.175661	-297.512390


439.584256	-284.431368
436.330454	-291.188799
433.076651	-297.946230


440.485246	-284.865208
437.231444	-291.622639
433.977641	-298.380070


441.386237	-285.299048
438.132434	-292.056479
434.878631	-298.813910


442.287227	-285.732888
439.033424	-292.490319
435.779621	-299.247750


443.188217	-286.166728
439.934414	-292.924159
436.680611	-299.681590


444.089207	-286.600568
440.835404	-293.357999
437.581601	-300.115430


444.990197	-287.034408
441.736394	-293.791839
438.482591	-300.549270


445.891187	-287.468248
442.637384	-294.225679
439.383581	-300.983110


446.792177	-287.902087
443.538374	-294.659519
440.284571	-301.416950


447.693167	-288.335927
444.439364	-295.093358
441.185560	-301.850789


448.594158	-288.769767
445.340354	-295.527198
442.086550	-302.284629


449.495148	-289.203607
446.241344	-295.961038
442.987540	-302.718469


450.396138	-289.637447
447.142334	-296.394878
443.888530	-303.152309


451.297128	-290.071287
448.043324	-296.828718
444.789520	-303.586149


452.198118	-290.505127
448.944314	-297.262558
445.690510	-304.019989


453.099108	-290.938967
449.845304	-297.696398
446.591500	-304.453829


454.000098	-291.372807
450.746294	-298.130238
447.492490	-304.887669


454.901088	-291.806647
451.647284	-298.564078
448.393480	-305.321509


455.802079	-292.240487
452.548274	-298.997918
449.294470	-305.755349


456.703069	-292.674327
453.449264	-299.431758
450.195460	-306.189189


457.604059	-293.108166
454.350254	-299.865597
451.096449	-306.623029


458.505049	-293.542006
455.251244	-300.299437
451.997439	-307.056868


459.406039	-293.975846
456.152234	-300.733277
452.898429	-307.490708


460.307029	-294.409686
457.053224	-301.167117
453.799419	-307.924548


461.208019	-294.843526
457.954214	-301.600957
454.700409	-308.358388


462.109009	-295.277366
458.855204	-302.034797
455.601399	-308.792228


463.010000	-295.711206
459.756194	-302.468637
456.502389	-309.226068


463.910990	-296.145046
460.657184	-302.902477
457.403379	-309.659908


464.811980	-296.578886
461.558174	-303.336317
458.304369	-310.093748


465.712970	-297.012726
462.459164	-303.770157
459.205359	-310.527588


466.613960	-297.446566
463.360154	-304.203997
460.106349	-310.961428


467.514950	-297.880406
464.261144	-304.637837
461.007338	-311.395268


468.415940	-298.314245
465.162134	-305.071676
461.908328	-311.829108


469.316930	-298.748085
466.063124	-305.505516
462.809318	-312.262947


470.217921	-299.181925
466.964114	-305.939356
463.710308	-312.696787


471.118911	-299.615765
467.865104	-306.373196
464.611298	-313.130627


472.019901	-300.049605
468.766094	-306.807036
465.512288	-313.564467


472.920891	-300.483445
469.667084	-307.240876
466.413278	-313.998307


473.821881	-300.917285
470.568074	-307.674716
467.314268	-314.432147


474.722871	-301.351125
471.469064	-308.108556
468.215258	-314.865987


475.623861	-301.784965
472.370054	-308.542396
469.116248	-315.299827


476.524851	-302.218805
473.271044	-308.976236
470.017238	-315.733667


477.425842	-302.652645
474.172034	-309.410076
470.918227	-316.167507


478.326832	-303.086485
475.073024	-309.843916
471.819217	-316.601347


479.227822	-303.520324
475.974015	-310.277755
472.720207	-317.035186


480.128812	-303.954164
476.875005	-310.711595
473.621197	-317.469026


481.029802	-304.388004
477.775995	-311.145435
474.522187	-317.902866


481.930792	-304.821844
478.676985	-311.579275
475.423177	-318.336706


482.831782	-305.255684
479.577975	-312.013115
476.324167	-318.770546


483.732772	-305.689524
480.478965	-312.446955
477.225157	-319.204386


484.633763	-306.123364
481.379955	-312.880795
478.126147	-319.638226


485.534753	-306.557204
482.280945	-313.314635
479.027137	-320.072066


486.435743	-306.991044
483.181935	-313.748475
479.928127	-320.505906


487.336733	-307.424884
484.082925	-314.182315
480.829116	-320.939746


488.237723	-307.858724
484.983915	-314.616155
481.730106	-321.373586


489.138713	-308.292563
485.884905	-315.049995
482.631096	-321.807426


490.039703	-308.726403
486.785895	-315.483834
483.532086	-322.241265


490.940693	-309.160243
487.686885	-315.917674
484.433076	-322.675105


491.841683	-309.594083
488.587875	-316.351514
485.334066	-323.108945


492.742674	-310.027923
489.488865	-316.785354
486.235056	-323.542785


493.643664	-310.461763
490.389855	-317.219194
487.136046	-323.976625


494.544654	-310.895603
491.290845	-317.653034
488.037036	-324.410465


495.445644	-311.329443
492.191835	-318.086874
488.938026	-324.844305


496.346634	-311.763283
493.092825	-318.520714
489.839016	-325.278145


497.247624	-312.197123
493.993815	-318.954554
490.740005	-325.711985


498.148614	-312.630963
494.894805	-319.388394
491.640995	-326.145825


499.049604	-313.064803
495.795795	-319.822234
492.541985	-326.579665


499.950595	-313.498642
496.696785	-320.256074
493.442975	-327.013505


500.851585	-313.932482
497.597775	-320.689913
494.343965	-327.447344


501.752575	-314.366322
498.498765	-321.123753
495.244955	-327.881184


502.653565	-314.800162
499.399755	-321.557593
496.145945	-328.315024


503.554555	-315.234002
500.300745	-321.991433
497.046935	-328.748864


504.455545	-315.667842
501.201735	-322.425273
497.947925	-329.182704


505.356535	-316.101682
502.102725	-322.859113
498.848915	-329.616544


506.257525	-316.535522
503.003715	-323.292953
499.749905	-330.050384


507.158516	-316.969362
503.904705	-323.726793
500.650894	-330.484224


508.059506	-317.403202
504.805695	-324.160633
501.551884	-330.918064


508.960496	-317.837042
505.706685	-324.594473
502.452874	-331.351904


509.861486	-318.270882
506.607675	-325.028313
503.353864	-331.785744


510.762476	-318.704721
507.508665	-325.462152
504.254854	-332.219584


511.663466	-319.138561
508.409655	-325.895992
505.155844	-332.653423


512.564456	-319.572401
509.310645	-326.329832
506.056834	-333.087263


513.465446	-320.006241
510.211635	-326.763672
506.957824	-333.521103


514.366437	-320.440081
511.112625	-327.197512
507.858814	-333.954943


515.267427	-320.873921
512.013615	-327.631352
508.759804	-334.388783


516.168417	-321.307761
512.914605	-328.065192
509.660794	-334.822623


517.069407	-321.741601
513.815595	-328.499032
510.561783	-335.256463


517.970397	-322.175441
514.716585	-328.932872
511.462773	-335.690303


518.871387	-322.609281
515.617575	-329.366712
512.363763	-336.124143


519.772377	-323.043121
516.518565	-329.800552
513.264753	-336.557983


520.673367	-323.476961
517.419555	-330.234392
514.165743	-336.991823


521.574358	-323.910800
518.320545	-330.668231
515.066733	-337.425663


522.475348	-324.344640
519.221535	-331.102071
515.967723	-337.859502


523.376338	-324.778480
520.122525	-331.535911
516.868713	-338.293342


524.277328	-325.212320
521.023515	-331.969751
517.769703	-338.727182


525.178318	-325.646160
521.924505	-332.403591
518.670693	-339.161022


526.079308	-326.080000
522.825495	-332.837431
519.571683	-339.594862


526.980298	-326.513840
523.726485	-333.271271
520.472672	-340.028702


527.881288	-326.947680
524.627475	-333.705111
521.373662	-340.462542


528.782279	-327.381520
525.528465	-334.138951
522.274652	-340.896382


529.683269	-327.815360
526.429455	-334.572791
523.175642	-341.330222


530.584259	-328.249200
527.330445	-335.006631
524.076632	-341.764062


531.485249	-328.683040
528.231435	-335.440471
524.977622	-342.197902


532.386239	-329.116879
529.132426	-335.874310
525.878612	-342.631741


533.287229	-329.550719
530.033416	-336.308150
526.779602	-343.065581


534.188219	-329.984559
530.934406	-336.741990
527.680592	-343.499421


535.089209	-330.418399
531.835396	-337.175830
528.581582	-343.933261


535.990200	-330.852239
532.736386	-337.609670
529.482572	-344.367101


536.891190	-331.286079
533.637376	-338.043510
530.383561	-344.800941


537.792180	-331.719919
534.538366	-338.477350
531.284551	-345.234781


538.693170	-332.153759
535.439356	-338.911190
532.185541	-345.668621


539.594160	-332.587599
536.340346	-339.345030
533.086531	-346.102461


540.495150	-333.021439
537.241336	-339.778870
533.987521	-346.536301


541.396140	-333.455279
538.142326	-340.212710
534.888511	-346.970141


542.297131	-333.889118
539.043316	-340.646549
535.789501	-347.403980


543.198121	-334.322958
539.944306	-341.080389
536.690490	-347.837820


544.099111	-334.756798
540.845296	-341.514229
537.591480	-348.271660


545.000102	-335.190638
541.746286	-341.948069
538.492470	-348.705500


545.901092	-335.624478
542.647276	-342.381909
539.393460	-349.139340


546.802082	-336.058317
543.548266	-342.815748
540.294449	-349.573179


547.703073	-336.492157
544.449256	-343.249588
541.195439	-350.007019


548.604063	-336.925997
545.350246	-343.683428
542.096429	-350.440859


549.505053	-337.359837
546.251236	-344.117268
542.997418	-350.874699


550.406044	-337.793676
547.152226	-344.551107
543.898408	-351.308538


551.307034	-338.227516
548.053216	-344.984947
544.799398	-351.742378


552.208024	-338.661356
548.954206	-345.418787
545.700387	-352.176218


553.109015	-339.095196
549.855196	-345.852627
546.601377	-352.610058


554.010005	-339.529036
550.756186	-346.286467
547.502367	-353.043898


554.910995	-339.962875
551.657176	-346.720306
548.403356	-353.477737


555.811986	-340.396715
552.558166	-347.154146
549.304346	-353.911577


556.712976	-340.830555
553.459156	-347.587986
550.205336	-354.345417


557.613966	-341.264395
554.360146	-348.021826
551.106326	-354.779257


558.514957	-341.698234
555.261136	-348.455665
552.007315	-355.213097


559.415947	-342.132074
556.162126	-348.889505
552.908305	-355.646936


560.316938	-342.565914
557.063116	-349.323345
553.809295	-356.080776


561.217928	-342.999754
557.964106	-349.757185
554.710284	-356.514616


562.118918	-343.433594
558.865096	-350.191025
555.611274	-356.948456


563.019909	-343.867433
559.766086	-350.624864
556.512264	-357.382295


563.920899	-344.301273
560.667076	-351.058704
557.413253	-357.816135


564.821889	-344.735113
561.568066	-351.492544
558.314243	-358.249975


565.722880	-345.168953
562.469056	-351.926384
559.215233	-358.683815


566.623870	-345.602792
563.370046	-352.360224
560.116222	-359.117655


567.524860	-346.036632
564.271036	-352.794063
561.017212	-359.551494


568.425851	-346.470472
565.172026	-353.227903
561.918202	-359.985334


569.326841	-346.904312
566.073016	-353.661743
562.819192	-360.419174


570.227831	-347.338152
566.974006	-354.095583
563.720181	-360.853014


571.128822	-347.771991
567.874996	-354.529422
564.621171	-361.286853


572.029812	-348.205831
568.775986	-354.963262
565.522161	-361.720693


572.930802	-348.639671
569.676976	-355.397102
566.423150	-362.154533


573.831793	-349.073511
570.577966	-355.830942
567.324140	-362.588373


574.732783	-349.507351
571.478956	-356.264782
568.225130	-363.022213


575.633773	-349.941190
572.379946	-356.698621
569.126119	-363.456052


576.534764	-350.375030
573.280936	-357.132461
570.027109	-363.889892


577.435754	-350.808870
574.181926	-357.566301
570.928099	-364.323732


578.336744	-351.242710
575.082916	-358.000141
571.829088	-364.757572


579.237735	-351.676549
575.983906	-358.433980
572.730078	-365.191411


580.138725	-352.110389
576.884896	-358.867820
573.631068	-365.625251


581.039715	-352.544229
577.785886	-359.301660
574.532058	-366.059091


581.940706	-352.978069
578.686877	-359.735500
575.433047	-366.492931


582.841696	-353.411909
579.587867	-360.169340
576.334037	-366.926771


583.742686	-353.845748
580.488857	-360.603179
577.235027	-367.360610


584.643677	-354.279588
581.389847	-361.037019
578.136016	-367.794450


585.544667	-354.713428
582.290837	-361.470859
579.037006	-368.228290


586.445657	-355.147268
583.191827	-361.904699
579.937996	-368.662130


587.346648	-355.581107
584.092817	-362.338539
580.838985	-369.095970


588.247638	-356.014947
584.993807	-362.772378
581.739975	-369.529809


589.148629	-356.448787
585.894797	-363.206218
582.640965	-369.963649


590.049619	-356.882627
586.795787	-363.640058
583.541955	-370.397489


590.950609	-357.316467
587.696777	-364.073898
584.442944	-370.831329


591.851600	-357.750306
588.597767	-364.507737
585.343934	-371.265168


592.752590	-358.184146
589.498757	-364.941577
586.244924	-371.699008


593.653580	-358.617986
590.399747	-365.375417
587.145913	-372.132848


594.554571	-359.051826
591.300737	-365.809257
588.046903	-372.566688


595.455561	-359.485666
592.201727	-366.243097
588.947893	-373.000528


596.356551	-359.919505
593.102717	-366.676936
589.848882	-373.434367


597.257542	-360.353345
594.003707	-367.110776
590.749872	-373.868207


598.158532	-360.787185
594.904697	-367.544616
591.650862	-374.302047


599.059522	-361.221025
595.805687	-367.978456
592.551851	-374.735887


599.960513	-361.654864
596.706677	-368.412295
593.452841	-375.169726


600.861503	-362.088704
597.607667	-368.846135
594.353831	-375.603566


601.762493	-362.522544
598.508657	-369.279975
595.254821	-376.037406


602.663484	-362.956384
599.409647	-369.713815
596.155810	-376.471246


603.564474	-363.390224
600.310637	-370.147655
597.056800	-376.905086


604.465464	-363.824063
601.211627	-370.581494
597.957790	-377.338925


605.366455	-364.257903
602.112617	-371.015334
598.858779	-377.772765


606.267445	-364.691743
603.013607	-371.449174
599.759769	-378.206605


607.168435	-365.125583
603.914597	-371.883014
600.660759	-378.640445


608.069426	-365.559422
604.815587	-372.316853
601.561748	-379.074285


608.970416	-365.993262
605.716577	-372.750693
602.462738	-379.508124


609.871406	-366.427102
606.617567	-373.184533
603.363728	-379.941964


610.772397	-366.860942
607.518557	-373.618373
604.264717	-380.375804


611.673387	-367.294782
608.419547	-374.052213
605.165707	-380.809644


612.574377	-367.728621
609.320537	-374.486052
606.066697	-381.243483


613.475368	-368.162461
610.221527	-374.919892
606.967687	-381.677323


614.376358	-368.596301
611.122517	-375.353732
607.868676	-382.111163


615.277348	-369.030141
612.023507	-375.787572
608.769666	-382.545003


616.178339	-369.463980
612.924497	-376.221412
609.670656	-382.978843


617.079329	-369.897820
613.825487	-376.655251
610.571645	-383.412682


617.980319	-370.331660
614.726477	-377.089091
611.472635	-383.846522


618.881310	-370.765500
615.627467	-377.522931
612.373625	-384.280362


619.782300	-371.199340
616.528457	-377.956771
613.274614	-384.714202


620.683291	-371.633179
617.429447	-378.390610
614.175604	-385.148041


621.584281	-372.067019
618.330437	-378.824450
615.076594	-385.581881


622.485271	-372.500859
619.231427	-379.258290
615.977583	-386.015721


623.386262	-372.934699
620.132417	-379.692130
616.878573	-386.449561


624.287252	-373.368539
621.033407	-380.125970
617.779563	-386.883401


625.188242	-373.802378
621.934397	-380.559809
618.680553	-387.317240


626.089233	-374.236218
622.835387	-380.993649
619.581542	-387.751080


627.206323	-374.793552
623.730433	-381.439495
620.254543	-388.085439


628.351980	-375.422952
624.606819	-381.920963
620.861658	-388.418974


629.470898	-376.098744
625.462751	-382.437919
621.454603	-388.777094


630.561201	-376.819796
626.296792	-382.989496
622.032384	-389.159197


631.621057	-377.584896
627.107544	-383.574770
622.594031	-389.564643


632.648689	-378.392761
627.893645	-384.192756
623.138602	-389.992751


633.642372	-379.242035
628.653777	-384.842420
623.665182	-390.442804


634.600440	-380.131294
629.386664	-385.522669
624.172889	-390.914045


635.521283	-381.059044
630.091076	-386.232364
624.660869	-391.405684


636.403358	-382.023730
630.765832	-386.970313
625.128305	-391.916896


637.245183	-383.023732
631.409798	-387.735277
625.574412	-392.446823


638.045347	-384.057372
632.021894	-388.525974
625.998441	-392.994575


638.802506	-385.122916
632.601094	-389.341075
626.399681	-393.559235


639.515390	-386.218576
633.146424	-390.179215
626.777459	-394.139854


640.182803	-387.342512
633.656971	-391.038985
627.131140	-394.735457


640.803624	-388.492840
634.131878	-391.918943
627.460131	-395.345046


641.376813	-389.667629
634.570346	-392.817614
627.763880	-395.967598


641.901406	-390.864908
634.971642	-393.733487
628.041878	-396.602067


642.376525	-392.082666
635.335091	-394.665028
628.293657	-397.247390


642.801371	-393.318862
635.660083	-395.610672
628.518795	-397.902483


643.175231	-394.571420
635.946073	-396.568833
628.716916	-398.566246


643.497479	-395.838239
636.192582	-397.537903
628.887685	-399.237567


643.767574	-397.117193
636.399195	-398.516256
629.030816	-399.915319


643.985062	-398.406135
636.565566	-399.502250
629.146070	-400.598364


644.149578	-399.702903
636.691415	-400.494230
629.233253	-401.285556


644.260846	-401.005322
636.776532	-401.490532
629.292219	-401.975742


644.318680	-402.311204
636.820774	-402.489484
629.322868	-402.667765


644.322983	-403.618359
636.824066	-403.489410
629.325149	-403.360461


644.273747	-404.924594
636.786403	-404.488632
629.299059	-404.052670


644.171055	-406.227717
636.707848	-405.485473
629.244641	-404.743230


644.015079	-407.525540
636.588533	-406.478261
629.161986	-405.430981


643.806081	-408.815886
636.428657	-407.465329
629.051234	-406.114771


643.544412	-410.096590
636.228491	-408.445020
628.912570	-406.793450


643.230510	-411.365503
635.988368	-409.415693
628.746226	-407.465882


642.864904	-412.620495
635.708693	-410.375716
628.552483	-408.130936


642.448205	-413.859461
635.389934	-411.323479
628.331664	-408.787498


641.981113	-415.080321
635.032627	-412.257393
628.084141	-409.434465


641.587015	-416.038087
634.652079	-413.182084
627.717142	-410.326081


641.206214	-416.962744
634.271278	-414.106741
627.336341	-411.250738


640.825413	-417.887401
633.890477	-415.031398
626.955540	-412.175396


640.444613	-418.812058
633.509676	-415.956055
626.574740	-413.100053


640.063812	-419.736715
633.128875	-416.880712
626.193939	-414.024710


639.683011	-420.661372
632.748074	-417.805370
625.813138	-414.949367


639.302210	-421.586029
632.367273	-418.730027
625.432337	-415.874024


638.921409	-422.510686
631.986473	-419.654684
625.051536	-416.798681


638.540608	-423.435344
631.605672	-420.579341
624.670735	-417.723338


638.159807	-424.360001
631.224871	-421.503998
624.289934	-418.647995


637.779006	-425.284658
630.844070	-422.428655
623.909133	-419.572652


637.398206	-426.209315
630.463269	-423.353312
623.528333	-420.497309


637.017405	-427.133972
630.082468	-424.277969
623.147532	-421.421966


636.636604	-428.058629
629.701667	-425.202626
622.766731	-422.346623


636.255803	-428.983286
629.320866	-426.127283
622.385930	-423.271280


635.875002	-429.907943
628.940066	-427.051940
622.005129	-424.195937


635.494201	-430.832600
628.559265	-427.976597
621.624328	-425.120594


635.113400	-431.757257
628.178464	-428.901254
621.243527	-426.045251


634.732599	-432.681914
627.797663	-429.825911
620.862726	-426.969909


634.351799	-433.606571
627.416862	-430.750568
620.481925	-427.894566


633.970998	-434.531228
627.036061	-431.675225
620.101125	-428.819223


633.590197	-435.455885
626.655260	-432.599883
619.720324	-429.743880


633.209396	-436.380542
626.274459	-433.524540
619.339523	-430.668537


632.828595	-437.305199
625.893658	-434.449197
618.958722	-431.593194


632.447794	-438.229857
625.512858	-435.373854
618.577921	-432.517851


632.066993	-439.154514
625.132057	-436.298511
618.197120	-433.442508


631.686192	-440.079171
624.751256	-437.223168
617.816319	-434.367165


631.305391	-441.003828
624.370455	-438.147825
617.435518	-435.291822


630.924591	-441.928485
623.989654	-439.072482
617.054718	-436.216479


630.543790	-442.853142
623.608853	-439.997139
616.673917	-437.141136


630.162989	-443.777799
623.228052	-440.921796
616.293116	-438.065793


629.782188	-444.702456
622.847251	-441.846453
615.912315	-438.990450


629.401387	-445.627113
622.466451	-442.771110
615.531514	-439.915107


629.020586	-446.551770
622.085650	-443.695767
615.150713	-440.839764


628.639785	-447.476427
621.704849	-444.620424
614.769912	-441.764422


628.258984	-448.401084
621.324048	-445.545081
614.389111	-442.689079


627.878184	-449.325741
620.943247	-446.469738
614.008311	-443.613736


627.497383	-450.250398
620.562446	-447.394396
613.627510	-444.538393


627.116582	-451.175055
620.181645	-448.319053
613.246709	-445.463050


626.735781	-452.099712
619.800844	-449.243710
612.865908	-446.387707


626.354980	-453.024370
619.420044	-450.168367
612.485107	-447.312364


625.974179	-453.949027
619.039243	-451.093024
612.104306	-448.237021


625.593378	-454.873684
618.658442	-452.017681
611.723505	-449.161678


625.212577	-455.798341
618.277641	-452.942338
611.342704	-450.086335


624.831777	-456.722998
617.896840	-453.866995
610.961904	-451.010992


624.450976	-457.647655
617.516039	-454.791652
610.581103	-451.935649


624.070175	-458.572312
617.135238	-455.716309
610.200302	-452.860306


623.689374	-459.496969
616.754437	-456.640966
609.819501	-453.784963


623.308573	-460.421626
616.373637	-457.565623
609.438700	-454.709620


622.927772	-461.346283
615.992836	-458.490280
609.057899	-455.634277


622.546971	-462.270940
615.612035	-459.414937
608.677098	-456.558935


622.166170	-463.195597
615.231234	-460.339594
608.296297	-457.483592


621.785370	-464.120254
614.850433	-461.264251
607.915496	-458.408249


621.404569	-465.044911
614.469632	-462.188909
607.534696	-459.332906


621.023768	-465.969568
614.088831	-463.113566
607.153895	-460.257563


620.642967	-466.894225
613.708030	-464.038223
606.773094	-461.182220


620.262166	-467.818883
613.327229	-464.962880
606.392293	-462.106877


619.881365	-468.743540
612.946429	-465.887537
606.011492	-463.031534


619.500564	-469.668197
612.565628	-466.812194
605.630691	-463.956191


619.119763	-470.592854
612.184827	-467.736851
605.249890	-464.880848


618.738962	-471.517511
611.804026	-468.661508
604.869089	-465.805505


618.358162	-472.442168
611.423225	-469.586165
604.488289	-466.730162


617.977361	-473.366825
611.042424	-470.510822
604.107488	-467.654819


617.596560	-474.291482
610.661623	-471.435479
603.726687	-468.579476


617.215759	-475.216139
610.280822	-472.360136
603.345886	-469.504133


616.834958	-476.140796
609.900022	-473.284793
602.965085	-470.428790


616.454157	-477.065453
609.519221	-474.209450
602.584284	-471.353448


616.138250	-477.854554
609.147585	-475.137811
602.156919	-472.421068


615.839004	-478.648254
608.794805	-476.073500
601.750607	-473.498745


615.555878	-479.447845
608.461029	-477.016134
601.366180	-474.584423


615.288986	-480.253001
608.146392	-477.965329
601.003798	-475.677656


615.038439	-481.063392
607.851023	-478.920694
600.663608	-476.777997


614.804339	-481.878686
607.575044	-479.881841
600.345749	-477.884995


614.586781	-482.698550
607.318566	-480.848373
600.050352	-478.998197


614.385855	-483.522647
607.081696	-481.819897
599.777537	-480.117148


614.201643	-484.350640
606.864530	-482.796015
599.527416	-481.241390


614.034221	-485.182191
606.667156	-483.776326
599.300092	-482.370461


613.883656	-486.016959
606.489656	-484.760430
599.095657	-483.503901


613.750011	-486.854603
606.332103	-485.747924
598.914195	-484.641245


613.633340	-487.694778
606.194561	-486.738403
598.755781	-485.782027


613.533692	-488.537142
606.077086	-487.731462
598.620480	-486.925781


613.451106	-489.381350
605.979726	-488.726694
598.508346	-488.072038


613.385617	-490.227056
605.902521	-489.723693
598.419425	-489.220329


613.337251	-491.073914
605.845503	-490.722049
598.353755	-490.370184


613.306029	-491.921577
605.808695	-491.721355
598.311362	-491.521132


613.291962	-492.769698
605.792113	-492.721200
598.292263	-492.672703


613.295058	-493.617930
605.795762	-493.721177
598.296466	-493.824424


613.315314	-494.465926
605.819642	-494.720875
598.323970	-494.975824


613.352722	-495.313338
605.863742	-495.719886
598.374762	-496.126433


613.407267	-496.159821
605.928045	-496.717799
598.448824	-497.275778


613.478927	-497.005026
606.012525	-497.714208
598.546123	-498.423389


613.567671	-497.848609
606.117146	-498.708703
598.666620	-499.568797


613.673465	-498.690223
606.241866	-499.700878
598.810266	-500.711533


613.796265	-499.529525
606.386634	-500.690327
598.977002	-501.851129


613.936020	-500.366171
606.551390	-501.676644
599.166760	-502.987118


614.092673	-501.199818
606.736068	-502.659426
599.379462	-504.119035


614.266160	-502.030124
606.940591	-503.638271
599.615022	-505.246417


614.456410	-502.856752
607.164876	-504.612777
599.873341	-506.368803


614.663345	-503.679360
607.408830	-505.582547
600.154316	-507.485733


614.886880	-504.497614
607.672356	-506.547182
600.457831	-508.596750


615.126925	-505.311178
607.955343	-507.506288
600.783761	-509.701399


615.383380	-506.119718
608.257677	-508.459473
601.131973	-510.799227


615.656140	-506.922905
608.579233	-509.406346
601.502325	-511.889786


615.945095	-507.720409
608.919880	-510.346519
601.894665	-512.972629


616.250126	-508.511904
609.279479	-511.279608
602.308833	-514.047312


616.571107	-509.297065
609.657883	-512.205231
602.744658	-515.113396


616.907907	-510.075572
610.054935	-513.123008
603.201963	-516.170445


617.260390	-510.847105
610.470475	-514.032565
603.680560	-517.218025


617.628409	-511.611349
610.904331	-514.933528
604.180254	-518.255708


618.011815	-512.367991
611.356327	-515.825530
604.700839	-519.283069


618.410451	-513.116721
611.826277	-516.708204
605.242103	-520.299687


618.824153	-513.857233
612.313989	-517.581190
605.803824	-521.305146


619.252753	-514.589223
612.819262	-518.444129
606.385772	-522.299035


619.696074	-515.312393
613.341892	-519.296670
606.987709	-523.280947


