747.864380	318.418976
750.755432	311.498596
753.646484	304.578217


748.787096	318.804455
751.678149	311.884076
754.569201	304.963696


749.709813	319.189935
752.600865	312.269555
755.491918	305.349175


750.632530	319.575414
753.523582	312.655034
756.414634	305.734655


751.555246	319.960893
754.446299	313.040514
757.337351	306.120134


752.477963	320.346373
755.369015	313.425993
758.260067	306.505613


753.400679	320.731852
756.291732	313.811472
759.182784	306.891093


754.323396	321.117332
757.214448	314.196952
760.105501	307.276572


755.246113	321.502811
758.137165	314.582431
761.028217	307.662052


756.168829	321.888290
759.059882	314.967911
761.950934	308.047531


757.091546	322.273770
759.982598	315.353390
762.873650	308.433010


758.014262	322.659249
760.905315	315.738869
763.796367	308.818490


758.936979	323.044728
761.828031	316.124349
764.719084	309.203969


759.859696	323.430208
762.750748	316.509828
765.641800	309.589449


760.782412	323.815687
763.673464	316.895308
766.564517	309.974928


761.705129	324.201167
764.596181	317.280787
767.487233	310.360407


762.627845	324.586646
765.518898	317.666266
768.409950	310.745887


763.550562	324.972125
766.441614	318.051746
769.332667	311.131366


764.473279	325.357605
767.364331	318.437225
770.255383	311.516845


765.395995	325.743084
768.287047	318.822704
771.178100	311.902325


766.318712	326.128564
769.209764	319.208184
772.100816	312.287804


767.241428	326.514043
770.132481	319.593663
773.023533	312.673284


768.164145	326.899522
771.055197	319.979143
773.946250	313.058763


769.086862	327.285002
771.977914	320.364622
774.868966	313.444242


770.009578	327.670481
772.900630	320.750101
775.791683	313.829722


770.932295	328.055960
773.823347	321.135581
776.714399	314.215201


771.855011	328.441440
774.746064	321.521060
777.637116	314.600681


772.777728	328.826919
775.668780	321.906540
778.559832	314.986160


773.700445	329.212399
776.591497	322.292019
779.482549	315.371639


774.623161	329.597878
777.514213	322.677498
780.405266	315.757119


775.545878	329.983357
778.436930	323.062978
781.327982	316.142598


776.468594	330.368837
779.359647	323.448457
782.250699	316.528077


777.391311	330.754316
780.282363	323.833936
783.173415	316.913557


778.314028	331.139795
781.205080	324.219416
784.096132	317.299036


779.236744	331.525275
782.127796	324.604895
785.018849	317.684516


780.159461	331.910754
783.050513	324.990375
785.941565	318.069995


781.082177	332.296234
783.973230	325.375854
786.864282	318.455474


782.004894	332.681713
784.895946	325.761333
787.786998	318.840954


782.927611	333.067192
785.818663	326.146813
788.709715	319.226433


783.850327	333.452672
786.741379	326.532292
789.632432	319.611913


784.773044	333.838151
787.664096	326.917772
790.555148	319.997392


785.695760	334.223631
788.586813	327.303251
791.477865	320.382871


786.618477	334.609110
789.509529	327.688730
792.400581	320.768351


787.541194	334.994589
790.432246	328.074210
793.323298	321.153830


788.463910	335.380069
791.354962	328.459689
794.246015	321.539309


789.386627	335.765548
792.277679	328.845168
795.168731	321.924789


790.309343	336.151027
793.200396	329.230648
796.091448	322.310268


791.232060	336.536507
794.123112	329.616127
797.014164	322.695748


792.154777	336.921986
795.045829	330.001607
797.936881	323.081227


793.077493	337.307466
795.968545	330.387086
798.859598	323.466706


794.000210	337.692945
796.891262	330.772565
799.782314	323.852186


794.922926	338.078424
797.813979	331.158045
800.705031	324.237665


795.845643	338.463904
798.736695	331.543524
801.627747	324.623145


796.768360	338.849383
799.659412	331.929004
802.550464	325.008624


797.691076	339.234863
800.582128	332.314483
803.473181	325.394103


798.613793	339.620342
801.504845	332.699962
804.395897	325.779583


799.536509	340.005821
802.427562	333.085442
805.318614	326.165062


800.459226	340.391301
803.350278	333.470921
806.241330	326.550541


801.381943	340.776780
804.272995	333.856400
807.164047	326.936021


802.304659	341.162259
805.195711	334.241880
808.086764	327.321500


803.227376	341.547739
806.118428	334.627359
809.009480	327.706980


804.150092	341.933218
807.041145	335.012839
809.932197	328.092459


805.072809	342.318698
807.963861	335.398318
810.854913	328.477938


805.995525	342.704177
808.886578	335.783797
811.777630	328.863418


806.918242	343.089656
809.809294	336.169277
812.700347	329.248897


807.840959	343.475136
810.732011	336.554756
813.623063	329.634377


808.763675	343.860615
811.654728	336.940236
814.545780	330.019856


809.686392	344.246095
812.577444	337.325715
815.468496	330.405335


810.609108	344.631574
813.500161	337.711194
816.391213	330.790815


811.531825	345.017053
814.422877	338.096674
817.313930	331.176294


812.454542	345.402533
815.345594	338.482153
818.236646	331.561773


813.377258	345.788012
816.268311	338.867632
819.159363	331.947253


814.299975	346.173491
817.191027	339.253112
820.082079	332.332732


815.222691	346.558971
818.113744	339.638591
821.004796	332.718212


816.145408	346.944450
819.036460	340.024071
821.927513	333.103691


817.068125	347.329930
819.959177	340.409550
822.850229	333.489170


817.990841	347.715409
820.881894	340.795029
823.772946	333.874650


818.913558	348.100888
821.804610	341.180509
824.695662	334.260129


819.836274	348.486368
822.727327	341.565988
825.618379	334.645608


820.758991	348.871847
823.650043	341.951468
826.541096	335.031088


821.681708	349.257327
824.572760	342.336947
827.463812	335.416567


822.604424	349.642806
825.495476	342.722426
828.386529	335.802047


823.527141	350.028285
826.418193	343.107906
829.309245	336.187526


824.449857	350.413765
827.340910	343.493385
830.231962	336.573005


825.372574	350.799244
828.263626	343.878864
831.154679	336.958485


826.295291	351.184723
829.186343	344.264344
832.077395	337.343964


827.218007	351.570203
830.109059	344.649823
833.000112	337.729444


828.140724	351.955682
831.031776	345.035303
833.922828	338.114923


829.063440	352.341162
831.954493	345.420782
834.845545	338.500402


829.986157	352.726641
832.877209	345.806261
835.768262	338.885882


830.908874	353.112120
833.799926	346.191741
836.690978	339.271361


831.831590	353.497600
834.722642	346.577220
837.613695	339.656840


832.754307	353.883079
835.645359	346.962700
838.536411	340.042320


833.677023	354.268559
836.568076	347.348179
839.459128	340.427799


834.599740	354.654038
837.490792	347.733658
840.381844	340.813279


835.522457	355.039517
838.413509	348.119138
841.304561	341.198758


836.445173	355.424997
839.336225	348.504617
842.227278	341.584237


837.367890	355.810476
840.258942	348.890096
843.149994	341.969717


838.290606	356.195955
841.181659	349.275576
844.072711	342.355196


839.213323	356.581435
842.104375	349.661055
844.995427	342.740676


840.136040	356.966914
843.027092	350.046535
845.918144	343.126155


841.058756	357.352394
843.949808	350.432014
846.840861	343.511634


841.981473	357.737873
844.872525	350.817493
847.763577	343.897114


842.904189	358.123352
845.795242	351.202973
848.686294	344.282593


843.826906	358.508832
846.717958	351.588452
849.609010	344.668072


844.749623	358.894311
847.640675	351.973931
850.531727	345.053552


845.672339	359.279791
848.563391	352.359411
851.454444	345.439031


846.595056	359.665270
849.486108	352.744890
852.377160	345.824511


847.517772	360.050749
850.408825	353.130370
853.299877	346.209990


848.440489	360.436229
851.331541	353.515849
854.222593	346.595469


849.363206	360.821708
852.254258	353.901328
855.145310	346.980949


850.285922	361.207187
853.176974	354.286808
856.068027	347.366428


851.208639	361.592667
854.099691	354.672287
856.990743	347.751908


852.131355	361.978146
855.022408	355.057767
857.913460	348.137387


853.054072	362.363626
855.945124	355.443246
858.836176	348.522866


853.976789	362.749105
856.867841	355.828725
859.758893	348.908346


854.899505	363.134584
857.790557	356.214205
860.681610	349.293825


855.822222	363.520064
858.713274	356.599684
861.604326	349.679304


856.744938	363.905543
859.635991	356.985163
862.527043	350.064784


857.667655	364.291023
860.558707	357.370643
863.449759	350.450263


858.590372	364.676502
861.481424	357.756122
864.372476	350.835743


859.513088	365.061981
862.404140	358.141602
865.295193	351.221222


860.435805	365.447461
863.326857	358.527081
866.217909	351.606701


861.358521	365.832940
864.249574	358.912560
867.140626	351.992181


862.281238	366.218419
865.172290	359.298040
868.063342	352.377660


863.203955	366.603899
866.095007	359.683519
868.986059	352.763140


864.126671	366.989378
867.017723	360.068999
869.908776	353.148619


865.049388	367.374858
867.940440	360.454478
870.831492	353.534098


865.972104	367.760337
868.863157	360.839957
871.754209	353.919578


0.420944	15.000000
0.420944	7.500000
0.420944	0.000000


1.420944	15.000000
1.420944	7.500000
1.420944	0.000000


2.420944	15.000000
2.420944	7.500000
2.420944	0.000000


3.420944	15.000000
3.420944	7.500000
3.420944	0.000000


4.420944	15.000000
4.420944	7.500000
4.420944	0.000000


5.420944	15.000000
5.420944	7.500000
5.420944	0.000000


6.420944	15.000000
6.420944	7.500000
6.420944	0.000000


7.420944	15.000000
7.420944	7.500000
7.420944	0.000000


8.420944	15.000000
8.420944	7.500000
8.420944	0.000000


9.420944	15.000000
9.420944	7.500000
9.420944	0.000000


10.420944	15.000000
10.420944	7.500000
10.420944	0.000000


11.420944	15.000000
11.420944	7.500000
11.420944	0.000000


12.420944	15.000000
12.420944	7.500000
12.420944	0.000000


13.420944	15.000000
13.420944	7.500000
13.420944	0.000000


14.420944	15.000000
14.420944	7.500000
14.420944	0.000000


15.420944	15.000000
15.420944	7.500000
15.420944	0.000000


16.420944	15.000000
16.420944	7.500000
16.420944	0.000000


17.420944	15.000000
17.420944	7.500000
17.420944	0.000000


18.420944	15.000000
18.420944	7.500000
18.420944	0.000000


19.420944	15.000000
19.420944	7.500000
19.420944	0.000000


20.420944	15.000000
20.420944	7.500000
20.420944	0.000000


21.420944	15.000000
21.420944	7.500000
21.420944	0.000000


22.420944	15.000000
22.420944	7.500000
22.420944	0.000000


23.420944	15.000000
23.420944	7.500000
23.420944	0.000000


24.420944	15.000000
24.420944	7.500000
24.420944	0.000000


25.420944	15.000000
25.420944	7.500000
25.420944	0.000000


26.420944	15.000000
26.420944	7.500000
26.420944	0.000000


27.420944	15.000000
27.420944	7.500000
27.420944	0.000000


28.420944	15.000000
28.420944	7.500000
28.420944	0.000000


29.420944	15.000000
29.420944	7.500000
29.420944	0.000000


30.420944	15.000000
30.420944	7.500000
30.420944	0.000000


31.420944	15.000000
31.420944	7.500000
31.420944	0.000000


32.420944	15.000000
32.420944	7.500000
32.420944	0.000000


33.420944	15.000000
33.420944	7.500000
33.420944	0.000000


34.420944	15.000000
34.420944	7.500000
34.420944	0.000000


35.420944	15.000000
35.420944	7.500000
35.420944	0.000000


36.420944	15.000000
36.420944	7.500000
36.420944	0.000000


37.420944	15.000000
37.420944	7.500000
37.420944	0.000000


38.420944	15.000000
38.420944	7.500000
38.420944	0.000000


39.420944	15.000000
39.420944	7.500000
39.420944	0.000000


40.420944	15.000000
40.420944	7.500000
40.420944	0.000000


41.420944	15.000000
41.420944	7.500000
41.420944	0.000000


42.420944	15.000000
42.420944	7.500000
42.420944	0.000000


43.420944	15.000000
43.420944	7.500000
43.420944	0.000000


44.420944	15.000000
44.420944	7.500000
44.420944	0.000000


45.420944	15.000000
45.420944	7.500000
45.420944	0.000000


46.420944	15.000000
46.420944	7.500000
46.420944	0.000000


47.420944	15.000000
47.420944	7.500000
47.420944	0.000000


48.420944	15.000000
48.420944	7.500000
48.420944	0.000000


49.420944	15.000000
49.420944	7.500000
49.420944	0.000000


50.420944	15.000000
50.420944	7.500000
50.420944	0.000000


51.420944	15.000000
51.420944	7.500000
51.420944	0.000000


52.420944	15.000000
52.420944	7.500000
52.420944	0.000000


53.420944	15.000000
53.420944	7.500000
53.420944	0.000000


54.420944	15.000000
54.420944	7.500000
54.420944	0.000000


55.420944	15.000000
55.420944	7.500000
55.420944	0.000000


56.420944	15.000000
56.420944	7.500000
56.420944	0.000000


57.420944	15.000000
57.420944	7.500000
57.420944	0.000000


58.420944	15.000000
58.420944	7.500000
58.420944	0.000000


59.420944	15.000000
59.420944	7.500000
59.420944	0.000000


60.420944	15.000000
60.420944	7.500000
60.420944	0.000000


61.420944	15.000000
61.420944	7.500000
61.420944	0.000000


62.420944	15.000000
62.420944	7.500000
62.420944	0.000000


63.420944	15.000000
63.420944	7.500000
63.420944	0.000000


64.420944	15.000000
64.420944	7.500000
64.420944	0.000000


65.420944	15.000000
65.420944	7.500000
65.420944	0.000000


66.420944	15.000000
66.420944	7.500000
66.420944	0.000000


67.420944	15.000000
67.420944	7.500000
67.420944	0.000000


68.420944	15.000000
68.420944	7.500000
68.420944	0.000000


69.420944	15.000000
69.420944	7.500000
69.420944	0.000000


70.420944	15.000000
70.420944	7.500000
70.420944	0.000000


71.420944	15.000000
71.420944	7.500000
71.420944	0.000000


72.420944	15.000000
72.420944	7.500000
72.420944	0.000000


73.420944	15.000000
73.420944	7.500000
73.420944	0.000000


74.420944	15.000000
74.420944	7.500000
74.420944	0.000000


75.420944	15.000000
75.420944	7.500000
75.420944	0.000000


76.420944	15.000000
76.420944	7.500000
76.420944	0.000000


77.420944	15.000000
77.420944	7.500000
77.420944	0.000000


78.420944	15.000000
78.420944	7.500000
78.420944	0.000000


79.420944	15.000000
79.420944	7.500000
79.420944	0.000000


80.420944	15.000000
80.420944	7.500000
80.420944	0.000000


81.420944	15.000000
81.420944	7.500000
81.420944	0.000000


82.420944	15.000000
82.420944	7.500000
82.420944	0.000000


83.420944	15.000000
83.420944	7.500000
83.420944	0.000000


84.420944	15.000000
84.420944	7.500000
84.420944	0.000000


85.420944	15.000000
85.420944	7.500000
85.420944	0.000000


86.420944	15.000000
86.420944	7.500000
86.420944	0.000000


87.420944	15.000000
87.420944	7.500000
87.420944	0.000000


88.420944	15.000000
88.420944	7.500000
88.420944	0.000000


89.420944	15.000000
89.420944	7.500000
89.420944	0.000000


90.420944	15.000000
90.420944	7.500000
90.420944	0.000000


91.420944	15.000000
91.420944	7.500000
91.420944	0.000000


92.420944	15.000000
92.420944	7.500000
92.420944	0.000000


93.420944	15.000000
93.420944	7.500000
93.420944	0.000000


94.420944	15.000000
94.420944	7.500000
94.420944	0.000000


95.420944	15.000000
95.420944	7.500000
95.420944	0.000000


96.420944	15.000000
96.420944	7.500000
96.420944	0.000000


97.420944	15.000000
97.420944	7.500000
97.420944	0.000000


98.420944	15.000000
98.420944	7.500000
98.420944	0.000000


99.420944	15.000000
99.420944	7.500000
99.420944	0.000000


100.420944	15.000000
100.420944	7.500000
100.420944	0.000000


101.420944	15.000000
101.420944	7.500000
101.420944	0.000000


102.420944	15.000000
102.420944	7.500000
102.420944	0.000000


103.420944	15.000000
103.420944	7.500000
103.420944	0.000000


104.420944	15.000000
104.420944	7.500000
104.420944	0.000000


105.420944	15.000000
105.420944	7.500000
105.420944	0.000000


106.420944	15.000000
106.420944	7.500000
106.420944	0.000000


107.420944	15.000000
107.420944	7.500000
107.420944	0.000000


108.420944	15.000000
108.420944	7.500000
108.420944	0.000000


109.420944	15.000000
109.420944	7.500000
109.420944	0.000000


110.420944	15.000000
110.420944	7.500000
110.420944	0.000000


111.420944	15.000000
111.420944	7.500000
111.420944	0.000000


112.420944	15.000000
112.420944	7.500000
112.420944	0.000000


113.420944	15.000000
113.420944	7.500000
113.420944	0.000000


114.420944	15.000000
114.420944	7.500000
114.420944	0.000000


115.420944	15.000000
115.420944	7.500000
115.420944	0.000000


116.420944	15.000000
116.420944	7.500000
116.420944	0.000000


117.420944	15.000000
117.420944	7.500000
117.420944	0.000000


118.420944	15.000000
118.420944	7.500000
118.420944	0.000000


119.420944	15.000000
119.420944	7.500000
119.420944	0.000000


120.420944	15.000000
120.420944	7.500000
120.420944	0.000000


121.420944	15.000000
121.420944	7.500000
121.420944	0.000000


122.420944	15.000000
122.420944	7.500000
122.420944	0.000000


123.420944	15.000000
123.420944	7.500000
123.420944	0.000000


124.420944	15.000000
124.420944	7.500000
124.420944	0.000000


125.420944	15.000000
125.420944	7.500000
125.420944	0.000000


126.420944	15.000000
126.420944	7.500000
126.420944	0.000000


127.420944	15.000000
127.420944	7.500000
127.420944	0.000000


128.420944	15.000000
128.420944	7.500000
128.420944	0.000000


129.420944	15.000000
129.420944	7.500000
129.420944	0.000000


130.420944	15.000000
130.420944	7.500000
130.420944	0.000000


131.420944	15.000000
131.420944	7.500000
131.420944	0.000000


132.420944	15.000000
132.420944	7.500000
132.420944	0.000000


133.420944	15.000000
133.420944	7.500000
133.420944	0.000000


134.420944	15.000000
134.420944	7.500000
134.420944	0.000000


135.420944	15.000000
135.420944	7.500000
135.420944	0.000000


136.420944	15.000000
136.420944	7.500000
136.420944	0.000000


137.420944	15.000000
137.420944	7.500000
137.420944	0.000000


138.420944	15.000000
138.420944	7.500000
138.420944	0.000000


139.420944	15.000000
139.420944	7.500000
139.420944	0.000000


140.420944	15.000000
140.420944	7.500000
140.420944	0.000000


141.420944	15.000000
141.420944	7.500000
141.420944	0.000000


142.420944	15.000000
142.420944	7.500000
142.420944	0.000000


143.420944	15.000000
143.420944	7.500000
143.420944	0.000000


144.420944	15.000000
144.420944	7.500000
144.420944	0.000000


145.420944	15.000000
145.420944	7.500000
145.420944	0.000000


146.420944	15.000000
146.420944	7.500000
146.420944	0.000000


147.420944	15.000000
147.420944	7.500000
147.420944	0.000000


148.420944	15.000000
148.420944	7.500000
148.420944	0.000000


149.525857	14.994649
149.420923	7.495383
149.315988	-0.003883


150.684485	14.966150
150.420602	7.470794
150.156718	-0.024562


151.842248	14.913097
151.419535	7.425019
150.996821	-0.063059


152.998627	14.835514
152.417273	7.358079
151.835919	-0.119356


154.153100	14.733434
153.413368	7.270003
152.673635	-0.193427


155.305151	14.606904
154.407372	7.160832
153.509593	-0.285241


156.454260	14.455981
155.398838	7.030613
154.343416	-0.394754


157.599912	14.280733
156.387322	6.879407
155.174731	-0.521919


158.701079	14.089098
157.372452	6.707720
156.043826	-0.673658


159.592319	13.934525
158.357737	6.536837
157.123155	-0.860851


160.485454	13.791308
159.345116	6.378507
158.204779	-1.034294


161.380339	13.659468
160.334431	6.232755
159.288522	-1.193957


162.276830	13.539028
161.325520	6.099606
160.374210	-1.339816


163.174780	13.430006
162.318223	5.979080
161.461666	-1.471846


164.074046	13.332420
163.312380	5.871197
162.550714	-1.590026


164.974480	13.246287
164.307829	5.775975
163.641178	-1.694337


165.875938	13.171619
165.304410	5.693428
164.732881	-1.784763


166.778273	13.108430
166.301960	5.623571
165.825647	-1.861287


167.681339	13.056730
167.300318	5.566415
166.919298	-1.923899


168.584989	13.016526
168.299323	5.521969
168.013657	-1.972588


169.489079	12.987825
169.298813	5.490240
169.108547	-2.007345


170.393460	12.970633
170.298626	5.471233
170.203791	-2.028166


171.297987	12.964951
171.298599	5.464952
171.299211	-2.035047


172.202513	12.970781
172.298572	5.471397
172.394630	-2.027987


173.106891	12.988121
173.298381	5.490567
173.489871	-2.006987


174.010976	13.016969
174.297866	5.522459
174.584755	-1.972051


174.914620	13.057321
175.296863	5.567069
175.679107	-1.923183


175.817678	13.109169
176.295212	5.624388
176.772747	-1.860393


176.720002	13.172506
177.292751	5.694408
177.865500	-1.783689


177.621448	13.247321
178.289318	5.777118
178.957189	-1.693085


178.521868	13.333601
179.284752	5.872503
180.047636	-1.588596


179.421117	13.431334
180.278891	5.980548
181.136665	-1.470238


180.319050	13.540503
181.271575	6.101236
182.224099	-1.338030


181.215521	13.661090
182.262642	6.234548
183.309763	-1.191994


182.110385	13.793076
183.251933	6.380461
184.393481	-1.032153


183.003496	13.936440
184.239286	6.538953
185.475076	-0.858534


183.894711	14.091158
185.224543	6.709997
186.554375	-0.671164


184.783884	14.257205
186.207543	6.893565
187.631201	-0.470074


185.670873	14.434554
187.188127	7.089629
188.705381	-0.255296


186.555532	14.623177
188.166137	7.298156
189.776741	-0.026865


187.437719	14.823044
189.141413	7.519112
190.845107	0.215181


188.317292	15.034121
190.113799	7.752462
191.910307	0.470804


189.194107	15.256374
191.083137	7.998168
192.972167	0.739962


190.068022	15.489768
192.049269	8.256190
194.030515	1.022612


190.938897	15.734265
193.012039	8.526487
195.085181	1.318708


191.806590	15.989825
193.971291	8.809014
196.135993	1.628202


192.670959	16.256407
194.926870	9.103725
197.182781	1.951044


193.531867	16.533967
195.878622	9.410574
198.225376	2.287181


194.389172	16.822461
196.826391	9.729510
199.263609	2.636559


195.242737	17.121841
197.770024	10.060482
200.297312	2.999122


196.092422	17.432061
198.709369	10.403435
201.326317	3.374810


196.938091	17.753068
199.644274	10.758316
202.350457	3.763563


197.779606	18.084811
200.574586	11.125065
203.369567	4.165319


198.616831	18.427237
201.500156	11.503624
204.383482	4.580011


199.449630	18.780290
202.420833	11.893931
205.392037	5.007573


200.277869	19.143913
203.336469	12.295924
206.395069	5.447935


201.101413	19.518046
204.246915	12.709536
207.392416	5.901027


201.920130	19.902630
205.152023	13.134702
208.383916	6.366774


202.733885	20.297602
206.051647	13.571352
209.369409	6.845101


203.542549	20.702898
206.945641	14.019415
210.348734	7.335932


204.345989	21.118452
207.833861	14.478819
211.321734	7.839185


205.144075	21.544198
208.716162	14.949489
212.288250	8.354781


205.936679	21.980065
209.592403	15.431350
213.248126	8.882635


206.723671	22.425984
210.462439	15.924323
214.201208	9.422662


207.504925	22.881883
211.326132	16.428328
215.147339	9.974774


208.280314	23.347687
212.183341	16.943284
216.086368	10.538882


209.049712	23.823321
213.033927	17.469108
217.018141	11.114895


209.812995	24.308708
213.877752	18.005713
217.942509	11.702719


210.570039	24.803769
214.714680	18.553014
218.859321	12.302259


211.320721	25.308424
215.544575	19.110921
219.768429	12.913418


212.064920	25.822593
216.367303	19.679345
220.669685	13.536097


212.802516	26.346190
217.182730	20.258193
221.562944	14.170195


213.533388	26.879131
217.990725	20.847371
222.448062	14.815610


214.257419	27.421331
218.791156	21.446784
223.324894	15.472237


214.974491	27.972701
219.583895	22.056335
224.193298	16.139969


215.684488	28.533152
220.368811	22.675925
225.053134	16.818699


216.387295	29.102593
221.145780	23.305454
225.904264	17.508316


217.082799	29.680932
221.914673	23.944820
226.746548	18.208709


217.770886	30.268076
222.675368	24.593920
227.579850	18.919764


218.451445	30.863928
223.427741	25.252647
228.404036	19.641367


219.124366	31.468393
224.171669	25.920896
229.218972	20.373400


219.789541	32.081373
224.907033	26.598559
230.024526	21.115744


220.446860	32.702769
225.633714	27.285525
230.820567	21.868280


221.096218	33.332479
226.351593	27.981683
231.606967	22.630886


221.737510	33.970403
227.060554	28.686920
232.383599	23.403438


222.370631	34.616435
227.760483	29.401123
233.150335	24.185811


222.995480	35.270473
228.451267	30.124176
233.907053	24.977878


223.611954	35.932410
229.132792	30.855961
234.653630	25.779512


224.219955	36.602138
229.804950	31.596360
235.389944	26.590581


224.819383	37.279550
230.467630	32.345253
236.115877	27.410955


225.410142	37.964536
231.120727	33.102519
236.831311	28.240501


225.992136	38.656984
231.764133	33.868035
237.536130	29.079085


226.565271	39.356782
232.397745	34.641677
238.230220	29.926571


227.129453	40.063818
233.021461	35.423320
238.913469	30.782821


227.684591	40.777977
233.635178	36.212837
239.585765	31.647697


228.230597	41.499142
234.238799	37.010100
240.247000	32.521058


228.767380	42.227198
234.832224	37.814981
240.897068	33.402764


229.294854	42.962025
235.415358	38.627349
241.535861	34.292672


229.812934	43.703506
235.988106	39.447071
242.163278	35.190636


230.321536	44.451521
236.550376	40.274017
242.779217	36.096513


230.820578	45.205947
237.102077	41.108051
243.383577	37.010155


231.309978	45.966663
237.643119	41.949039
243.976261	37.931414


231.789657	46.733545
238.173415	42.796843
244.557172	38.860141


232.259538	47.506470
238.692878	43.651328
245.126218	39.796186


232.719544	48.285313
239.201425	44.512355
245.683305	40.739397


233.169602	49.069946
239.698973	45.379783
246.228344	41.689621


233.609637	49.860243
240.185441	46.253474
246.761245	42.646704


234.039580	50.656077
240.660752	47.133284
247.281924	43.610492


234.459360	51.457317
241.124827	48.019072
247.790295	44.580828


234.868909	52.263835
241.577592	48.910695
248.286276	45.557554


235.268160	53.075499
242.018974	49.808007
248.769787	46.540514


235.657051	53.892179
242.448900	50.710863
249.240749	47.529548


236.035516	54.713741
242.867301	51.619118
249.699087	48.524494


236.403495	55.540054
243.274110	52.532624
250.144726	49.525194


236.760929	56.370982
243.669261	53.451233
250.577593	50.531483


237.107759	57.206392
244.052689	54.374796
250.997619	51.543200


237.443930	58.046149
244.424333	55.303164
251.404736	52.560180


237.769386	58.890115
244.784132	56.236187
251.798877	53.582259


238.084076	59.738155
245.132028	57.173713
252.179979	54.609271


238.387948	60.590131
245.467964	58.115590
252.547981	55.641050


238.680952	61.445905
245.791887	59.061667
252.902822	56.677428


238.963043	62.305339
246.103744	60.011789
253.244445	57.718239


239.268430	63.268137
246.406042	60.964994
253.543655	58.661851


239.644897	64.388228
246.724625	61.912863
253.804354	59.437498


240.048386	65.498871
247.066075	62.852737
254.083764	60.206603


240.478661	66.599414
247.430192	63.784064
254.381723	60.968714


240.935468	67.689212
247.816762	64.706298
254.698056	61.723383


241.418540	68.767624
248.225558	65.618896
255.032577	62.470169


241.927593	69.834018
248.656341	66.521325
255.385089	63.208632


242.462328	70.887769
249.108857	67.413054
255.755385	63.938339


243.022432	71.928257
249.582841	68.293560
256.143250	64.658863


243.607576	72.954872
250.078015	69.162325
256.548454	65.369779


244.217416	73.967011
250.594088	70.018841
256.970759	66.070672


244.851595	74.964081
251.130757	70.862605
257.409919	66.761129


245.509740	75.945497
251.687708	71.693121
257.865676	67.440746


246.191465	76.910682
252.264613	72.509902
258.337761	68.109123


246.896371	77.859070
252.861135	73.312469
258.825898	68.765868


247.624043	78.790104
253.476922	74.100351
259.329801	69.410597


248.374054	79.703239
254.111613	74.873084
259.849173	70.042930


249.145964	80.597938
254.764837	75.630217
260.383710	70.662496


249.939321	81.473676
255.436210	76.371304
260.933099	71.268932


250.753658	82.329939
256.125337	77.095911
261.497016	71.861883


251.588498	83.166225
256.831814	77.803612
262.075131	72.440999


252.443351	83.982043
257.555227	78.493992
262.667104	73.005941


253.317714	84.776913
258.295152	79.166646
263.272589	73.556378


254.211076	85.550371
259.051153	79.821179
263.891229	74.091987


255.122911	86.301961
259.822787	80.457207
264.522663	74.612452


255.973709	86.972823
260.608228	81.076120
265.242748	75.179417


256.672642	87.530188
261.390062	81.699594
266.107482	75.869000


257.363625	88.097378
262.163003	82.334058
266.962380	76.570739


258.046521	88.674280
262.926897	82.979387
267.807273	77.284494


258.721193	89.260779
263.681592	83.635450
268.641990	78.010122


259.387506	89.856757
264.426936	84.302118
269.466366	78.747478


260.045326	90.462096
265.162780	84.979255
270.280235	79.496415


260.694523	91.076674
265.888979	85.666728
271.083435	80.256783


261.334966	91.700368
266.605385	86.364399
271.875804	81.028431


261.966529	92.333054
267.311857	87.072128
272.657186	81.811203


262.589083	92.974606
268.008253	87.789775
273.427423	82.604943


263.202506	93.624895
268.694434	88.517194
274.186362	83.409494


263.806673	94.283791
269.370262	89.254242
274.933851	84.224693


264.401466	94.951162
270.035603	90.000770
275.669740	85.050379


264.986764	95.626875
270.690323	90.756630
276.393883	85.886385


265.562451	96.310796
271.334292	91.521671
277.106134	86.732545


266.128411	97.002787
271.967382	92.295739
277.806352	87.588690


266.684532	97.702710
272.589464	93.078679
278.494396	88.454649


267.230703	98.410425
273.200416	93.870337
279.170129	89.330248


267.766813	99.125790
273.800115	94.670552
279.833416	90.215313


268.292757	99.848664
274.388441	95.479165
280.484124	91.109667


268.808428	100.578900
274.965276	96.296015
281.122124	92.013130


269.313725	101.316354
275.530506	97.120939
281.747287	92.925523


269.808545	102.060878
276.084017	97.953770
282.359489	93.846663


270.292790	102.812322
276.625698	98.794344
282.958607	94.776366


270.766364	103.570538
277.155443	99.642492
283.544521	95.714445


271.229171	104.335373
277.673143	100.498044
284.117116	96.660714


271.681118	105.106674
278.178697	101.360829
284.676275	97.614984


272.122117	105.884288
278.672002	102.230675
285.221887	98.577063


272.552078	106.668058
279.152961	103.107409
285.753844	99.546760


272.970916	107.457829
279.621477	103.990854
286.272039	100.523880


273.378547	108.253441
280.077457	104.880835
286.776368	101.508228


273.774889	109.054738
280.520810	105.777173
287.266730	102.499608


274.159863	109.861557
280.951446	106.679689
287.743028	103.497821


274.533393	110.673738
281.369280	107.588203
288.205167	104.502668


274.895403	111.491119
281.774228	108.502534
288.653053	105.513948


275.245821	112.313536
282.166209	109.422498
289.086598	106.531459


275.584577	113.140825
282.545146	110.347911
289.505714	107.554998


275.911604	113.972820
282.910962	111.278589
289.910319	108.584359


276.226837	114.809355
283.263583	112.214346
290.300330	109.619337


276.530211	115.650263
283.602941	113.154995
290.675671	110.659726


276.821666	116.495376
283.928966	114.100347
291.036266	111.705317


277.101145	117.344525
284.241594	115.050214
291.382043	112.755902


277.368592	118.197541
284.540762	116.004405
291.712933	113.811269


277.623952	119.054252
284.826411	116.962731
292.028870	114.871210


277.867175	119.914487
285.098483	117.924999
292.329791	115.935510


278.098212	120.778075
285.356923	118.891017
292.615635	117.003959


278.317017	121.644843
285.601681	119.860593
292.886345	118.076342


278.523547	122.514618
285.832707	120.833532
293.141868	119.152445


278.717760	123.387226
286.049956	121.809639
293.382152	120.232053


278.899617	124.262492
286.253383	122.788721
293.607149	121.314950


279.069082	125.140241
286.442948	123.770580
293.816815	122.400919


279.227405	126.027559
286.618656	124.755014
294.009906	123.482469


279.397078	127.013060
286.788328	125.740515
294.179579	124.467970


279.566750	127.998560
286.958001	126.726015
294.349251	125.453470


279.736423	128.984061
287.127673	127.711516
294.518924	126.438971


279.906095	129.969561
287.297346	128.697016
294.688597	127.424471


280.075768	130.955062
287.467018	129.682517
294.858269	128.409972


280.245440	131.940563
287.636691	130.668017
295.027942	129.395472


280.415113	132.926063
287.806363	131.653518
295.197614	130.380973


280.584785	133.911564
287.976036	132.639018
295.367287	131.366473


280.754458	134.897064
288.145708	133.624519
295.536959	132.351973


280.924130	135.882565
288.315381	134.610019
295.706632	133.337474


281.093803	136.868065
288.485054	135.595520
295.876304	134.322974


281.263475	137.853566
288.654726	136.581020
296.045977	135.308475


281.433148	138.839067
288.824399	137.566521
296.215649	136.293975


281.602820	139.824567
288.994071	138.552021
296.385322	137.279476


281.772493	140.810068
289.163744	139.537522
296.554994	138.264976


281.942166	141.795568
289.333416	140.523023
296.724667	139.250477


282.111838	142.781069
289.503089	141.508523
296.894339	140.235977


282.281511	143.766570
289.672761	142.494024
297.064012	141.221478


282.451183	144.752070
289.842434	143.479524
297.233684	142.206978


282.620856	145.737571
290.012106	144.465025
297.403357	143.192479


282.790528	146.723071
290.181779	145.450525
297.573029	144.177979


282.960201	147.708572
290.351451	146.436026
297.742702	145.163479


283.129873	148.694072
290.521124	147.421526
297.912374	146.148980


283.299546	149.679573
290.690796	148.407027
298.082047	147.134480


283.469218	150.665074
290.860469	149.392527
298.251719	148.119981


283.638891	151.650574
291.030141	150.378028
298.421392	149.105481


283.808563	152.636075
291.199814	151.363528
298.591064	150.090982


283.978236	153.621575
291.369486	152.349029
298.760737	151.076482


284.147908	154.607076
291.539159	153.334529
298.930409	152.061983


284.317581	155.592577
291.708831	154.320030
299.100082	153.047483


284.487253	156.578077
291.878504	155.305530
299.269754	154.032984


284.656926	157.563578
292.048176	156.291031
299.439427	155.018484


284.826598	158.549078
292.217849	157.276531
299.609100	156.003985


284.996271	159.534579
292.387521	158.262032
299.778772	156.989485


285.165943	160.520079
292.557194	159.247532
299.948445	157.974985


285.335616	161.505580
292.726866	160.233033
300.118117	158.960486


285.505288	162.491081
292.896539	161.218533
300.287790	159.945986


285.674961	163.476581
293.066211	162.204034
300.457462	160.931487


285.844633	164.462082
293.235884	163.189535
300.627135	161.916987


286.014306	165.447582
293.405557	164.175035
300.796807	162.902488


286.183978	166.433083
293.575229	165.160536
300.966480	163.887988


286.353651	167.418584
293.744902	166.146036
301.136152	164.873489


286.523323	168.404084
293.914574	167.131537
301.305825	165.858989


286.692996	169.389585
294.084247	168.117037
301.475497	166.844490


286.862668	170.375085
294.253919	169.102538
301.645170	167.829990


287.032341	171.360586
294.423592	170.088038
301.814842	168.815491


287.202014	172.346086
294.593264	171.073539
301.984515	169.800991


287.371686	173.331587
294.762937	172.059039
302.154187	170.786491


287.541359	174.317088
294.932609	173.044540
302.323860	171.771992


287.711031	175.302588
295.102282	174.030040
302.493532	172.757492


287.880704	176.288089
295.271954	175.015541
302.663205	173.742993


288.050376	177.273589
295.441627	176.001041
302.832877	174.728493


288.220049	178.259090
295.611299	176.986542
303.002550	175.713994


288.389721	179.244590
295.780972	177.972042
303.172222	176.699494


288.559394	180.230091
295.950644	178.957543
303.341895	177.684995


288.729066	181.215592
296.120317	179.943043
303.511567	178.670495


288.898739	182.201092
296.289989	180.928544
303.681240	179.655996


289.068411	183.186593
296.459662	181.914044
303.850912	180.641496


289.238084	184.172093
296.629334	182.899545
304.020585	181.626997


289.407756	185.157594
296.799007	183.885045
304.190257	182.612497


289.577429	186.143095
296.968679	184.870546
304.359930	183.597997


289.747101	187.128595
297.138352	185.856047
304.529603	184.583498


289.916774	188.114096
297.308024	186.841547
304.699275	185.568998


290.086446	189.099596
297.477697	187.827048
304.868948	186.554499


290.256119	190.085097
297.647369	188.812548
305.038620	187.539999


290.425791	191.070597
297.817042	189.798049
305.208293	188.525500


290.595464	192.056098
297.986714	190.783549
305.377965	189.511000


290.765136	193.041599
298.156387	191.769050
305.547638	190.496501


290.934809	194.027099
298.326060	192.754550
305.717310	191.482001


291.104481	195.012600
298.495732	193.740051
305.886983	192.467502


291.274154	195.998100
298.665405	194.725551
306.056655	193.453002


291.443826	196.983601
298.835077	195.711052
306.226328	194.438502


291.613499	197.969102
299.004750	196.696552
306.396000	195.424003


291.783171	198.954602
299.174422	197.682053
306.565673	196.409503


291.952844	199.940103
299.344095	198.667553
306.735345	197.395004


292.122517	200.925603
299.513767	199.653054
306.905018	198.380504


292.292189	201.911104
299.683440	200.638554
307.074690	199.366005


292.461862	202.896604
299.853112	201.624055
307.244363	200.351505


292.631534	203.882105
300.022785	202.609555
307.414035	201.337006


292.801207	204.867606
300.192457	203.595056
307.583708	202.322506


292.970879	205.853106
300.362130	204.580556
307.753380	203.308007


293.140552	206.838607
300.531802	205.566057
307.923053	204.293507


293.310224	207.824107
300.701475	206.551557
308.092725	205.279008


293.479897	208.809608
300.871147	207.537058
308.262398	206.264508


293.649569	209.795109
301.040820	208.522559
308.432070	207.250008


293.819242	210.780609
301.210492	209.508059
308.601743	208.235509


293.988914	211.766110
301.380165	210.493560
308.771415	209.221009


294.158587	212.751610
301.549837	211.479060
308.941088	210.206510


294.328259	213.737111
301.719510	212.464561
309.110760	211.192010


294.497932	214.722611
301.889182	213.450061
309.280433	212.177511


294.667604	215.708112
302.058855	214.435562
309.450105	213.163011


294.837277	216.693613
302.228527	215.421062
309.619778	214.148512


295.006949	217.679113
302.398200	216.406563
309.789451	215.134012


295.176622	218.664614
302.567872	217.392063
309.959123	216.119513


295.346294	219.650114
302.737545	218.377564
310.128796	217.105013


295.515967	220.635615
302.907217	219.363064
310.298468	218.090514


295.685639	221.621116
303.076890	220.348565
310.468141	219.076014


295.855312	222.606616
303.246562	221.334065
310.637813	220.061514


296.024984	223.592117
303.416235	222.319566
310.807486	221.047015


296.194657	224.577617
303.585908	223.305066
310.977158	222.032515


296.364329	225.563118
303.755580	224.290567
311.146831	223.018016


296.534002	226.548618
303.925253	225.276067
311.316503	224.003516


296.703674	227.534119
304.094925	226.261568
311.486176	224.989017


296.873347	228.519620
304.264598	227.247068
311.655848	225.974517


297.043020	229.505120
304.434270	228.232569
311.825521	226.960018


297.212692	230.490621
304.603943	229.218069
311.995193	227.945518


297.382365	231.476121
304.773615	230.203570
312.164866	228.931019


297.552037	232.461622
304.943288	231.189070
312.334538	229.916519


297.721710	233.447122
305.112960	232.174571
312.504211	230.902020


297.891382	234.432623
305.282633	233.160072
312.673883	231.887520


298.061055	235.418124
305.452305	234.145572
312.843556	232.873020


298.230727	236.403624
305.621978	235.131073
313.013228	233.858521


298.400400	237.389125
305.791650	236.116573
313.182901	234.844021


298.570072	238.374625
305.961323	237.102074
313.352573	235.829522


298.739745	239.360126
306.130995	238.087574
313.522246	236.815022


298.909417	240.345627
306.300668	239.073075
313.691918	237.800523


299.079090	241.331127
306.470340	240.058575
313.861591	238.786023


299.248762	242.316628
306.640013	241.044076
314.031263	239.771524


299.418435	243.302128
306.809685	242.029576
314.200936	240.757024


299.588107	244.287629
306.979358	243.015077
314.370608	241.742525


299.757780	245.273129
307.149030	244.000577
314.540281	242.728025


299.927452	246.258630
307.318703	244.986078
314.709954	243.713526


300.097125	247.244131
307.488375	245.971578
314.879626	244.699026


300.266797	248.229631
307.658048	246.957079
315.049299	245.684526


300.436470	249.215132
307.827720	247.942579
315.218971	246.670027


300.619609	250.269314
307.998665	248.927857
315.377721	247.586400


300.864410	251.497886
308.194070	249.908530
315.523731	248.319175


301.150472	252.717511
308.422411	250.882063
315.694351	249.046614


301.477471	253.926804
308.683429	251.847347
315.889387	249.767890


301.845035	255.124390
308.976827	252.803287
316.108619	250.482185


302.252746	256.308911
309.302271	253.748798
316.351796	251.188686


302.700142	257.479019
309.659393	254.682805
316.618643	251.886591


303.186715	258.633386
310.047785	255.604247
316.908856	252.575107


303.711911	259.770702
310.467009	256.512077
317.222106	253.253453


304.275134	260.889673
310.916586	257.405265
317.558037	253.920858


304.875745	261.989029
311.396007	258.282796
317.916268	254.576563


305.513061	263.067521
311.904726	259.143673
318.296392	255.219824


306.186358	264.123925
312.442167	259.986918
318.697976	255.849910


306.894871	265.157039
313.007718	260.811573
319.120564	256.466106


307.637796	266.165692
313.600737	261.616702
319.563678	257.067712


308.414288	267.148736
314.220550	262.401390
320.026813	257.654044


309.223467	268.105056
314.866455	263.164746
320.509443	258.224436


310.064412	269.033564
315.537716	263.905902
321.011020	258.778240


310.936168	269.933208
316.233571	264.624018
321.530974	259.314828


311.837746	270.802963
316.953230	265.318276
322.068715	259.833589


312.768120	271.641844
317.695876	265.987889
322.623632	260.333935


313.726235	272.448896
318.460664	266.632096
323.195094	260.815297


314.711002	273.223202
319.246727	267.250166
323.782453	261.277129


315.721302	273.963885
320.053171	267.841395
324.385041	261.718905


316.755988	274.670101
320.879081	268.405113
325.002174	262.140124


317.813885	275.341050
321.723518	268.940679
325.633150	262.540308


318.893790	275.975968
322.585522	269.447485
326.277254	262.919002


319.994478	276.574135
323.464116	269.924955
326.933753	263.275776


321.114697	277.134871
324.358300	270.372548
327.601902	263.610224


322.253176	277.657540
325.267059	270.789753
328.280942	263.921967


323.408622	278.141546
326.189362	271.176099
328.970101	264.210651


324.579721	278.586342
327.124159	271.531145
329.668597	264.475947


325.765144	278.991421
328.070390	271.854488
330.375636	264.717555


326.963545	279.356324
329.026980	272.145762
331.090416	264.935199


328.173561	279.680636
329.992842	272.404635
331.812123	265.128634


329.393818	279.963988
330.966879	272.630813
332.539940	265.297638


330.622931	280.206059
331.947984	272.824039
333.273037	265.442020


331.859503	280.406573
332.935044	272.984095
334.010584	265.561616


333.102130	280.565304
333.926936	273.110797
334.751743	265.656291


334.349400	280.682070
334.922535	273.204003
335.495670	265.725935


335.599897	280.756740
335.920710	273.263606
336.241522	265.770472


336.852199	280.789227
336.920325	273.289538
336.988451	265.789849


338.104885	280.779496
337.920247	273.281771
337.735609	265.784045


339.225328	280.738668
338.919542	273.244893
338.613755	265.751119


340.224496	280.697897
339.918710	273.204123
339.612924	265.710348


341.223665	280.657127
340.917878	273.163352
340.612092	265.669578


342.222833	280.616356
341.917047	273.122582
341.611261	265.628807


343.222001	280.575585
342.916215	273.081811
342.610429	265.588036


344.221170	280.534815
343.915384	273.041040
343.609598	265.547266


345.220338	280.494044
344.914552	273.000270
344.608766	265.506495


346.219507	280.453273
345.913721	272.959499
345.607934	265.465725


347.218675	280.412503
346.912889	272.918728
346.607103	265.424954


348.217844	280.371732
347.912057	272.877958
347.606271	265.384183


349.217012	280.330961
348.911226	272.837187
348.605440	265.343413


350.216181	280.290191
349.910394	272.796416
349.604608	265.302642


351.215349	280.249420
350.909563	272.755646
350.603777	265.261871


352.214517	280.208650
351.908731	272.714875
351.602945	265.221101


353.213686	280.167879
352.907900	272.674105
352.602114	265.180330


354.212854	280.127108
353.907068	272.633334
353.601282	265.139559


355.212023	280.086338
354.906237	272.592563
354.600450	265.098789


356.211191	280.045567
355.905405	272.551793
355.599619	265.058018


357.210360	280.004796
356.904573	272.511022
356.598787	265.017248


358.209528	279.964026
357.903742	272.470251
357.597956	264.976477


359.208696	279.923255
358.902910	272.429481
358.597124	264.935706


360.207865	279.882484
359.902079	272.388710
359.596293	264.894936


361.207033	279.841714
360.901247	272.347939
360.595461	264.854165


362.206202	279.800943
361.900416	272.307169
361.594630	264.813394


363.205370	279.760173
362.899584	272.266398
362.593798	264.772624


364.204539	279.719402
363.898753	272.225628
363.592966	264.731853


365.203707	279.678631
364.897921	272.184857
364.592135	264.691082


366.202876	279.637861
365.897089	272.144086
365.591303	264.650312


367.202044	279.597090
366.896258	272.103316
366.590472	264.609541


368.201212	279.556319
367.895426	272.062545
367.589640	264.568771


369.200381	279.515549
368.894595	272.021774
368.588809	264.528000


370.199549	279.474778
369.893763	271.981004
369.587977	264.487229


371.198718	279.434007
370.892932	271.940233
370.587146	264.446459


372.197886	279.393237
371.892100	271.899462
371.586314	264.405688


373.197055	279.352466
372.891269	271.858692
372.585482	264.364917


374.196223	279.311696
373.890437	271.817921
373.584651	264.324147


375.195392	279.270925
374.889605	271.777151
374.583819	264.283376


376.194560	279.230154
375.888774	271.736380
375.582988	264.242605


377.193728	279.189384
376.887942	271.695609
376.582156	264.201835


378.192897	279.148613
377.887111	271.654839
377.581325	264.161064


379.192065	279.107842
378.886279	271.614068
378.580493	264.120294


380.191234	279.067072
379.885448	271.573297
379.579661	264.079523


381.190402	279.026301
380.884616	271.532527
380.578830	264.038752


382.189571	278.985530
381.883784	271.491756
381.577998	263.997982


383.188739	278.944760
382.882953	271.450985
382.577167	263.957211


384.187907	278.903989
383.882121	271.410215
383.576335	263.916440


385.187076	278.863219
384.881290	271.369444
384.575504	263.875670


386.186244	278.822448
385.880458	271.328674
385.574672	263.834899


387.185413	278.781677
386.879627	271.287903
386.573841	263.794128


388.184581	278.740907
387.878795	271.247132
387.573009	263.753358


389.183750	278.700136
388.877964	271.206362
388.572177	263.712587


390.182918	278.659365
389.877132	271.165591
389.571346	263.671817


391.182087	278.618595
390.876300	271.124820
390.570514	263.631046


392.181255	278.577824
391.875469	271.084050
391.569683	263.590275


393.180423	278.537053
392.874637	271.043279
392.568851	263.549505


394.179592	278.496283
393.873806	271.002508
393.568020	263.508734


395.178760	278.455512
394.872974	270.961738
394.567188	263.467963


396.177929	278.414742
395.872143	270.920967
395.566357	263.427193


397.177097	278.373971
396.871311	270.880197
396.565525	263.386422


398.176266	278.333200
397.870480	270.839426
397.564693	263.345651


399.175434	278.292430
398.869648	270.798655
398.563862	263.304881


400.174603	278.251659
399.868816	270.757885
399.563030	263.264110


401.173771	278.210888
400.867985	270.717114
400.562199	263.223340


402.172939	278.170118
401.867153	270.676343
401.561367	263.182569


403.172108	278.129347
402.866322	270.635573
402.560536	263.141798


404.171276	278.088576
403.865490	270.594802
403.559704	263.101028


405.170445	278.047806
404.864659	270.554031
404.558872	263.060257


406.169613	278.007035
405.863827	270.513261
405.558041	263.019486


407.168782	277.966265
406.862996	270.472490
406.557209	262.978716


408.167950	277.925494
407.862164	270.431720
407.556378	262.937945


409.167119	277.884723
408.861332	270.390949
408.555546	262.897174


410.166287	277.843953
409.860501	270.350178
409.554715	262.856404


411.165455	277.803182
410.859669	270.309408
410.553883	262.815633


412.164624	277.762411
411.858838	270.268637
411.553052	262.774863


413.163792	277.721641
412.858006	270.227866
412.552220	262.734092


414.162961	277.680870
413.857175	270.187096
413.551388	262.693321


415.162129	277.640099
414.856343	270.146325
414.550557	262.652551


416.161298	277.599329
415.855511	270.105554
415.549725	262.611780


417.160466	277.558558
416.854680	270.064784
416.548894	262.571009


418.159634	277.517788
417.853848	270.024013
417.548062	262.530239


419.158803	277.477017
418.853017	269.983243
418.547231	262.489468


420.157971	277.436246
419.852185	269.942472
419.546399	262.448697


421.157140	277.395476
420.851354	269.901701
420.545568	262.407927


422.156308	277.354705
421.850522	269.860931
421.544736	262.367156


423.155477	277.313934
422.849691	269.820160
422.543904	262.326386


424.154645	277.273164
423.848859	269.779389
423.543073	262.285615


425.153814	277.232393
424.848027	269.738619
424.542241	262.244844


426.152982	277.191622
425.847196	269.697848
425.541410	262.204074


427.152150	277.150852
426.846364	269.657077
426.540578	262.163303


428.151319	277.110081
427.845533	269.616307
427.539747	262.122532


429.150487	277.069311
428.844701	269.575536
428.538915	262.081762


430.149656	277.028540
429.843870	269.534766
429.538084	262.040991


431.148824	276.987769
430.843038	269.493995
430.537252	262.000220


432.147993	276.946999
431.842207	269.453224
431.536420	261.959450


433.147161	276.906228
432.841375	269.412454
432.535589	261.918679


434.146330	276.865457
433.840543	269.371683
433.534757	261.877909


435.145498	276.824687
434.839712	269.330912
434.533926	261.837138


436.144666	276.783916
435.838880	269.290142
435.533094	261.796367


437.143835	276.743145
436.838049	269.249371
436.532263	261.755597


438.143003	276.702375
437.837217	269.208600
437.531431	261.714826


439.142172	276.661604
438.836386	269.167830
438.530599	261.674055


440.141340	276.620834
439.835554	269.127059
439.529768	261.633285


441.140509	276.580063
440.834722	269.086289
440.528936	261.592514


442.139677	276.539292
441.833891	269.045518
441.528105	261.551743


443.138846	276.498522
442.833059	269.004747
442.527273	261.510973


444.138014	276.457751
443.832228	268.963977
443.526442	261.470202


445.137182	276.416980
444.831396	268.923206
444.525610	261.429432


446.136351	276.376210
445.830565	268.882435
445.524779	261.388661


447.135519	276.335439
446.829733	268.841665
446.523947	261.347890


448.134688	276.294668
447.828902	268.800894
447.523115	261.307120


449.133856	276.253898
448.828070	268.760123
448.522284	261.266349


450.133025	276.213127
449.827238	268.719353
449.521452	261.225578


451.132193	276.172357
450.826407	268.678582
450.520621	261.184808


452.131361	276.131586
451.825575	268.637812
451.519789	261.144037


453.130530	276.090815
452.824744	268.597041
452.518958	261.103266


454.129698	276.050045
453.823912	268.556270
453.518126	261.062496


455.128867	276.009274
454.823081	268.515500
454.517295	261.021725


456.128035	275.968503
455.822249	268.474729
455.516463	260.980955


457.127204	275.927733
456.821418	268.433958
456.515631	260.940184


458.126372	275.886962
457.820586	268.393188
457.514800	260.899413


459.125541	275.846191
458.819754	268.352417
458.513968	260.858643


460.124709	275.805421
459.818923	268.311646
459.513137	260.817872


461.123877	275.764650
460.818091	268.270876
460.512305	260.777101


462.123046	275.723880
461.817260	268.230105
461.511474	260.736331


463.122214	275.683109
462.816428	268.189335
462.510642	260.695560


464.121383	275.642338
463.815597	268.148564
463.509811	260.654789


465.120551	275.601568
464.814765	268.107793
464.508979	260.614019


466.119720	275.560797
465.813934	268.067023
465.508147	260.573248


467.118888	275.520026
466.813102	268.026252
466.507316	260.532478


468.118057	275.479256
467.812270	267.985481
467.506484	260.491707


469.117225	275.438485
468.811439	267.944711
468.505653	260.450936


470.116393	275.397714
469.810607	267.903940
469.504821	260.410166


471.115562	275.356944
470.809776	267.863169
470.503990	260.369395


472.114730	275.316173
471.808944	267.822399
471.503158	260.328624


473.113899	275.275403
472.808113	267.781628
472.502326	260.287854


474.113067	275.234632
473.807281	267.740858
473.501495	260.247083


475.112236	275.193861
474.806449	267.700087
474.500663	260.206312


476.111404	275.153091
475.805618	267.659316
475.499832	260.165542


477.110572	275.112320
476.804786	267.618546
476.499000	260.124771


478.109740	275.071550
477.803954	267.577775
477.498168	260.084000


479.108909	275.030779
478.803123	267.537004
478.497336	260.043230


480.108077	274.990008
479.802291	267.496234
479.496505	260.002459


481.107245	274.949238
480.801459	267.455463
480.495673	259.961688


482.106414	274.908467
481.800627	267.414692
481.494841	259.920918


483.105582	274.867697
482.799796	267.373922
482.494010	259.880147


484.104750	274.826926
483.798964	267.333151
483.493178	259.839376


485.103919	274.786156
484.798132	267.292381
484.492346	259.798606


486.103087	274.745385
485.797301	267.251610
485.491515	259.757835


487.102255	274.704614
486.796469	267.210839
486.490683	259.717064


488.101423	274.663844
487.795637	267.170069
487.489851	259.676294


489.100592	274.623073
488.794806	267.129298
488.489019	259.635523


490.099760	274.582303
489.793974	267.088527
489.488188	259.594752


491.098928	274.541532
490.793142	267.047757
490.487356	259.553981


492.098097	274.500762
491.792310	267.006986
491.486524	259.513211


493.097265	274.459991
492.791479	266.966216
492.485693	259.472440


494.096433	274.419220
493.790647	266.925445
493.484861	259.431669


495.095602	274.378450
494.789815	266.884674
494.484029	259.390899


496.094770	274.337679
495.788984	266.843904
495.483198	259.350128


497.093938	274.296909
496.788152	266.803133
496.482366	259.309357


498.093106	274.256138
497.787320	266.762362
497.481534	259.268587


499.092275	274.215367
498.786489	266.721592
498.480702	259.227816


500.091443	274.174597
499.785657	266.680821
499.479871	259.187045


501.090611	274.133826
500.784825	266.640050
500.479039	259.146275


502.089780	274.093056
501.783993	266.599280
501.478207	259.105504


503.088948	274.052285
502.783162	266.558509
502.477376	259.064733


504.088116	274.011515
503.782330	266.517739
503.476544	259.023963


505.087285	273.970744
504.781498	266.476968
504.475712	258.983192


506.086453	273.929973
505.780667	266.436197
505.474881	258.942421


507.085621	273.889203
506.779835	266.395427
506.474049	258.901651


508.084789	273.848432
507.779003	266.354656
507.473217	258.860880


509.083958	273.807662
508.778172	266.313885
508.472385	258.820109


510.083126	273.766891
509.777340	266.273115
509.471554	258.779338


511.082294	273.726121
510.776508	266.232344
510.470722	258.738568


512.081463	273.685350
511.775676	266.191574
511.469890	258.697797


513.080631	273.644579
512.774845	266.150803
512.469059	258.657026


514.079799	273.603809
513.774013	266.110032
513.468227	258.616256


515.078967	273.563038
514.773181	266.069262
514.467395	258.575485


516.078136	273.522268
515.772350	266.028491
515.466564	258.534714


517.077304	273.481497
516.771518	265.987720
516.465732	258.493944


518.076472	273.440727
517.770686	265.946950
517.464900	258.453173


519.075641	273.399956
518.769855	265.906179
518.464068	258.412402


520.074809	273.359185
519.769023	265.865408
519.463237	258.371632


521.073977	273.318415
520.768191	265.824638
520.462405	258.330861


522.073146	273.277644
521.767359	265.783867
521.461573	258.290090


523.072314	273.236874
522.766528	265.743097
522.460742	258.249320


524.071482	273.196103
523.765696	265.702326
523.459910	258.208549


525.070650	273.155333
524.764864	265.661555
524.459078	258.167778


526.069819	273.114562
525.764033	265.620785
525.458247	258.127007


527.068987	273.073791
526.763201	265.580014
526.457415	258.086237


528.068155	273.033021
527.762369	265.539243
527.456583	258.045466


529.067324	272.992250
528.761538	265.498473
528.455751	258.004695


530.066492	272.951480
529.760706	265.457702
529.454920	257.963925


531.065660	272.910709
530.759874	265.416932
530.454088	257.923154


532.064829	272.869938
531.759042	265.376161
531.453256	257.882383


533.063997	272.829168
532.758211	265.335390
532.452425	257.841613


534.063165	272.788397
533.757379	265.294620
533.451593	257.800842


535.062333	272.747627
534.756547	265.253849
534.450761	257.760071


536.061502	272.706856
535.755716	265.213078
535.449929	257.719301


537.060670	272.666086
536.754884	265.172308
536.449098	257.678530


538.059838	272.625315
537.754052	265.131537
537.448266	257.637759


539.059007	272.584544
538.753221	265.090767
538.447434	257.596989


540.058175	272.543774
539.752389	265.049996
539.446603	257.556218


541.057343	272.503003
540.751557	265.009225
540.445771	257.515447


542.056512	272.462233
541.750725	264.968455
541.444939	257.474677


543.055680	272.421462
542.749894	264.927684
542.444108	257.433906


544.054848	272.380692
543.749062	264.886913
543.443276	257.393135


545.054016	272.339921
544.748230	264.846143
544.442444	257.352364


546.053185	272.299150
545.747399	264.805372
545.441612	257.311594


547.052353	272.258380
546.746567	264.764601
546.440781	257.270823


548.051521	272.217609
547.745735	264.723831
547.439949	257.230052


549.050690	272.176839
548.744904	264.683060
548.439117	257.189282


550.049858	272.136068
549.744072	264.642290
549.438286	257.148511


551.049026	272.095298
550.743240	264.601519
550.437454	257.107740


552.048195	272.054527
551.742408	264.560748
551.436622	257.066970


553.047363	272.013756
552.741577	264.519978
552.435791	257.026199


554.046531	271.972986
553.740745	264.479207
553.434959	256.985428


555.045699	271.932215
554.739913	264.438436
554.434127	256.944658


556.044868	271.891445
555.739082	264.397666
555.433295	256.903887


557.044036	271.850674
556.738250	264.356895
556.432464	256.863116


558.043204	271.809903
557.737418	264.316125
557.431632	256.822346


559.042373	271.769133
558.736586	264.275354
558.430800	256.781575


560.041541	271.728362
559.735755	264.234583
559.429969	256.740804


561.040709	271.687592
560.734923	264.193813
560.429137	256.700034


562.039878	271.646821
561.734091	264.153042
561.428305	256.659263


563.039046	271.606051
562.733260	264.112271
562.427474	256.618492


564.038214	271.565280
563.732428	264.071501
563.426642	256.577721


565.037382	271.524509
564.731596	264.030730
564.425810	256.536951


566.036551	271.483739
565.730765	263.989959
565.424978	256.496180


567.035719	271.442968
566.729933	263.949189
566.424147	256.455409


568.034887	271.402198
567.729101	263.908418
567.423315	256.414639


569.034056	271.361427
568.728269	263.867648
568.422483	256.373868


570.033224	271.320657
569.727438	263.826877
569.421652	256.333097


571.032392	271.279886
570.726606	263.786106
570.420820	256.292327


572.031561	271.239115
571.725774	263.745336
571.419988	256.251556


573.030729	271.198345
572.724943	263.704565
572.419157	256.210785


574.029897	271.157574
573.724111	263.663794
573.418325	256.170015


575.029065	271.116804
574.723279	263.623024
574.417493	256.129244


576.028234	271.076033
575.722448	263.582253
575.416661	256.088473


577.027402	271.035263
576.721616	263.541483
576.415830	256.047703


578.026570	270.994492
577.720784	263.500712
577.414998	256.006932


579.025739	270.953721
578.719952	263.459941
578.414166	255.966161


580.024907	270.912951
579.719121	263.419171
579.413335	255.925390


581.024075	270.872180
580.718289	263.378400
580.412503	255.884620


582.023243	270.831410
581.717457	263.337629
581.411671	255.843849


583.022412	270.790639
582.716626	263.296859
582.410840	255.803078


584.021580	270.749869
583.715794	263.256088
583.410008	255.762308


585.020748	270.709098
584.714962	263.215317
584.409176	255.721537


586.019917	270.668327
585.714131	263.174547
585.408344	255.680766


587.019085	270.627557
586.713299	263.133776
586.407513	255.639996


588.018253	270.586786
587.712467	263.093006
587.406681	255.599225


589.017422	270.546016
588.711635	263.052235
588.405849	255.558454


590.016590	270.505245
589.710804	263.011464
589.405018	255.517684


591.015758	270.464474
590.709972	262.970694
590.404186	255.476913


592.014926	270.423704
591.709140	262.929923
591.403354	255.436142


593.014095	270.382933
592.708309	262.889152
592.402523	255.395372


594.013263	270.342163
593.707477	262.848382
593.401691	255.354601


595.012431	270.301392
594.706645	262.807611
594.400859	255.313830


596.011600	270.260622
595.705814	262.766841
595.400027	255.273060


597.010768	270.219851
596.704982	262.726070
596.399196	255.232289


598.009936	270.179080
597.704150	262.685299
597.398364	255.191518


599.009105	270.138310
598.703318	262.644529
598.397532	255.150747


600.008273	270.097539
599.702487	262.603758
599.396701	255.109977


601.007441	270.056769
600.701655	262.562987
600.395869	255.069206


602.006609	270.015998
601.700823	262.522217
601.395037	255.028435


603.005778	269.975228
602.699992	262.481446
602.394206	254.987665


604.004946	269.934457
603.699160	262.440676
603.393374	254.946894


605.004114	269.893686
604.698328	262.399905
604.392542	254.906123


606.003283	269.852916
605.697497	262.359134
605.391710	254.865353


607.002451	269.812145
606.696665	262.318364
606.390879	254.824582


608.001619	269.771375
607.695833	262.277593
607.390047	254.783811


609.000788	269.730604
608.695001	262.236822
608.389215	254.743041


609.999956	269.689834
609.694170	262.196052
609.388384	254.702270


610.999124	269.649063
610.693338	262.155281
610.387552	254.661499


611.998292	269.608292
611.692506	262.114510
611.386720	254.620729


612.997461	269.567522
612.691675	262.073740
612.385888	254.579958


613.996629	269.526751
613.690843	262.032969
613.385057	254.539187


614.949814	269.489117
614.690066	261.993598
614.430317	254.498079


615.848457	269.464033
615.689669	261.965696
615.530880	254.467359


616.747357	269.451053
616.689557	261.951257
616.631758	254.451462


617.646349	269.450179
617.689549	261.950285
617.732749	254.450391


618.545272	269.461410
618.689464	261.962778
618.833655	254.464146


619.443962	269.484746
619.689119	261.988736
619.934277	254.492726


620.342256	269.520182
620.688335	262.028153
621.034413	254.536123


621.239992	269.567711
621.686928	262.081022
622.133865	254.594332


622.137006	269.627326
622.684720	262.147333
623.232434	254.667341


623.033136	269.699014
623.681528	262.227075
624.329920	254.755137


623.928219	269.782763
624.677172	262.320234
625.426124	254.857704


624.822094	269.878558
625.671471	262.426791
626.520848	254.975024


625.714597	269.986382
626.664245	262.546728
627.613892	255.107075


626.605568	270.106214
627.655314	262.680023
628.705060	255.253833


627.494844	270.238034
628.644498	262.826652
629.794152	255.415271


628.382264	270.381816
629.631617	262.986589
630.880971	255.591361


629.267668	270.537537
630.616494	263.159804
631.965320	255.782071


630.150894	270.705166
631.598948	263.346265
633.047003	255.987365


631.031783	270.884673
632.578803	263.545940
634.125823	256.207207


631.910175	271.076027
633.555880	263.758792
635.201585	256.441557


632.785910	271.279192
634.530002	263.984782
636.274094	256.690372


633.658830	271.494132
635.500992	264.223869
637.343155	256.953607


634.528776	271.720806
636.468675	264.476011
638.408574	257.231215


635.395591	271.959176
637.432874	264.741160
639.470158	257.523144


636.259118	272.209196
638.393416	265.019270
640.527714	257.829343


637.119199	272.470823
639.350125	265.310289
641.581052	258.149755


637.975679	272.744007
640.302829	265.614165
642.629979	258.484323


638.828403	273.028701
641.251354	265.930843
643.674306	258.832986


639.677216	273.324852
642.195529	266.260266
644.713842	259.195680


640.521963	273.632406
643.135182	266.602373
645.748401	259.572340


641.362493	273.951308
644.070143	266.957103
646.777793	259.962897


642.198652	274.281499
645.000242	267.324390
647.801833	260.367281


643.034231	274.624545
645.925313	267.704165
648.816396	260.783786


643.956947	275.010024
646.848030	268.089645
649.739112	261.169265


644.879664	275.395504
647.770746	268.475124
650.661828	261.554744


645.802381	275.780983
648.693463	268.860603
651.584545	261.940224


646.725097	276.166462
649.616179	269.246083
652.507261	262.325703


647.647814	276.551942
650.538896	269.631562
653.429977	262.711182


648.570531	276.937421
651.461612	270.017041
654.352693	263.096662


649.493248	277.322900
652.384329	270.402521
655.275409	263.482141


650.415964	277.708380
653.307045	270.788000
656.198126	263.867620


651.338681	278.093859
654.229762	271.173479
657.120842	264.253100


652.261398	278.479338
655.152478	271.558959
658.043558	264.638579


653.184115	278.864818
656.075194	271.944438
658.966274	265.024058


654.106831	279.250297
656.997911	272.329917
659.888990	265.409538


655.029548	279.635776
657.920627	272.715397
660.811707	265.795017


655.952265	280.021256
658.843344	273.100876
661.734423	266.180496


656.874982	280.406735
659.766060	273.486355
662.657139	266.565976


657.797698	280.792214
660.688777	273.871835
663.579855	266.951455


658.720415	281.177693
661.611493	274.257314
664.502571	267.336934


659.643132	281.563173
662.534210	274.642793
665.425288	267.722414


660.565849	281.948652
663.456926	275.028272
666.348004	268.107893


661.488565	282.334131
664.379643	275.413752
667.270720	268.493372


662.411282	282.719611
665.302359	275.799231
668.193436	268.878851


663.333999	283.105090
666.225076	276.184710
669.116152	269.264331


664.256716	283.490569
667.147792	276.570190
670.038869	269.649810


665.179432	283.876049
668.070509	276.955669
670.961585	270.035289


666.102149	284.261528
668.993225	277.341148
671.884301	270.420769


667.024866	284.647007
669.915942	277.726628
672.807017	270.806248


667.947582	285.032487
670.838658	278.112107
673.729733	271.191727


668.870299	285.417966
671.761374	278.497586
674.652450	271.577207


669.793016	285.803445
672.684091	278.883066
675.575166	271.962686


670.715733	286.188925
673.606807	279.268545
676.497882	272.348165


671.638449	286.574404
674.529524	279.654024
677.420598	272.733645


672.561166	286.959883
675.452240	280.039504
678.343315	273.119124


673.483883	287.345363
676.374957	280.424983
679.266031	273.504603


674.406600	287.730842
677.297673	280.810462
680.188747	273.890083


675.329316	288.116321
678.220390	281.195942
681.111463	274.275562


676.252033	288.501800
679.143106	281.581421
682.034179	274.661041


677.174750	288.887280
680.065823	281.966900
682.956896	275.046521


678.097467	289.272759
680.988539	282.352379
683.879612	275.432000


679.020183	289.658238
681.911256	282.737859
684.802328	275.817479


679.942900	290.043718
682.833972	283.123338
685.725044	276.202958


680.865617	290.429197
683.756689	283.508817
686.647760	276.588438


681.788334	290.814676
684.679405	283.894297
687.570477	276.973917


682.711050	291.200156
685.602122	284.279776
688.493193	277.359396


683.633767	291.585635
686.524838	284.665255
689.415909	277.744876


684.556484	291.971114
687.447554	285.050735
690.338625	278.130355


685.479201	292.356594
688.370271	285.436214
691.261341	278.515834


686.401917	292.742073
689.292987	285.821693
692.184058	278.901314


687.324634	293.127552
690.215704	286.207173
693.106774	279.286793


688.247351	293.513032
691.138420	286.592652
694.029490	279.672272


689.170067	293.898511
692.061137	286.978131
694.952206	280.057752


690.092784	294.283990
692.983853	287.363611
695.874922	280.443231


691.015501	294.669470
693.906570	287.749090
696.797639	280.828710


691.938218	295.054949
694.829286	288.134569
697.720355	281.214190


692.860934	295.440428
695.752003	288.520049
698.643071	281.599669


693.783651	295.825908
696.674719	288.905528
699.565787	281.985148


694.706368	296.211387
697.597436	289.291007
700.488503	282.370628


695.629085	296.596866
698.520152	289.676486
701.411220	282.756107


696.551801	296.982345
699.442869	290.061966
702.333936	283.141586


697.474518	297.367825
700.365585	290.447445
703.256652	283.527065


698.397235	297.753304
701.288302	290.832924
704.179368	283.912545


699.319952	298.138783
702.211018	291.218404
705.102084	284.298024


700.242668	298.524263
703.133734	291.603883
706.024801	284.683503


701.165385	298.909742
704.056451	291.989362
706.947517	285.068983


702.088102	299.295221
704.979167	292.374842
707.870233	285.454462


703.010819	299.680701
705.901884	292.760321
708.792949	285.839941


703.933535	300.066180
706.824600	293.145800
709.715665	286.225421


704.856252	300.451659
707.747317	293.531280
710.638382	286.610900


705.778969	300.837139
708.670033	293.916759
711.561098	286.996379


706.701686	301.222618
709.592750	294.302238
712.483814	287.381859


707.624402	301.608097
710.515466	294.687718
713.406530	287.767338


708.547119	301.993577
711.438183	295.073197
714.329246	288.152817


709.469836	302.379056
712.360899	295.458676
715.251963	288.538297


710.392552	302.764535
713.283616	295.844156
716.174679	288.923776


711.315269	303.150015
714.206332	296.229635
717.097395	289.309255


712.237986	303.535494
715.129049	296.615114
718.020111	289.694735


713.160703	303.920973
716.051765	297.000594
718.942827	290.080214


714.083419	304.306452
716.974482	297.386073
719.865544	290.465693


715.006136	304.691932
717.897198	297.771552
720.788260	290.851173


715.928853	305.077411
718.819914	298.157031
721.710976	291.236652


716.851570	305.462890
719.742631	298.542511
722.633692	291.622131


717.774286	305.848370
720.665347	298.927990
723.556408	292.007610


718.697003	306.233849
721.588064	299.313469
724.479125	292.393090


719.619720	306.619328
722.510780	299.698949
725.401841	292.778569


720.542437	307.004808
723.433497	300.084428
726.324557	293.164048


721.465153	307.390287
724.356213	300.469907
727.247273	293.549528


722.387870	307.775766
725.278930	300.855387
728.169989	293.935007


723.310587	308.161246
726.201646	301.240866
729.092706	294.320486


724.233304	308.546725
727.124363	301.626345
730.015422	294.705966


725.156020	308.932204
728.047079	302.011825
730.938138	295.091445


726.078737	309.317684
728.969796	302.397304
731.860854	295.476924


727.001454	309.703163
729.892512	302.782783
732.783570	295.862404


727.924171	310.088642
730.815229	303.168263
733.706287	296.247883


728.846887	310.474122
731.737945	303.553742
734.629003	296.633362


729.769604	310.859601
732.660662	303.939221
735.551719	297.018842


730.692321	311.245080
733.583378	304.324701
736.474435	297.404321


731.615037	311.630559
734.506094	304.710180
737.397151	297.789800


732.537754	312.016039
735.428811	305.095659
738.319868	298.175280


733.460471	312.401518
736.351527	305.481138
739.242584	298.560759


734.383188	312.786997
737.274244	305.866618
740.165300	298.946238


735.305904	313.172477
738.196960	306.252097
741.088016	299.331717


736.228621	313.557956
739.119677	306.637576
742.010732	299.717197


737.151338	313.943435
740.042393	307.023056
742.933449	300.102676


738.074055	314.328915
740.965110	307.408535
743.856165	300.488155


738.996771	314.714394
741.887826	307.794014
744.778881	300.873635


739.919488	315.099873
742.810543	308.179494
745.701597	301.259114


740.842205	315.485353
743.733259	308.564973
746.624313	301.644593


741.764922	315.870832
744.655976	308.950452
747.547030	302.030073


742.687638	316.256311
745.578692	309.335932
748.469746	302.415552


743.610355	316.641791
746.501409	309.721411
749.392462	302.801031


744.533072	317.027270
747.424125	310.106890
750.315178	303.186511


745.455789	317.412749
748.346842	310.492370
751.237894	303.571990


746.378505	317.798229
749.269558	310.877849
752.160611	303.957469


