915.920776	-52.902596
912.544006	-59.599430
909.167236	-66.296265


916.813688	-53.352828
913.436918	-60.049663
910.060148	-66.746498


917.706599	-53.803061
914.329829	-60.499896
910.953059	-67.196731


918.599511	-54.253294
915.222741	-60.950129
911.845971	-67.646964


919.492422	-54.703527
916.115652	-61.400362
912.738882	-68.097197


920.385334	-55.153760
917.008564	-61.850595
913.631794	-68.547430


921.278245	-55.603993
917.901475	-62.300828
914.524705	-68.997663


922.171157	-56.054226
918.794387	-62.751061
915.417617	-69.447895


923.064068	-56.504459
919.687298	-63.201294
916.310528	-69.898128


923.956980	-56.954692
920.580210	-63.651527
917.203440	-70.348361


924.849891	-57.404925
921.473121	-64.101760
918.096351	-70.798594


925.742802	-57.855158
922.366032	-64.551993
918.989262	-71.248827


926.635714	-58.305391
923.258944	-65.002225
919.882174	-71.699060


927.528625	-58.755623
924.151855	-65.452458
920.775085	-72.149293


928.421537	-59.205856
925.044767	-65.902691
921.667997	-72.599526


929.314448	-59.656089
925.937678	-66.352924
922.560908	-73.049759


930.207360	-60.106322
926.830590	-66.803157
923.453820	-73.499992


931.100271	-60.556555
927.723501	-67.253390
924.346731	-73.950225


931.993183	-61.006788
928.616413	-67.703623
925.239643	-74.400458


932.886094	-61.457021
929.509324	-68.153856
926.132554	-74.850691


933.779006	-61.907254
930.402236	-68.604089
927.025466	-75.300924


934.671917	-62.357487
931.295147	-69.054322
927.918377	-75.751157


935.564829	-62.807720
932.188059	-69.504555
928.811289	-76.201390


936.457740	-63.257953
933.080970	-69.954788
929.704200	-76.651623


937.350652	-63.708186
933.973882	-70.405021
930.597112	-77.101856


938.243563	-64.158419
934.866793	-70.855254
931.490023	-77.552089


939.136474	-64.608651
935.759704	-71.305487
932.382934	-78.002322


940.029386	-65.058884
936.652616	-71.755720
933.275846	-78.452555


940.922297	-65.509117
937.545527	-72.205953
934.168757	-78.902788


941.815209	-65.959350
938.438439	-72.656186
935.061669	-79.353021


942.708120	-66.409583
939.331350	-73.106419
935.954580	-79.803254


943.601032	-66.859816
940.224262	-73.556651
936.847492	-80.253487


944.493943	-67.310049
941.117173	-74.006884
937.740403	-80.703720


945.386855	-67.760282
942.010085	-74.457117
938.633315	-81.153953


946.279766	-68.210515
942.902996	-74.907350
939.526226	-81.604186


947.172678	-68.660748
943.795908	-75.357583
940.419138	-82.054419


948.065589	-69.110981
944.688819	-75.807816
941.312049	-82.504652


948.958501	-69.561214
945.581731	-76.258049
942.204961	-82.954885


949.851412	-70.011447
946.474642	-76.708282
943.097872	-83.405118


950.744324	-70.461679
947.367554	-77.158515
943.990784	-83.855351


951.637235	-70.911912
948.260465	-77.608748
944.883695	-84.305584


952.530146	-71.362145
949.153376	-78.058981
945.776606	-84.755817


953.423058	-71.812378
950.046288	-78.509214
946.669518	-85.206050


954.315969	-72.262611
950.939199	-78.959447
947.562429	-85.656283


955.208881	-72.712844
951.832111	-79.409680
948.455341	-86.106516


956.101792	-73.163077
952.725022	-79.859913
949.348252	-86.556749


956.994704	-73.613310
953.617934	-80.310146
950.241164	-87.006982


957.887615	-74.063543
954.510845	-80.760379
951.134075	-87.457215


958.780527	-74.513776
955.403757	-81.210612
952.026987	-87.907447


959.673438	-74.964009
956.296668	-81.660845
952.919898	-88.357680


960.566350	-75.414242
957.189580	-82.111078
953.812810	-88.807913


961.459261	-75.864474
958.082491	-82.561310
954.705721	-89.258146


962.352173	-76.314707
958.975403	-83.011543
955.598633	-89.708379


963.245084	-76.764940
959.868314	-83.461776
956.491544	-90.158612


964.137996	-77.215173
960.761226	-83.912009
957.384456	-90.608845


965.030907	-77.665406
961.654137	-84.362242
958.277367	-91.059078


965.923818	-78.115639
962.547048	-84.812475
959.170278	-91.509311


966.816730	-78.565872
963.439960	-85.262708
960.063190	-91.959544


967.709641	-79.016105
964.332871	-85.712941
960.956101	-92.409777


968.602553	-79.466338
965.225783	-86.163174
961.849013	-92.860010


969.495464	-79.916571
966.118694	-86.613407
962.741924	-93.310243


970.388376	-80.366804
967.011606	-87.063640
963.634836	-93.760476


971.281287	-80.817037
967.904517	-87.513873
964.527747	-94.210709


972.174199	-81.267270
968.797429	-87.964106
965.420659	-94.660942


973.067110	-81.717502
969.690340	-88.414339
966.313570	-95.111175


973.960022	-82.167735
970.583252	-88.864572
967.206482	-95.561408


974.852933	-82.617968
971.476163	-89.314805
968.099393	-96.011641


975.745845	-83.068201
972.369075	-89.765038
968.992305	-96.461874


976.638756	-83.518434
973.261986	-90.215271
969.885216	-96.912107


977.531668	-83.968667
974.154898	-90.665504
970.778128	-97.362340


978.424579	-84.418900
975.047809	-91.115736
971.671039	-97.812573


979.317490	-84.869133
975.940720	-91.565969
972.563950	-98.262806


980.210402	-85.319366
976.833632	-92.016202
973.456862	-98.713039


981.103313	-85.769599
977.726543	-92.466435
974.349773	-99.163272


981.996225	-86.219832
978.619455	-92.916668
975.242685	-99.613505


982.889136	-86.670065
979.512366	-93.366901
976.135596	-100.063738


983.782048	-87.120297
980.405278	-93.817134
977.028508	-100.513971


984.674959	-87.570530
981.298189	-94.267367
977.921419	-100.964204


985.567871	-88.020763
982.191101	-94.717600
978.814331	-101.414437


986.460782	-88.470996
983.084012	-95.167833
979.707242	-101.864670


987.353694	-88.921229
983.976924	-95.618066
980.600154	-102.314903


988.246605	-89.371462
984.869835	-96.068299
981.493065	-102.765136


989.139517	-89.821695
985.762747	-96.518532
982.385977	-103.215369


990.032428	-90.271928
986.655658	-96.968765
983.278888	-103.665602


990.925340	-90.722161
987.548570	-97.418998
984.171800	-104.115835


991.818251	-91.172394
988.441481	-97.869231
985.064711	-104.566068


992.711162	-91.622627
989.334392	-98.319464
985.957622	-105.016301


993.604074	-92.072860
990.227304	-98.769697
986.850534	-105.466534


994.496985	-92.523093
991.120215	-99.219930
987.743445	-105.916767


995.389897	-92.973325
992.013127	-99.670162
988.636357	-106.367000


996.282808	-93.423558
992.906038	-100.120395
989.529268	-106.817232


997.175720	-93.873791
993.798950	-100.570628
990.422180	-107.267465


998.068631	-94.324024
994.691861	-101.020861
991.315091	-107.717698


998.961543	-94.774257
995.584773	-101.471094
992.208003	-108.167931


999.854454	-95.224490
996.477684	-101.921327
993.100914	-108.618164


1000.747366	-95.674723
997.370596	-102.371560
993.993826	-109.068397


1001.640277	-96.124956
998.263507	-102.821793
994.886737	-109.518630


1002.533189	-96.575189
999.156419	-103.272026
995.779649	-109.968863


1003.426100	-97.025422
1000.049330	-103.722259
996.672560	-110.419096


1004.319012	-97.475655
1000.942242	-104.172492
997.565472	-110.869329


1005.211923	-97.925888
1001.835153	-104.622725
998.458383	-111.319562


1006.104834	-98.376121
1002.728064	-105.072958
999.351294	-111.769795


1006.997746	-98.826353
1003.620976	-105.523191
1000.244206	-112.220028


1007.890657	-99.276586
1004.513887	-105.973424
1001.137117	-112.670261


1008.783569	-99.726819
1005.406799	-106.423657
1002.030029	-113.120494


1009.676480	-100.177052
1006.299710	-106.873890
1002.922940	-113.570727


1010.569392	-100.627285
1007.192622	-107.324123
1003.815852	-114.020960


1011.462303	-101.077518
1008.085533	-107.774356
1004.708763	-114.471193


1012.355215	-101.527751
1008.978445	-108.224589
1005.601675	-114.921426


1013.248126	-101.977984
1009.871356	-108.674821
1006.494586	-115.371659


1014.141038	-102.428217
1010.764268	-109.125054
1007.387498	-115.821892


1015.033949	-102.878450
1011.657179	-109.575287
1008.280409	-116.272125


1015.926861	-103.328683
1012.550091	-110.025520
1009.173321	-116.722358


1016.819772	-103.778916
1013.443002	-110.475753
1010.066232	-117.172591


1017.712684	-104.229148
1014.335914	-110.925986
1010.959144	-117.622824


1018.605595	-104.679381
1015.228825	-111.376219
1011.852055	-118.073057


1019.498506	-105.129614
1016.121736	-111.826452
1012.744966	-118.523290


1020.391418	-105.579847
1017.014648	-112.276685
1013.637878	-118.973523


1021.284329	-106.030080
1017.907559	-112.726918
1014.530789	-119.423756


1022.177241	-106.480313
1018.800471	-113.177151
1015.423701	-119.873989


1023.070152	-106.930546
1019.693382	-113.627384
1016.316612	-120.324222


1023.963064	-107.380779
1020.586294	-114.077617
1017.209524	-120.774455


1024.855975	-107.831012
1021.479205	-114.527850
1018.102435	-121.224688


1025.748887	-108.281245
1022.372117	-114.978083
1018.995347	-121.674921


1026.641798	-108.731478
1023.265028	-115.428316
1019.888258	-122.125154


1027.534710	-109.181711
1024.157940	-115.878549
1020.781170	-122.575387


1028.427621	-109.631944
1025.050851	-116.328782
1021.674081	-123.025620


1029.320533	-110.082176
1025.943763	-116.779015
1022.566993	-123.475853


1030.213444	-110.532409
1026.836674	-117.229247
1023.459904	-123.926086


1031.106356	-110.982642
1027.729586	-117.679480
1024.352816	-124.376319


1031.999267	-111.432875
1028.622497	-118.129713
1025.245727	-124.826552


1032.892178	-111.883108
1029.515408	-118.579946
1026.138638	-125.276785


1033.785090	-112.333341
1030.408320	-119.030179
1027.031550	-125.727017


1034.678001	-112.783574
1031.301231	-119.480412
1027.924461	-126.177250


1035.570913	-113.233807
1032.194143	-119.930645
1028.817373	-126.627483


1036.463824	-113.684040
1033.087054	-120.380878
1029.710284	-127.077716


1037.356736	-114.134273
1033.979966	-120.831111
1030.603196	-127.527949


1038.249647	-114.584506
1034.872877	-121.281344
1031.496107	-127.978182


1039.142559	-115.034739
1035.765789	-121.731577
1032.389019	-128.428415


0.883911	15.000000
0.883911	7.500000
0.883911	0.000000


1.883911	15.000000
1.883911	7.500000
1.883911	0.000000


2.883911	15.000000
2.883911	7.500000
2.883911	0.000000


3.883911	15.000000
3.883911	7.500000
3.883911	0.000000


4.883911	15.000000
4.883911	7.500000
4.883911	0.000000


5.883911	15.000000
5.883911	7.500000
5.883911	0.000000


6.883911	15.000000
6.883911	7.500000
6.883911	0.000000


7.883911	15.000000
7.883911	7.500000
7.883911	0.000000


8.883911	15.000000
8.883911	7.500000
8.883911	0.000000


9.883911	15.000000
9.883911	7.500000
9.883911	0.000000


10.883911	15.000000
10.883911	7.500000
10.883911	0.000000


11.883911	15.000000
11.883911	7.500000
11.883911	0.000000


12.883911	15.000000
12.883911	7.500000
12.883911	0.000000


13.883911	15.000000
13.883911	7.500000
13.883911	0.000000


14.883911	15.000000
14.883911	7.500000
14.883911	0.000000


15.883911	15.000000
15.883911	7.500000
15.883911	0.000000


16.883911	15.000000
16.883911	7.500000
16.883911	0.000000


17.883911	15.000000
17.883911	7.500000
17.883911	0.000000


18.883911	15.000000
18.883911	7.500000
18.883911	0.000000


19.883911	15.000000
19.883911	7.500000
19.883911	0.000000


20.883911	15.000000
20.883911	7.500000
20.883911	0.000000


21.883911	15.000000
21.883911	7.500000
21.883911	0.000000


22.883911	15.000000
22.883911	7.500000
22.883911	0.000000


23.883911	15.000000
23.883911	7.500000
23.883911	0.000000


24.883911	15.000000
24.883911	7.500000
24.883911	0.000000


25.883911	15.000000
25.883911	7.500000
25.883911	0.000000


26.883911	15.000000
26.883911	7.500000
26.883911	0.000000


27.883911	15.000000
27.883911	7.500000
27.883911	0.000000


28.883911	15.000000
28.883911	7.500000
28.883911	0.000000


29.883911	15.000000
29.883911	7.500000
29.883911	0.000000


30.883911	15.000000
30.883911	7.500000
30.883911	0.000000


31.883911	15.000000
31.883911	7.500000
31.883911	0.000000


32.883911	15.000000
32.883911	7.500000
32.883911	0.000000


33.883911	15.000000
33.883911	7.500000
33.883911	0.000000


34.883911	15.000000
34.883911	7.500000
34.883911	0.000000


35.883911	15.000000
35.883911	7.500000
35.883911	0.000000


36.883911	15.000000
36.883911	7.500000
36.883911	0.000000


37.883911	15.000000
37.883911	7.500000
37.883911	0.000000


38.883911	15.000000
38.883911	7.500000
38.883911	0.000000


39.883911	15.000000
39.883911	7.500000
39.883911	0.000000


40.883911	15.000000
40.883911	7.500000
40.883911	0.000000


41.883911	15.000000
41.883911	7.500000
41.883911	0.000000


42.883911	15.000000
42.883911	7.500000
42.883911	0.000000


43.883911	15.000000
43.883911	7.500000
43.883911	0.000000


44.883911	15.000000
44.883911	7.500000
44.883911	0.000000


45.883911	15.000000
45.883911	7.500000
45.883911	0.000000


46.883911	15.000000
46.883911	7.500000
46.883911	0.000000


47.883911	15.000000
47.883911	7.500000
47.883911	0.000000


48.883911	15.000000
48.883911	7.500000
48.883911	0.000000


49.883911	15.000000
49.883911	7.500000
49.883911	0.000000


50.883911	15.000000
50.883911	7.500000
50.883911	0.000000


51.883911	15.000000
51.883911	7.500000
51.883911	0.000000


52.883911	15.000000
52.883911	7.500000
52.883911	0.000000


53.883911	15.000000
53.883911	7.500000
53.883911	0.000000


54.883911	15.000000
54.883911	7.500000
54.883911	0.000000


55.883911	15.000000
55.883911	7.500000
55.883911	0.000000


56.883911	15.000000
56.883911	7.500000
56.883911	0.000000


57.883911	15.000000
57.883911	7.500000
57.883911	0.000000


58.883911	15.000000
58.883911	7.500000
58.883911	0.000000


59.883911	15.000000
59.883911	7.500000
59.883911	0.000000


60.883911	15.000000
60.883911	7.500000
60.883911	0.000000


61.883911	15.000000
61.883911	7.500000
61.883911	0.000000


62.883911	15.000000
62.883911	7.500000
62.883911	0.000000


63.883911	15.000000
63.883911	7.500000
63.883911	0.000000


64.883911	15.000000
64.883911	7.500000
64.883911	0.000000


65.883911	15.000000
65.883911	7.500000
65.883911	0.000000


66.883911	15.000000
66.883911	7.500000
66.883911	0.000000


67.883911	15.000000
67.883911	7.500000
67.883911	0.000000


68.883911	15.000000
68.883911	7.500000
68.883911	0.000000


69.883911	15.000000
69.883911	7.500000
69.883911	0.000000


70.883911	15.000000
70.883911	7.500000
70.883911	0.000000


71.883911	15.000000
71.883911	7.500000
71.883911	0.000000


72.883911	15.000000
72.883911	7.500000
72.883911	0.000000


73.883911	15.000000
73.883911	7.500000
73.883911	0.000000


74.883911	15.000000
74.883911	7.500000
74.883911	0.000000


75.883911	15.000000
75.883911	7.500000
75.883911	0.000000


76.883911	15.000000
76.883911	7.500000
76.883911	0.000000


77.883911	15.000000
77.883911	7.500000
77.883911	0.000000


78.883911	15.000000
78.883911	7.500000
78.883911	0.000000


79.883911	15.000000
79.883911	7.500000
79.883911	0.000000


80.883911	15.000000
80.883911	7.500000
80.883911	0.000000


81.883911	15.000000
81.883911	7.500000
81.883911	0.000000


82.883911	15.000000
82.883911	7.500000
82.883911	0.000000


83.883911	15.000000
83.883911	7.500000
83.883911	0.000000


84.883911	15.000000
84.883911	7.500000
84.883911	0.000000


85.883911	15.000000
85.883911	7.500000
85.883911	0.000000


86.883911	15.000000
86.883911	7.500000
86.883911	0.000000


87.883911	15.000000
87.883911	7.500000
87.883911	0.000000


88.883911	15.000000
88.883911	7.500000
88.883911	0.000000


89.883911	15.000000
89.883911	7.500000
89.883911	0.000000


90.883911	15.000000
90.883911	7.500000
90.883911	0.000000


91.883911	15.000000
91.883911	7.500000
91.883911	0.000000


92.883911	15.000000
92.883911	7.500000
92.883911	0.000000


93.883911	15.000000
93.883911	7.500000
93.883911	0.000000


94.883911	15.000000
94.883911	7.500000
94.883911	0.000000


95.883911	15.000000
95.883911	7.500000
95.883911	0.000000


96.883911	15.000000
96.883911	7.500000
96.883911	0.000000


97.883911	15.000000
97.883911	7.500000
97.883911	0.000000


98.883911	15.000000
98.883911	7.500000
98.883911	0.000000


99.883911	15.000000
99.883911	7.500000
99.883911	0.000000


100.883911	15.000000
100.883911	7.500000
100.883911	0.000000


101.883911	15.000000
101.883911	7.500000
101.883911	0.000000


102.883911	15.000000
102.883911	7.500000
102.883911	0.000000


103.883911	15.000000
103.883911	7.500000
103.883911	0.000000


104.883911	15.000000
104.883911	7.500000
104.883911	0.000000


105.883911	15.000000
105.883911	7.500000
105.883911	0.000000


106.883911	15.000000
106.883911	7.500000
106.883911	0.000000


107.883911	15.000000
107.883911	7.500000
107.883911	0.000000


108.883911	15.000000
108.883911	7.500000
108.883911	0.000000


109.883911	15.000000
109.883911	7.500000
109.883911	0.000000


110.883911	15.000000
110.883911	7.500000
110.883911	0.000000


111.883911	15.000000
111.883911	7.500000
111.883911	0.000000


112.883911	15.000000
112.883911	7.500000
112.883911	0.000000


113.883911	15.000000
113.883911	7.500000
113.883911	0.000000


114.883911	15.000000
114.883911	7.500000
114.883911	0.000000


115.883911	15.000000
115.883911	7.500000
115.883911	0.000000


116.883911	15.000000
116.883911	7.500000
116.883911	0.000000


117.883911	15.000000
117.883911	7.500000
117.883911	0.000000


118.883911	15.000000
118.883911	7.500000
118.883911	0.000000


119.883911	15.000000
119.883911	7.500000
119.883911	0.000000


120.883911	15.000000
120.883911	7.500000
120.883911	0.000000


121.883911	15.000000
121.883911	7.500000
121.883911	0.000000


122.883911	15.000000
122.883911	7.500000
122.883911	0.000000


123.883911	15.000000
123.883911	7.500000
123.883911	0.000000


124.883911	15.000000
124.883911	7.500000
124.883911	0.000000


125.883911	15.000000
125.883911	7.500000
125.883911	0.000000


126.883911	15.000000
126.883911	7.500000
126.883911	0.000000


127.883911	15.000000
127.883911	7.500000
127.883911	0.000000


128.883911	15.000000
128.883911	7.500000
128.883911	0.000000


129.936266	14.998714
129.883909	7.498897
129.831551	-0.000920


131.101713	14.977705
130.883726	7.480873
130.665739	-0.015958


132.266412	14.930960
131.882901	7.440772
131.499391	-0.049417


133.429794	14.858503
132.880947	7.378612
132.332100	-0.101279


134.591292	14.760369
133.877376	7.294424
133.163461	-0.171520


135.750339	14.636606
134.871704	7.188250
133.993068	-0.260105


136.906370	14.487274
135.863443	7.060141
134.820516	-0.366992


138.058821	14.312446
136.852111	6.910159
135.645401	-0.492128


139.207130	14.112207
137.837226	6.738378
136.467322	-0.635452


140.350736	13.886656
138.818306	6.544881
137.285876	-0.796894


141.489081	13.635901
139.794873	6.329763
138.100665	-0.976376


142.621611	13.360066
140.766451	6.093129
138.911292	-1.173809


143.747772	13.059285
141.732566	5.835094
139.717360	-1.389098


144.756800	12.771846
142.694270	5.561025
140.631739	-1.649796


145.718243	12.496841
143.655713	5.286020
141.593182	-1.924801


146.679686	12.221837
144.617156	5.011016
142.554625	-2.199805


147.641129	11.946833
145.578599	4.736011
143.516068	-2.474810


148.602572	11.671828
146.540042	4.461007
144.477511	-2.749814


149.564015	11.396824
147.501485	4.186003
145.438954	-3.024819


150.525458	11.121819
148.462928	3.910998
146.400397	-3.299823


151.486901	10.846815
149.424371	3.635994
147.361840	-3.574828


152.448344	10.571810
150.385814	3.360989
148.323283	-3.849832


153.409787	10.296806
151.347257	3.085985
149.284726	-4.124836


154.371230	10.021801
152.308700	2.810980
150.246169	-4.399841


155.332673	9.746797
153.270143	2.535976
151.207612	-4.674845


156.294116	9.471793
154.231586	2.260971
152.169055	-4.949850


157.255559	9.196788
155.193029	1.985967
153.130498	-5.224854


158.217002	8.921784
156.154472	1.710963
154.091941	-5.499859


159.178445	8.646779
157.115915	1.435958
155.053384	-5.774863


160.139888	8.371775
158.077358	1.160954
156.014827	-6.049867


161.101331	8.096770
159.038801	0.885949
156.976270	-6.324872


162.062774	7.821766
160.000244	0.610945
157.937713	-6.599876


163.024217	7.546762
160.961687	0.335940
158.899156	-6.874881


163.985660	7.271757
161.923130	0.060936
159.860599	-7.149885


164.947103	6.996753
162.884573	-0.214069
160.822042	-7.424890


165.908546	6.721748
163.846016	-0.489073
161.783485	-7.699894


166.869989	6.446744
164.807459	-0.764077
162.744928	-7.974899


167.831432	6.171739
165.768902	-1.039082
163.706371	-8.249903


168.792875	5.896735
166.730345	-1.314086
164.667814	-8.524907


169.754318	5.621730
167.691788	-1.589091
165.629257	-8.799912


170.715761	5.346726
168.653231	-1.864095
166.590700	-9.074916


171.677204	5.071722
169.614674	-2.139100
167.552143	-9.349921


172.638647	4.796717
170.576117	-2.414104
168.513586	-9.624925


173.600090	4.521713
171.537560	-2.689109
169.475029	-9.899930


174.561534	4.246708
172.499003	-2.964113
170.436472	-10.174934


175.522977	3.971704
173.460446	-3.239117
171.397915	-10.449939


176.484420	3.696699
174.421889	-3.514122
172.359358	-10.724943


177.445863	3.421695
175.383332	-3.789126
173.320802	-10.999947


178.407306	3.146690
176.344775	-4.064131
174.282245	-11.274952


179.368749	2.871686
177.306218	-4.339135
175.243688	-11.549956


180.330192	2.596682
178.267661	-4.614140
176.205131	-11.824961


181.291635	2.321677
179.229104	-4.889144
177.166574	-12.099965


182.253078	2.046673
180.190547	-5.164148
178.128017	-12.374970


183.214521	1.771668
181.151990	-5.439153
179.089460	-12.649974


184.175964	1.496664
182.113433	-5.714157
180.050903	-12.924979


185.137407	1.221659
183.074876	-5.989162
181.012346	-13.199983


186.098850	0.946655
184.036319	-6.264166
181.973789	-13.474987


187.060293	0.671650
184.997762	-6.539171
182.935232	-13.749992


188.021736	0.396646
185.959205	-6.814175
183.896675	-14.024996


188.983179	0.121642
186.920648	-7.089180
184.858118	-14.300001


189.944622	-0.153363
187.882091	-7.364184
185.819561	-14.575005


190.906065	-0.428367
188.843534	-7.639188
186.781004	-14.850010


191.867508	-0.703372
189.804977	-7.914193
187.742447	-15.125014


192.828951	-0.978376
190.766420	-8.189197
188.703890	-15.400018


193.790394	-1.253381
191.727863	-8.464202
189.665333	-15.675023


194.751837	-1.528385
192.689306	-8.739206
190.626776	-15.950027


195.713280	-1.803389
193.650749	-9.014211
191.588219	-16.225032


196.674723	-2.078394
194.612192	-9.289215
192.549662	-16.500036


197.636166	-2.353398
195.573635	-9.564220
193.511105	-16.775041


198.597609	-2.628403
196.535078	-9.839224
194.472548	-17.050045


199.559052	-2.903407
197.496521	-10.114228
195.433991	-17.325050


200.520495	-3.178412
198.457964	-10.389233
196.395434	-17.600054


201.481938	-3.453416
199.419407	-10.664237
197.356877	-17.875058


202.443381	-3.728421
200.380850	-10.939242
198.318320	-18.150063


203.404824	-4.003425
201.342293	-11.214246
199.279763	-18.425067


204.366267	-4.278429
202.303736	-11.489251
200.241206	-18.700072


205.327710	-4.553434
203.265179	-11.764255
201.202649	-18.975076


206.289153	-4.828438
204.226622	-12.039260
202.164092	-19.250081


207.250596	-5.103443
205.188065	-12.314264
203.125535	-19.525085


208.212039	-5.378447
206.149508	-12.589268
204.086978	-19.800090


209.173482	-5.653452
207.110951	-12.864273
205.048421	-20.075094


210.134925	-5.928456
208.072394	-13.139277
206.009864	-20.350098


211.096368	-6.203461
209.033837	-13.414282
206.971307	-20.625103


212.057811	-6.478465
209.995280	-13.689286
207.932750	-20.900107


213.019254	-6.753469
210.956723	-13.964291
208.894193	-21.175112


213.980697	-7.028474
211.918166	-14.239295
209.855636	-21.450116


214.942140	-7.303478
212.879609	-14.514299
210.817079	-21.725121


215.903583	-7.578483
213.841052	-14.789304
211.778522	-22.000125


216.865026	-7.853487
214.802495	-15.064308
212.739965	-22.275130


217.826469	-8.128492
215.763939	-15.339313
213.701408	-22.550134


218.787912	-8.403496
216.725382	-15.614317
214.662851	-22.825138


219.749355	-8.678501
217.686825	-15.889322
215.624294	-23.100143


220.710798	-8.953505
218.648268	-16.164326
216.585737	-23.375147


221.672241	-9.228509
219.609711	-16.439331
217.547180	-23.650152


222.633684	-9.503514
220.571154	-16.714335
218.508623	-23.925156


223.595127	-9.778518
221.532597	-16.989339
219.470066	-24.200161


224.556570	-10.053523
222.494040	-17.264344
220.431509	-24.475165


225.518013	-10.328527
223.455483	-17.539348
221.392952	-24.750169


226.479456	-10.603532
224.416926	-17.814353
222.354395	-25.025174


227.440899	-10.878536
225.378369	-18.089357
223.315838	-25.300178


228.402342	-11.153541
226.339812	-18.364362
224.277281	-25.575183


229.363785	-11.428545
227.301255	-18.639366
225.238724	-25.850187


230.325228	-11.703549
228.262698	-18.914371
226.200167	-26.125192


231.286671	-11.978554
229.224141	-19.189375
227.161610	-26.400196


232.248114	-12.253558
230.185584	-19.464379
228.123053	-26.675201


233.209557	-12.528563
231.147027	-19.739384
229.084496	-26.950205


234.171000	-12.803567
232.108470	-20.014388
230.045939	-27.225209


235.132443	-13.078572
233.069913	-20.289393
231.007382	-27.500214


236.093886	-13.353576
234.031356	-20.564397
231.968825	-27.775218


237.055329	-13.628580
234.992799	-20.839402
232.930268	-28.050223


238.016772	-13.903585
235.954242	-21.114406
233.891711	-28.325227


238.978215	-14.178589
236.915685	-21.389411
234.853154	-28.600232


239.939658	-14.453594
237.877128	-21.664415
235.814597	-28.875236


240.901101	-14.728598
238.838571	-21.939419
236.776040	-29.150241


241.862544	-15.003603
239.800014	-22.214424
237.737483	-29.425245


242.823988	-15.278607
240.761457	-22.489428
238.698926	-29.700249


243.785431	-15.553612
241.722900	-22.764433
239.660370	-29.975254


244.746874	-15.828616
242.684343	-23.039437
240.621813	-30.250258


245.708317	-16.103620
243.645786	-23.314442
241.583256	-30.525263


246.669760	-16.378625
244.607229	-23.589446
242.544699	-30.800267


247.631203	-16.653629
245.568672	-23.864451
243.506142	-31.075272


248.592646	-16.928634
246.530115	-24.139455
244.467585	-31.350276


249.554089	-17.203638
247.491558	-24.414459
245.429028	-31.625281


250.515532	-17.478643
248.453002	-24.689464
246.390471	-31.900285


251.476975	-17.753647
249.414445	-24.964468
247.351914	-32.175289


252.438418	-18.028652
250.375888	-25.239473
248.313357	-32.450294


253.399861	-18.303656
251.337331	-25.514477
249.274800	-32.725298


254.361304	-18.578661
252.298774	-25.789482
250.236243	-33.000303


255.322747	-18.853665
253.260217	-26.064486
251.197686	-33.275307


256.284190	-19.128669
254.221660	-26.339491
252.159129	-33.550312


257.245634	-19.403674
255.183103	-26.614495
253.120572	-33.825316


258.207077	-19.678678
256.144546	-26.889499
254.082016	-34.100321


259.168520	-19.953683
257.105989	-27.164504
255.043459	-34.375325


260.129963	-20.228687
258.067432	-27.439508
256.004902	-34.650330


261.091406	-20.503692
259.028875	-27.714513
256.966345	-34.925334


262.052849	-20.778696
259.990318	-27.989517
257.927788	-35.200338


263.014292	-21.053701
260.951761	-28.264522
258.889231	-35.475343


263.975735	-21.328705
261.913204	-28.539526
259.850674	-35.750347


264.937178	-21.603709
262.874648	-28.814531
260.812117	-36.025352


265.898621	-21.878714
263.836091	-29.089535
261.773560	-36.300356


266.860064	-22.153718
264.797534	-29.364540
262.735003	-36.575361


267.821507	-22.428723
265.758977	-29.639544
263.696446	-36.850365


268.782950	-22.703727
266.720420	-29.914548
264.657889	-37.125370


269.744393	-22.978732
267.681863	-30.189553
265.619332	-37.400374


270.705836	-23.253736
268.643306	-30.464557
266.580775	-37.675378


271.667279	-23.528741
269.604749	-30.739562
267.542218	-37.950383


272.628723	-23.803745
270.566192	-31.014566
268.503662	-38.225387


273.590166	-24.078750
271.527635	-31.289571
269.465105	-38.500392


274.551609	-24.353754
272.489078	-31.564575
270.426548	-38.775396


275.513052	-24.628758
273.450521	-31.839580
271.387991	-39.050401


276.474495	-24.903763
274.411964	-32.114584
272.349434	-39.325405


277.435938	-25.178767
275.373407	-32.389588
273.310877	-39.600410


278.397381	-25.453772
276.334850	-32.664593
274.272320	-39.875414


279.358824	-25.728776
277.296293	-32.939597
275.233763	-40.150419


280.320267	-26.003781
278.257737	-33.214602
276.195206	-40.425423


281.281710	-26.278785
279.219180	-33.489606
277.156649	-40.700427


282.243153	-26.553790
280.180623	-33.764611
278.118092	-40.975432


283.204596	-26.828794
281.142066	-34.039615
279.079535	-41.250436


284.166039	-27.103798
282.103509	-34.314620
280.040978	-41.525441


285.127482	-27.378803
283.064952	-34.589624
281.002421	-41.800445


286.088925	-27.653807
284.026395	-34.864629
281.963864	-42.075450


287.050369	-27.928812
284.987838	-35.139633
282.925307	-42.350454


288.011812	-28.203816
285.949281	-35.414637
283.886751	-42.625459


288.973255	-28.478821
286.910724	-35.689642
284.848194	-42.900463


289.934698	-28.753825
287.872167	-35.964646
285.809637	-43.175467


290.896141	-29.028830
288.833610	-36.239651
286.771080	-43.450472


291.857584	-29.303834
289.795053	-36.514655
287.732523	-43.725476


292.819027	-29.578838
290.756496	-36.789660
288.693966	-44.000481


293.780470	-29.853843
291.717939	-37.064664
289.655409	-44.275485


294.741913	-30.128847
292.679383	-37.339669
290.616852	-44.550490


295.703356	-30.403852
293.640826	-37.614673
291.578295	-44.825494


296.664799	-30.678856
294.602269	-37.889677
292.539738	-45.100499


297.626242	-30.953861
295.563712	-38.164682
293.501181	-45.375503


298.587685	-31.228865
296.525155	-38.439686
294.462624	-45.650507


299.549128	-31.503870
297.486598	-38.714691
295.424067	-45.925512


300.510571	-31.778874
298.448041	-38.989695
296.385510	-46.200516


301.472014	-32.053879
299.409484	-39.264700
297.346953	-46.475521


302.433458	-32.328883
300.370927	-39.539704
298.308397	-46.750525


303.394901	-32.603887
301.332370	-39.814709
299.269840	-47.025530


304.356344	-32.878892
302.293813	-40.089713
300.231283	-47.300534


305.317787	-33.153896
303.255256	-40.364717
301.192726	-47.575539


306.279230	-33.428901
304.216699	-40.639722
302.154169	-47.850543


307.240673	-33.703905
305.178142	-40.914726
303.115612	-48.125548


308.202116	-33.978910
306.139585	-41.189731
304.077055	-48.400552


309.163559	-34.253914
307.101028	-41.464735
305.038498	-48.675556


310.125002	-34.528919
308.062472	-41.739740
305.999941	-48.950561


311.086445	-34.803923
309.023915	-42.014744
306.961384	-49.225565


312.047888	-35.078927
309.985358	-42.289749
307.922827	-49.500570


313.009331	-35.353932
310.946801	-42.564753
308.884270	-49.775574


313.970774	-35.628936
311.908244	-42.839758
309.845713	-50.050579


314.932217	-35.903941
312.869687	-43.114762
310.807156	-50.325583


315.893660	-36.178945
313.831130	-43.389766
311.768599	-50.600588


316.855104	-36.453950
314.792573	-43.664771
312.730042	-50.875592


317.816547	-36.728954
315.754016	-43.939775
313.691486	-51.150596


318.777990	-37.003959
316.715459	-44.214780
314.652929	-51.425601


319.739433	-37.278963
317.676902	-44.489784
315.614372	-51.700605


320.700876	-37.553968
318.638345	-44.764789
316.575815	-51.975610


321.662319	-37.828972
319.599788	-45.039793
317.537258	-52.250614


322.623762	-38.103976
320.561231	-45.314798
318.498701	-52.525619


323.585205	-38.378981
321.522674	-45.589802
319.460144	-52.800623


324.546648	-38.653985
322.484118	-45.864806
320.421587	-53.075628


325.394067	-38.893971
323.446440	-46.136672
321.498814	-53.379374


326.082320	-39.064812
324.416926	-46.377570
322.751532	-53.690329


326.776678	-39.208844
325.396021	-46.580666
324.015363	-53.952488


327.476098	-39.325851
326.382253	-46.745654
325.288407	-54.165457


328.179528	-39.415656
327.374139	-46.872285
326.568750	-54.328915


328.885911	-39.478125
328.370189	-46.960370
327.854467	-54.442616


329.594185	-39.513163
329.368905	-47.009777
329.143625	-54.506391


330.303284	-39.520718
330.368785	-47.020430
330.434287	-54.520142


331.012143	-39.500779
331.368327	-46.992314
331.724511	-54.483850


331.719697	-39.453375
332.366028	-46.925472
333.012359	-54.397569


332.424881	-39.378578
333.360387	-46.820003
334.295894	-54.261427


333.126635	-39.276500
334.349911	-46.676066
335.573186	-54.075632


333.823905	-39.147296
335.333111	-46.493878
336.842316	-53.840460


334.736622	-38.952068
336.311024	-46.284957
337.885426	-53.617847


335.714340	-38.742148
337.288742	-46.075037
338.863144	-53.407927


336.692059	-38.532227
338.266461	-45.865117
339.840863	-53.198007


337.669777	-38.322307
339.244179	-45.655197
340.818581	-52.988086


338.647496	-38.112387
340.221897	-45.445277
341.796299	-52.778166


339.625214	-37.902467
341.199616	-45.235357
342.774018	-52.568246


340.602932	-37.692547
342.177334	-45.025437
343.751736	-52.358326


341.580651	-37.482627
343.155053	-44.815516
344.729454	-52.148406


342.558369	-37.272707
344.132771	-44.605596
345.707173	-51.938486


343.536088	-37.062787
345.110489	-44.395676
346.684891	-51.728566


344.513806	-36.852867
346.088208	-44.185756
347.662610	-51.518646


345.491524	-36.642946
347.065926	-43.975836
348.640328	-51.308726


346.469243	-36.433026
348.043645	-43.765916
349.618046	-51.098805


347.446961	-36.223106
349.021363	-43.555996
350.595765	-50.888885


348.424679	-36.013186
349.999081	-43.346076
351.573483	-50.678965


349.402398	-35.803266
350.976800	-43.136156
352.551202	-50.469045


350.380116	-35.593346
351.954518	-42.926235
353.528920	-50.259125


351.357835	-35.383426
352.932236	-42.716315
354.506638	-50.049205


352.335553	-35.173506
353.909955	-42.506395
355.484357	-49.839285


353.313271	-34.963586
354.887673	-42.296475
356.462075	-49.629365


354.290990	-34.753665
355.865392	-42.086555
357.439793	-49.419445


355.268708	-34.543745
356.843110	-41.876635
358.417512	-49.209524


356.246426	-34.333825
357.820828	-41.666715
359.395230	-48.999604


357.224145	-34.123905
358.798547	-41.456795
360.372949	-48.789684


358.201863	-33.913985
359.776265	-41.246875
361.350667	-48.579764


359.179582	-33.704065
360.753983	-41.036954
362.328385	-48.369844


360.157300	-33.494145
361.731702	-40.827034
363.306104	-48.159924


361.135018	-33.284225
362.709420	-40.617114
364.283822	-47.950004


362.112737	-33.074305
363.687139	-40.407194
365.261540	-47.740084


363.090455	-32.864384
364.664857	-40.197274
366.239259	-47.530164


364.068173	-32.654464
365.642575	-39.987354
367.216977	-47.320243


365.045892	-32.444544
366.620294	-39.777434
368.194696	-47.110323


366.023610	-32.234624
367.598012	-39.567514
369.172414	-46.900403


367.001329	-32.024704
368.575730	-39.357594
370.150132	-46.690483


367.979047	-31.814784
369.553449	-39.147673
371.127851	-46.480563


368.956765	-31.604864
370.531167	-38.937753
372.105569	-46.270643


369.934484	-31.394944
371.508886	-38.727833
373.083287	-46.060723


370.912202	-31.185024
372.486604	-38.517913
374.061006	-45.850803


371.889921	-30.975103
373.464322	-38.307993
375.038724	-45.640883


372.867639	-30.765183
374.442041	-38.098073
376.016443	-45.430962


373.845357	-30.555263
375.419759	-37.888153
376.994161	-45.221042


374.823076	-30.345343
376.397478	-37.678233
377.971879	-45.011122


375.800794	-30.135423
377.375196	-37.468313
378.949598	-44.801202


376.778512	-29.925503
378.352914	-37.258392
379.927316	-44.591282


377.756231	-29.715583
379.330633	-37.048472
380.905035	-44.381362


378.733949	-29.505663
380.308351	-36.838552
381.882753	-44.171442


379.711668	-29.295743
381.286069	-36.628632
382.860471	-43.961522


380.689386	-29.085822
382.263788	-36.418712
383.838190	-43.751602


381.667104	-28.875902
383.241506	-36.208792
384.815908	-43.541681


382.644823	-28.665982
384.219225	-35.998872
385.793626	-43.331761


383.622541	-28.456062
385.196943	-35.788952
386.771345	-43.121841


384.600259	-28.246142
386.174661	-35.579032
387.749063	-42.911921


385.577978	-28.036222
387.152380	-35.369111
388.726782	-42.702001


386.555696	-27.826302
388.130098	-35.159191
389.704500	-42.492081


387.533415	-27.616382
389.107816	-34.949271
390.682218	-42.282161


388.511133	-27.406462
390.085535	-34.739351
391.659937	-42.072241


389.488851	-27.196541
391.063253	-34.529431
392.637655	-41.862321


390.466570	-26.986621
392.040972	-34.319511
393.615373	-41.652400


391.444288	-26.776701
393.018690	-34.109591
394.593092	-41.442480


392.422006	-26.566781
393.996408	-33.899671
395.570810	-41.232560


393.399725	-26.356861
394.974127	-33.689751
396.548529	-41.022640


394.377443	-26.146941
395.951845	-33.479830
397.526247	-40.812720


395.355162	-25.937021
396.929563	-33.269910
398.503965	-40.602800


396.332880	-25.727101
397.907282	-33.059990
399.481684	-40.392880


397.310598	-25.517181
398.885000	-32.850070
400.459402	-40.182960


398.288317	-25.307260
399.862719	-32.640150
401.437120	-39.973040


399.266035	-25.097340
400.840437	-32.430230
402.414839	-39.763119


400.243754	-24.887420
401.818155	-32.220310
403.392557	-39.553199


401.221472	-24.677500
402.795874	-32.010390
404.370276	-39.343279


402.199190	-24.467580
403.773592	-31.800470
405.347994	-39.133359


403.176909	-24.257660
404.751311	-31.590549
406.325712	-38.923439


404.154627	-24.047740
405.729029	-31.380629
407.303431	-38.713519


405.132345	-23.837820
406.706747	-31.170709
408.281149	-38.503599


406.110064	-23.627900
407.684466	-30.960789
409.258868	-38.293679


407.087782	-23.417979
408.662184	-30.750869
410.236586	-38.083759


408.065501	-23.208059
409.639902	-30.540949
411.214304	-37.873838


409.043219	-22.998139
410.617621	-30.331029
412.192023	-37.663918


410.020937	-22.788219
411.595339	-30.121109
413.169741	-37.453998


410.998656	-22.578299
412.573058	-29.911189
414.147459	-37.244078


411.976374	-22.368379
413.550776	-29.701268
415.125178	-37.034158


412.954092	-22.158459
414.528494	-29.491348
416.102896	-36.824238


413.931811	-21.948539
415.506213	-29.281428
417.080615	-36.614318


414.909529	-21.738619
416.483931	-29.071508
418.058333	-36.404398


415.887248	-21.528698
417.461649	-28.861588
419.036051	-36.194478


416.864966	-21.318778
418.439368	-28.651668
420.013770	-35.984557


417.842684	-21.108858
419.417086	-28.441748
420.991488	-35.774637


418.820403	-20.898938
420.394805	-28.231828
421.969206	-35.564717


419.798121	-20.689018
421.372523	-28.021908
422.946925	-35.354797


420.775840	-20.479098
422.350241	-27.811987
423.924643	-35.144877


421.753558	-20.269178
423.327960	-27.602067
424.902362	-34.934957


422.731276	-20.059258
424.305678	-27.392147
425.880080	-34.725037


423.708995	-19.849338
425.283397	-27.182227
426.857798	-34.515117


424.686713	-19.639417
426.261115	-26.972307
427.835517	-34.305197


425.664431	-19.429497
427.238833	-26.762387
428.813235	-34.095276


426.642150	-19.219577
428.216552	-26.552467
429.790953	-33.885356


427.619868	-19.009657
429.194270	-26.342547
430.768672	-33.675436


428.597587	-18.799737
430.171988	-26.132627
431.746390	-33.465516


429.575305	-18.589817
431.149707	-25.922706
432.724109	-33.255596


430.553023	-18.379897
432.127425	-25.712786
433.701827	-33.045676


431.530742	-18.169977
433.105144	-25.502866
434.679545	-32.835756


432.508460	-17.960057
434.082862	-25.292946
435.657264	-32.625836


433.486178	-17.750136
435.060580	-25.083026
436.634982	-32.415916


434.463897	-17.540216
436.038299	-24.873106
437.612701	-32.205995


435.441615	-17.330296
437.016017	-24.663186
438.590419	-31.996075


436.419334	-17.120376
437.993735	-24.453266
439.568137	-31.786155


437.397052	-16.910456
438.971454	-24.243346
440.545856	-31.576235


438.374770	-16.700536
439.949172	-24.033425
441.523574	-31.366315


439.352489	-16.490616
440.926891	-23.823505
442.501292	-31.156395


440.330207	-16.280696
441.904609	-23.613585
443.479011	-30.946475


441.307925	-16.070776
442.882327	-23.403665
444.456729	-30.736555


442.285644	-15.860855
443.860046	-23.193745
445.434448	-30.526635


443.263362	-15.650935
444.837764	-22.983825
446.412166	-30.316714


444.241081	-15.441015
445.815482	-22.773905
447.389884	-30.106794


445.218799	-15.231095
446.793201	-22.563985
448.367603	-29.896874


446.196517	-15.021175
447.770919	-22.354065
449.345321	-29.686954


447.174236	-14.811255
448.748638	-22.144144
450.323039	-29.477034


448.151954	-14.601335
449.726356	-21.934224
451.300758	-29.267114


449.129673	-14.391415
450.704074	-21.724304
452.278476	-29.057194


450.120841	-14.178766
451.681823	-21.514524
453.242804	-28.850282


451.186201	-13.958583
452.661121	-21.312128
454.136041	-28.665673


452.254067	-13.750899
453.642723	-21.121221
455.031379	-28.491543


453.324294	-13.555742
454.626495	-20.941829
455.928696	-28.327916


454.396734	-13.373138
455.612301	-20.773976
456.827868	-28.174814


455.471240	-13.203112
456.600006	-20.617686
457.728773	-28.032259


456.547664	-13.045689
457.589475	-20.472979
458.631286	-27.900269


457.625859	-12.900889
458.580572	-20.339876
459.535284	-27.778864


458.705677	-12.768732
459.573160	-20.218395
460.440642	-27.668059


459.786969	-12.649237
460.567103	-20.108553
461.347237	-27.567870


460.869587	-12.542419
461.562265	-20.010365
462.254943	-27.478310


461.953382	-12.448295
462.558509	-19.923844
463.163636	-27.399393


463.038206	-12.366875
463.555699	-19.849002
464.073192	-27.331128


464.123909	-12.298173
464.553697	-19.785849
464.983485	-27.273525


465.210343	-12.242197
465.552367	-19.734395
465.894390	-27.226593


466.297358	-12.198954
466.551571	-19.694645
466.805783	-27.190336


467.384805	-12.168451
467.551172	-19.666606
467.717538	-27.164762


468.467165	-12.150731
468.551027	-19.650262
468.634890	-27.149793


469.467103	-12.139550
469.550965	-19.639081
469.634827	-27.138612


470.467040	-12.128370
470.550903	-19.627900
470.634765	-27.127431


471.466978	-12.117189
471.550840	-19.616720
471.634703	-27.116250


472.466916	-12.106008
472.550778	-19.605539
472.634640	-27.105070


473.466853	-12.094827
473.550716	-19.594358
473.634578	-27.093889


474.466791	-12.083647
474.550653	-19.583177
474.634516	-27.082708


475.466729	-12.072466
475.550591	-19.571997
475.634453	-27.071527


476.466666	-12.061285
476.550529	-19.560816
476.634391	-27.060347


477.466604	-12.050104
477.550466	-19.549635
477.634329	-27.049166


478.466542	-12.038924
478.550404	-19.538454
478.634266	-27.037985


479.466479	-12.027743
479.550342	-19.527274
479.634204	-27.026804


480.466417	-12.016562
480.550279	-19.516093
480.634142	-27.015624


481.466355	-12.005381
481.550217	-19.504912
481.634079	-27.004443


482.466292	-11.994201
482.550155	-19.493731
482.634017	-26.993262


483.466230	-11.983020
483.550092	-19.482551
483.633955	-26.982081


484.466168	-11.971839
484.550030	-19.471370
484.633892	-26.970901


485.466105	-11.960658
485.549968	-19.460189
485.633830	-26.959720


486.466043	-11.949478
486.549905	-19.449008
486.633768	-26.948539


487.465981	-11.938297
487.549843	-19.437828
487.633705	-26.937358


488.465918	-11.927116
488.549781	-19.426647
488.633643	-26.926178


489.465856	-11.915935
489.549718	-19.415466
489.633581	-26.914997


490.465794	-11.904755
490.549656	-19.404285
490.633518	-26.903816


491.465731	-11.893574
491.549594	-19.393105
491.633456	-26.892635


492.465669	-11.882393
492.549531	-19.381924
492.633394	-26.881454


493.465607	-11.871212
493.549469	-19.370743
493.633331	-26.870274


494.465544	-11.860032
494.549407	-19.359562
494.633269	-26.859093


495.465482	-11.848851
495.549344	-19.348382
495.633206	-26.847912


496.465420	-11.837670
496.549282	-19.337201
496.633144	-26.836731


497.465357	-11.826489
497.549220	-19.326020
497.633082	-26.825551


498.465295	-11.815309
498.549157	-19.314839
498.633019	-26.814370


499.465233	-11.804128
499.549095	-19.303659
499.632957	-26.803189


500.465170	-11.792947
500.549033	-19.292478
500.632895	-26.792008


501.465108	-11.781767
501.548970	-19.281297
501.632832	-26.780828


502.465046	-11.770586
502.548908	-19.270116
502.632770	-26.769647


503.464983	-11.759405
503.548845	-19.258936
503.632708	-26.758466


504.464921	-11.748224
504.548783	-19.247755
504.632645	-26.747285


505.464859	-11.737044
505.548721	-19.236574
505.632583	-26.736105


506.464796	-11.725863
506.548658	-19.225393
506.632521	-26.724924


507.464734	-11.714682
507.548596	-19.214213
507.632458	-26.713743


508.464671	-11.703501
508.548534	-19.203032
508.632396	-26.702562


509.464609	-11.692321
509.548471	-19.191851
509.632334	-26.691382


510.464547	-11.681140
510.548409	-19.180670
510.632271	-26.680201


511.464484	-11.669959
511.548347	-19.169490
511.632209	-26.669020


512.464422	-11.658778
512.548284	-19.158309
512.632147	-26.657839


513.464360	-11.647598
513.548222	-19.147128
513.632084	-26.646658


514.464297	-11.636417
514.548160	-19.135947
514.632022	-26.635478


515.464235	-11.625236
515.548097	-19.124767
515.631960	-26.624297


516.464173	-11.614055
516.548035	-19.113586
516.631897	-26.613116


517.464110	-11.602875
517.547973	-19.102405
517.631835	-26.601935


518.464048	-11.591694
518.547910	-19.091224
518.631773	-26.590755


519.463986	-11.580513
519.547848	-19.080043
519.631710	-26.579574


520.463923	-11.569332
520.547786	-19.068863
520.631648	-26.568393


521.463861	-11.558152
521.547723	-19.057682
521.631586	-26.557212


522.463799	-11.546971
522.547661	-19.046501
522.631523	-26.546032


523.463736	-11.535790
523.547599	-19.035320
523.631461	-26.534851


524.463674	-11.524609
524.547536	-19.024140
524.631399	-26.523670


525.463612	-11.513429
525.547474	-19.012959
525.631336	-26.512489


526.463549	-11.502248
526.547412	-19.001778
526.631274	-26.501309


527.463487	-11.491067
527.547349	-18.990597
527.631212	-26.490128


528.463425	-11.479886
528.547287	-18.979417
528.631149	-26.478947


529.463362	-11.468706
529.547225	-18.968236
529.631087	-26.467766


530.463300	-11.457525
530.547162	-18.957055
530.631025	-26.456586


531.463238	-11.446344
531.547100	-18.945874
531.630962	-26.445405


532.463175	-11.435163
532.547038	-18.934694
532.630900	-26.434224


533.463113	-11.423983
533.546975	-18.923513
533.630838	-26.423043


534.463051	-11.412802
534.546913	-18.912332
534.630775	-26.411863


535.462988	-11.401621
535.546851	-18.901151
535.630713	-26.400682


536.386424	-11.387251
536.546724	-18.885537
536.707023	-26.383823


537.298199	-11.362415
537.546347	-18.858308
537.794495	-26.354201


538.209621	-11.326897
538.545583	-18.819367
538.881544	-26.311838


539.120564	-11.280701
539.544294	-18.768721
539.968023	-26.256741


540.030904	-11.223836
540.542342	-18.706377
541.053781	-26.188917


540.940514	-11.156307
541.539592	-18.632342
542.138670	-26.108376


541.849271	-11.078125
542.535906	-18.546627
543.222541	-26.015129


542.757049	-10.989301
543.531147	-18.449244
544.305245	-25.909188


543.663725	-10.889845
544.525179	-18.340207
545.386634	-25.790568


544.569172	-10.779773
545.517865	-18.219529
546.466558	-25.659285


545.473268	-10.659100
546.509069	-18.087229
547.544870	-25.515358


546.375888	-10.527841
547.498655	-17.943323
548.621421	-25.358806


547.276908	-10.386014
548.486486	-17.787832
549.696064	-25.189650


548.176204	-10.233641
549.472428	-17.620778
550.768652	-25.007914


549.073653	-10.070740
550.456344	-17.442182
551.839036	-24.813623


549.969132	-9.897335
551.438101	-17.252069
552.907070	-24.606804


550.862517	-9.713449
552.417562	-17.050467
553.972608	-24.387484


551.820938	-9.507956
553.395340	-16.840845
554.969741	-24.173735


552.798656	-9.298036
554.373058	-16.630925
555.947460	-23.963815


553.776375	-9.088115
555.350777	-16.421005
556.925178	-23.753895


554.754093	-8.878195
556.328495	-16.211085
557.902897	-23.543974


555.731812	-8.668275
557.306214	-16.001165
558.880616	-23.334054


556.709530	-8.458355
558.283932	-15.791245
559.858334	-23.124134


557.687249	-8.248435
559.261651	-15.581325
560.836053	-22.914214


558.664968	-8.038515
560.239369	-15.371405
561.813771	-22.704294


559.642686	-7.828595
561.217088	-15.161484
562.791490	-22.494374


560.620405	-7.618675
562.194806	-14.951564
563.769208	-22.284454


561.598123	-7.408755
563.172525	-14.741644
564.746927	-22.074534


562.575842	-7.198835
564.150244	-14.531724
565.724645	-21.864614


563.553560	-6.988914
565.127962	-14.321804
566.702364	-21.654694


564.531279	-6.778994
566.105681	-14.111884
567.680083	-21.444773


565.508997	-6.569074
567.083399	-13.901964
568.657801	-21.234853


566.486716	-6.359154
568.061118	-13.692044
569.635520	-21.024933


567.464435	-6.149234
569.038836	-13.482124
570.613238	-20.815013


568.442153	-5.939314
570.016555	-13.272203
571.590957	-20.605093


569.419872	-5.729394
570.994273	-13.062283
572.568675	-20.395173


570.397590	-5.519474
571.971992	-12.852363
573.546394	-20.185253


571.375309	-5.309554
572.949711	-12.642443
574.524112	-19.975333


572.353027	-5.099633
573.927429	-12.432523
575.501831	-19.765413


573.330746	-4.889713
574.905148	-12.222603
576.479550	-19.555492


574.308464	-4.679793
575.882866	-12.012683
577.457268	-19.345572


575.286183	-4.469873
576.860585	-11.802763
578.434987	-19.135652


576.263901	-4.259953
577.838303	-11.592843
579.412705	-18.925732


577.241620	-4.050033
578.816022	-11.382922
580.390424	-18.715812


578.219339	-3.840113
579.793740	-11.173002
581.368142	-18.505892


579.197057	-3.630193
580.771459	-10.963082
582.345861	-18.295972


580.174776	-3.420273
581.749178	-10.753162
583.323579	-18.086052


581.152494	-3.210353
582.726896	-10.543242
584.301298	-17.876132


582.130213	-3.000432
583.704615	-10.333322
585.279016	-17.666212


583.107931	-2.790512
584.682333	-10.123402
586.256735	-17.456291


584.085650	-2.580592
585.660052	-9.913482
587.234454	-17.246371


585.063368	-2.370672
586.637770	-9.703562
588.212172	-17.036451


586.041087	-2.160752
587.615489	-9.493642
589.189891	-16.826531


587.018806	-1.950832
588.593207	-9.283721
590.167609	-16.616611


587.996524	-1.740912
589.570926	-9.073801
591.145328	-16.406691


588.974243	-1.530992
590.548645	-8.863881
592.123046	-16.196771


589.951961	-1.321072
591.526363	-8.653961
593.100765	-15.986851


590.929680	-1.111151
592.504082	-8.444041
594.078483	-15.776931


591.907398	-0.901231
593.481800	-8.234121
595.056202	-15.567010


592.885117	-0.691311
594.459519	-8.024201
596.033921	-15.357090


593.862835	-0.481391
595.437237	-7.814281
597.011639	-15.147170


594.840554	-0.271471
596.414956	-7.604361
597.989358	-14.937250


595.818273	-0.061551
597.392674	-7.394440
598.967076	-14.727330


596.795991	0.148369
598.370393	-7.184520
599.944795	-14.517410


597.773710	0.358289
599.348111	-6.974600
600.922513	-14.307490


598.751428	0.568209
600.325830	-6.764680
601.900232	-14.097570


599.729147	0.778130
601.303549	-6.554760
602.877950	-13.887650


600.706865	0.988050
602.281267	-6.344840
603.855669	-13.677729


601.684584	1.197970
603.258986	-6.134920
604.833388	-13.467809


602.662302	1.407890
604.236704	-5.925000
605.811106	-13.257889


603.640021	1.617810
605.214423	-5.715080
606.788825	-13.047969


604.617739	1.827730
606.192141	-5.505160
607.766543	-12.838049


605.595458	2.037650
607.169860	-5.295239
608.744262	-12.628129


606.573177	2.247570
608.147578	-5.085319
609.721980	-12.418209


607.550895	2.457490
609.125297	-4.875399
610.699699	-12.208289


608.528614	2.667410
610.103016	-4.665479
611.677417	-11.998369


609.506332	2.877331
611.080734	-4.455559
612.655136	-11.788449


610.484051	3.087251
612.058453	-4.245639
613.632855	-11.578528


611.461769	3.297171
613.036171	-4.035719
614.610573	-11.368608


612.439488	3.507091
614.013890	-3.825799
615.588292	-11.158688


613.417206	3.717011
614.991608	-3.615879
616.566010	-10.948768


614.394925	3.926931
615.969327	-3.405958
617.543729	-10.738848


615.372644	4.136851
616.947045	-3.196038
618.521447	-10.528928


616.350362	4.346771
617.924764	-2.986118
619.499166	-10.319008


617.328081	4.556691
618.902483	-2.776198
620.476884	-10.109088


618.305799	4.766612
619.880201	-2.566278
621.454603	-9.899168


619.283518	4.976532
620.857920	-2.356358
622.432321	-9.689247


620.261236	5.186452
621.835638	-2.146438
623.410040	-9.479327


621.238955	5.396372
622.813357	-1.936518
624.387759	-9.269407


622.216673	5.606292
623.791075	-1.726598
625.365477	-9.059487


623.194392	5.816212
624.768794	-1.516677
626.343196	-8.849567


624.172111	6.026132
625.746512	-1.306757
627.320914	-8.639647


625.149829	6.236052
626.724231	-1.096837
628.298633	-8.429727


626.127548	6.445972
627.701950	-0.886917
629.276351	-8.219807


627.105266	6.655892
628.679668	-0.676997
630.254070	-8.009887


628.082985	6.865813
629.657387	-0.467077
631.231788	-7.799967


629.060703	7.075733
630.635105	-0.257157
632.209507	-7.590046


630.038422	7.285653
631.612824	-0.047237
633.187226	-7.380126


631.016140	7.495573
632.590542	0.162683
634.164944	-7.170206


631.993859	7.705493
633.568261	0.372603
635.142663	-6.960286


632.971578	7.915413
634.545979	0.582524
636.120381	-6.750366


633.949296	8.125333
635.523698	0.792444
637.098100	-6.540446


634.927015	8.335253
636.501416	1.002364
638.075818	-6.330526


635.904733	8.545173
637.479135	1.212284
639.053537	-6.120606


636.882452	8.755094
638.456854	1.422204
640.031255	-5.910686


637.860170	8.965014
639.434572	1.632124
641.008974	-5.700765


638.837889	9.174934
640.412291	1.842044
641.986693	-5.490845


639.815607	9.384854
641.390009	2.051964
642.964411	-5.280925


640.793326	9.594774
642.367728	2.261884
643.942130	-5.071005


641.771044	9.804694
643.345446	2.471805
644.919848	-4.861085


642.748763	10.014614
644.323165	2.681725
645.897567	-4.651165


643.726482	10.224534
645.300883	2.891645
646.875285	-4.441245


644.704200	10.434454
646.278602	3.101565
647.853004	-4.231325


645.681919	10.644375
647.256321	3.311485
648.830722	-4.021405


646.659637	10.854295
648.234039	3.521405
649.808441	-3.811485


647.637356	11.064215
649.211758	3.731325
650.786160	-3.601564


648.615074	11.274135
650.189476	3.941245
651.763878	-3.391644


649.592793	11.484055
651.167195	4.151165
652.741597	-3.181724


650.570511	11.693975
652.144913	4.361085
653.719315	-2.971804


651.548230	11.903895
653.122632	4.571006
654.697034	-2.761884


652.525949	12.113815
654.100350	4.780926
655.674752	-2.551964


653.503667	12.323735
655.078069	4.990846
656.652471	-2.342044


654.481386	12.533655
656.055788	5.200766
657.630189	-2.132124


655.459104	12.743576
657.033506	5.410686
658.607908	-1.922204


656.436823	12.953496
658.011225	5.620606
659.585626	-1.712283


657.414541	13.163416
658.988943	5.830526
660.563345	-1.502363


658.392260	13.373336
659.966662	6.040446
661.541064	-1.292443


659.369978	13.583256
660.944380	6.250366
662.518782	-1.082523


660.347697	13.793176
661.922099	6.460287
663.496501	-0.872603


661.325416	14.003096
662.899817	6.670207
664.474219	-0.662683


662.303134	14.213016
663.877536	6.880127
665.451938	-0.452763


663.280853	14.422936
664.855254	7.090047
666.429656	-0.242843


664.258571	14.632857
665.832973	7.299967
667.407375	-0.032923


665.236290	14.842777
666.810692	7.509887
668.385093	0.176998


666.214008	15.052697
667.788410	7.719807
669.362812	0.386918


667.191727	15.262617
668.766129	7.929727
670.340531	0.596838


668.169445	15.472537
669.743847	8.139647
671.318249	0.806758


669.147164	15.682457
670.721566	8.349567
672.295968	1.016678


670.124883	15.892377
671.699284	8.559488
673.273686	1.226598


671.102601	16.102297
672.677003	8.769408
674.251405	1.436518


672.080320	16.312217
673.654721	8.979328
675.229123	1.646438


673.058038	16.522137
674.632440	9.189248
676.206842	1.856358


674.035757	16.732058
675.610159	9.399168
677.184560	2.066278


675.013475	16.941978
676.587877	9.609088
678.162279	2.276199


675.991194	17.151898
677.565596	9.819008
679.139998	2.486119


676.968912	17.361818
678.543314	10.028928
680.117716	2.696039


677.946631	17.571738
679.521033	10.238848
681.095435	2.905959


678.924349	17.781658
680.498751	10.448769
682.073153	3.115879


679.902068	17.991578
681.476470	10.658689
683.050872	3.325799


680.900328	18.205627
682.454240	10.868368
684.008151	3.531109


681.996625	18.428749
683.434141	11.067800
684.871656	3.706852


683.096318	18.634480
684.417077	11.251689
685.737836	3.868898


684.199131	18.822770
685.402803	11.419988
686.606474	4.017206


685.304788	18.993571
686.391070	11.572655
687.477352	4.151738


686.413011	19.146840
687.381631	11.709651
688.350251	4.272461


687.523523	19.282539
688.374237	11.830942
689.224952	4.379345


688.636044	19.400633
689.368640	11.936498
690.101236	4.472363


689.750296	19.501094
690.364590	12.026293
690.978884	4.551492


690.866000	19.583895
691.361837	12.100303
691.857674	4.616711


691.982874	19.649017
692.360131	12.158510
692.737388	4.668004


693.100640	19.696442
693.359222	12.200900
693.617803	4.705359


694.219017	19.726159
694.358859	12.227462
694.498700	4.728765


695.337725	19.738161
695.358791	12.238190
695.379856	4.738219


696.456482	19.732444
696.358767	12.233080
696.261052	4.733715


697.575008	19.709009
697.358537	12.212133
697.142067	4.715257


698.693023	19.667864
698.357850	12.175356
698.022678	4.682849


699.810246	19.609017
699.356456	12.122758
698.902665	4.636498


700.926397	19.532485
700.354103	12.054350
699.781809	4.576216


702.041195	19.438285
701.350541	11.970152
700.659887	4.502019


703.154363	19.326442
702.345521	11.870184
701.536680	4.413925


704.265619	19.196983
703.338793	11.754470
702.411968	4.311957


705.374686	19.049942
704.330108	11.623040
703.285531	4.196139


706.481284	18.885355
705.319218	11.475928
704.157151	4.066500


707.585138	18.703263
706.305873	11.313169
705.026608	3.923074


708.685969	18.503712
707.289827	11.134804
705.893684	3.765897


709.783502	18.286752
708.270832	10.940879
706.758163	3.595007


710.877461	18.052437
709.248644	10.731442
707.619827	3.410448


711.967572	17.800827
710.223016	10.506546
708.478459	3.212265


713.053562	17.531984
711.193704	10.266247
709.333846	3.000509


714.135158	17.245976
712.160465	10.010605
710.185772	2.775233


715.212088	16.942874
713.123056	9.739684
711.034023	2.536493


716.284084	16.622755
714.081235	9.453552
711.878386	2.284350


717.350875	16.285699
715.034763	9.152282
712.718651	2.018865


718.412194	15.931790
715.983400	8.835948
713.554606	1.740107


719.467775	15.561117
716.926908	8.504630
714.386041	1.448144


720.517354	15.173774
717.865051	8.158412
715.212748	1.143050


721.560666	14.769856
718.797593	7.797379
716.034519	0.824902


722.597451	14.349466
719.724300	7.421623
716.851149	0.493780


723.627448	13.912710
720.644940	7.031238
717.662433	0.149765


724.650398	13.459696
721.559282	6.626321
718.468166	-0.207054


725.666046	12.990538
722.467097	6.206974
719.268148	-0.576589


726.674137	12.505354
723.368157	5.773303
720.062176	-0.958747


727.639360	12.023035
724.262620	5.326203
720.885881	-1.370630


728.532271	11.572802
725.155531	4.875970
721.778792	-1.820863


729.425181	11.122569
726.048442	4.425737
722.671702	-2.271096


730.318092	10.672337
726.941353	3.975504
723.564613	-2.721329


731.211003	10.222104
727.834264	3.525271
724.457524	-3.171562


732.103914	9.771871
728.727175	3.075038
725.350435	-3.621795


732.996825	9.321638
729.620086	2.624805
726.243346	-4.072027


733.889736	8.871405
730.512997	2.174572
727.136257	-4.522260


734.782647	8.421172
731.405907	1.724339
728.029168	-4.972493


735.675558	7.970939
732.298818	1.274106
728.922079	-5.422726


736.568469	7.520706
733.191729	0.823873
729.814990	-5.872959


737.461380	7.070473
734.084640	0.373641
730.707901	-6.323192


738.354291	6.620240
734.977551	-0.076592
731.600812	-6.773425


739.247202	6.170007
735.870462	-0.526825
732.493723	-7.223658


740.140112	5.719774
736.763373	-0.977058
733.386633	-7.673891


741.033023	5.269542
737.656284	-1.427291
734.279544	-8.124124


741.925934	4.819309
738.549195	-1.877524
735.172455	-8.574357


742.818845	4.369076
739.442106	-2.327757
736.065366	-9.024590


743.711756	3.918843
740.335017	-2.777990
736.958277	-9.474823


744.604667	3.468610
741.227928	-3.228223
737.851188	-9.925055


745.497578	3.018377
742.120838	-3.678456
738.744099	-10.375288


746.390489	2.568144
743.013749	-4.128689
739.637010	-10.825521


747.283400	2.117911
743.906660	-4.578922
740.529921	-11.275754


748.176311	1.667678
744.799571	-5.029154
741.422832	-11.725987


749.069222	1.217445
745.692482	-5.479387
742.315743	-12.176220


749.962133	0.767212
746.585393	-5.929620
743.208653	-12.626453


750.855043	0.316979
747.478304	-6.379853
744.101564	-13.076686


751.747954	-0.133253
748.371215	-6.830086
744.994475	-13.526919


752.640865	-0.583486
749.264126	-7.280319
745.887386	-13.977152


753.533776	-1.033719
750.157037	-7.730552
746.780297	-14.427385


754.426687	-1.483952
751.049948	-8.180785
747.673208	-14.877618


755.319598	-1.934185
751.942858	-8.631018
748.566119	-15.327850


756.212509	-2.384418
752.835769	-9.081251
749.459030	-15.778083


757.105420	-2.834651
753.728680	-9.531484
750.351941	-16.228316


757.998331	-3.284884
754.621591	-9.981717
751.244852	-16.678549


758.891242	-3.735117
755.514502	-10.431949
752.137763	-17.128782


759.784153	-4.185350
756.407413	-10.882182
753.030674	-17.579015


760.677063	-4.635583
757.300324	-11.332415
753.923584	-18.029248


761.569974	-5.085816
758.193235	-11.782648
754.816495	-18.479481


762.462885	-5.536048
759.086146	-12.232881
755.709406	-18.929714


763.355796	-5.986281
759.979057	-12.683114
756.602317	-19.379947


764.248707	-6.436514
760.871968	-13.133347
757.495228	-19.830180


765.141618	-6.886747
761.764879	-13.583580
758.388139	-20.280413


766.034529	-7.336980
762.657789	-14.033813
759.281050	-20.730645


766.927440	-7.787213
763.550700	-14.484046
760.173961	-21.180878


767.820351	-8.237446
764.443611	-14.934279
761.066872	-21.631111


768.713262	-8.687679
765.336522	-15.384512
761.959783	-22.081344


769.606173	-9.137912
766.229433	-15.834744
762.852694	-22.531577


770.499084	-9.588145
767.122344	-16.284977
763.745605	-22.981810


771.391994	-10.038378
768.015255	-16.735210
764.638515	-23.432043


772.284905	-10.488611
768.908166	-17.185443
765.531426	-23.882276


773.177816	-10.938843
769.801077	-17.635676
766.424337	-24.332509


774.070727	-11.389076
770.693988	-18.085909
767.317248	-24.782742


774.963638	-11.839309
771.586899	-18.536142
768.210159	-25.232975


775.856549	-12.289542
772.479810	-18.986375
769.103070	-25.683208


776.749460	-12.739775
773.372720	-19.436608
769.995981	-26.133440


777.642371	-13.190008
774.265631	-19.886841
770.888892	-26.583673


778.535282	-13.640241
775.158542	-20.337074
771.781803	-27.033906


779.428193	-14.090474
776.051453	-20.787307
772.674714	-27.484139


780.321104	-14.540707
776.944364	-21.237540
773.567625	-27.934372


781.214015	-14.990940
777.837275	-21.687772
774.460536	-28.384605


782.106925	-15.441173
778.730186	-22.138005
775.353446	-28.834838


782.999836	-15.891406
779.623097	-22.588238
776.246357	-29.285071


783.892747	-16.341639
780.516008	-23.038471
777.139268	-29.735304


784.785658	-16.791871
781.408919	-23.488704
778.032179	-30.185537


785.642835	-17.222834
782.302380	-23.937840
778.961926	-30.652845


786.460487	-17.623521
783.200349	-24.377885
779.940211	-31.132249


787.282860	-18.014429
784.103502	-24.807191
780.924143	-31.599953


788.109836	-18.395501
785.011709	-25.225695
781.913583	-32.055889


788.941298	-18.766685
785.924844	-25.633339
782.908389	-32.499994


789.777127	-19.127927
786.842774	-26.030065
783.908421	-32.932203


790.617204	-19.479176
787.765370	-26.415816
784.913537	-33.352457


791.461410	-19.820381
788.692501	-26.790537
785.923592	-33.760694


792.309626	-20.151495
789.624035	-27.154176
786.938444	-34.156856


793.161730	-20.472470
790.559839	-27.506679
787.957948	-34.540889


794.017600	-20.783260
791.499780	-27.847998
788.981959	-34.912736


794.877117	-21.083822
792.443724	-28.178083
790.010332	-35.272344


795.740156	-21.374113
793.391538	-28.496888
791.042920	-35.619664


796.606596	-21.654091
794.343086	-28.804368
792.079577	-35.954645


797.476313	-21.923716
795.298234	-29.100478
793.120154	-36.277240


798.349184	-22.182951
796.256844	-29.385177
794.164505	-36.587402


799.225084	-22.431758
797.218782	-29.658423
795.212480	-36.885088


800.103889	-22.670102
798.183910	-29.920179
796.263931	-37.170256


800.985473	-22.897949
799.152090	-30.170406
797.318708	-37.442864


801.869712	-23.115266
800.123186	-30.409070
798.376660	-37.702875


802.839439	-23.347080
801.095787	-30.641578
799.352135	-37.936077


803.812039	-23.579567
802.068386	-30.874065
800.324734	-38.168563


804.784638	-23.812054
803.040986	-31.106552
801.297333	-38.401050


805.757238	-24.044540
804.013585	-31.339039
802.269933	-38.633537


806.729837	-24.277027
804.986185	-31.571526
803.242532	-38.866024


807.702436	-24.509514
805.958784	-31.804013
804.215132	-39.098511


808.675036	-24.742001
806.931383	-32.036500
805.187731	-39.330998


809.647635	-24.974488
807.903983	-32.268987
806.160330	-39.563485


810.620235	-25.206975
808.876582	-32.501474
807.132930	-39.795972


811.592834	-25.439462
809.849182	-32.733961
808.105529	-40.028459


812.565433	-25.671949
810.821781	-32.966448
809.078129	-40.260946


813.538033	-25.904436
811.794381	-33.198935
810.050728	-40.493433


814.510632	-26.136923
812.766980	-33.431422
811.023328	-40.725920


815.483232	-26.369410
813.739579	-33.663908
811.995927	-40.958407


816.455831	-26.601897
814.712179	-33.896395
812.968526	-41.190894


817.428431	-26.834384
815.684778	-34.128882
813.941126	-41.423381


818.401030	-27.066871
816.657378	-34.361369
814.913725	-41.655868


819.373629	-27.299358
817.629977	-34.593856
815.886325	-41.888355


820.346229	-27.531845
818.602576	-34.826343
816.858924	-42.120842


821.318828	-27.764332
819.575176	-35.058830
817.831523	-42.353329


822.291428	-27.996819
820.547775	-35.291317
818.804123	-42.585816


823.264027	-28.229306
821.520375	-35.523804
819.776722	-42.818303


824.236626	-28.461793
822.492974	-35.756291
820.749322	-43.050790


825.209226	-28.694280
823.465574	-35.988778
821.721921	-43.283276


826.181825	-28.926767
824.438173	-36.221265
822.694521	-43.515763


827.154425	-29.159254
825.410772	-36.453752
823.667120	-43.748250


828.127024	-29.391740
826.383372	-36.686239
824.639719	-43.980737


829.099624	-29.624227
827.355971	-36.918726
825.612319	-44.213224


830.072223	-29.856714
828.328571	-37.151213
826.584918	-44.445711


831.044822	-30.089201
829.301170	-37.383700
827.557518	-44.678198


832.017422	-30.321688
830.273769	-37.616187
828.530117	-44.910685


832.990021	-30.554175
831.246369	-37.848674
829.502717	-45.143172


833.962621	-30.786662
832.218968	-38.081161
830.475316	-45.375659


834.935220	-31.019149
833.191568	-38.313648
831.447915	-45.608146


835.907819	-31.251636
834.164167	-38.546135
832.420515	-45.840633


836.880419	-31.484123
835.136767	-38.778622
833.393114	-46.073120


837.853018	-31.716610
836.109366	-39.011108
834.365714	-46.305607


838.825618	-31.949097
837.081965	-39.243595
835.338313	-46.538094


839.798217	-32.181584
838.054565	-39.476082
836.310912	-46.770581


840.770817	-32.414071
839.027164	-39.708569
837.283512	-47.003068


841.743416	-32.646558
839.999764	-39.941056
838.256111	-47.235555


842.716015	-32.879045
840.972363	-40.173543
839.228711	-47.468042


843.688615	-33.111532
841.944962	-40.406030
840.201310	-47.700529


844.661214	-33.344019
842.917562	-40.638517
841.173910	-47.933016


845.633814	-33.576506
843.890161	-40.871004
842.146509	-48.165503


846.606413	-33.808993
844.862761	-41.103491
843.119108	-48.397989


847.579012	-34.041480
845.835360	-41.335978
844.091708	-48.630476


848.551612	-34.273967
846.807960	-41.568465
845.064307	-48.862963


849.524211	-34.506453
847.780559	-41.800952
846.036907	-49.095450


850.496811	-34.738940
848.753158	-42.033439
847.009506	-49.327937


851.469410	-34.971427
849.725758	-42.265926
847.982105	-49.560424


852.442010	-35.203914
850.698357	-42.498413
848.954705	-49.792911


853.414609	-35.436401
851.670957	-42.730900
849.927304	-50.025398


854.387208	-35.668888
852.643556	-42.963387
850.899904	-50.257885


855.359808	-35.901375
853.616155	-43.195874
851.872503	-50.490372


856.332407	-36.133862
854.588755	-43.428361
852.845103	-50.722859


857.305007	-36.366349
855.561354	-43.660848
853.817702	-50.955346


858.277606	-36.598836
856.533954	-43.893335
854.790301	-51.187833


859.250205	-36.831323
857.506553	-44.125821
855.762901	-51.420320


860.222805	-37.063810
858.479153	-44.358308
856.735500	-51.652807


861.195404	-37.296297
859.451752	-44.590795
857.708100	-51.885294


862.168004	-37.528784
860.424351	-44.823282
858.680699	-52.117781


863.140603	-37.761271
861.396951	-45.055769
859.653298	-52.350268


864.113203	-37.993758
862.369550	-45.288256
860.625898	-52.582755


865.085802	-38.226245
863.342150	-45.520743
861.598497	-52.815242


866.058401	-38.458732
864.314749	-45.753230
862.571097	-53.047729


867.031001	-38.691219
865.287348	-45.985717
863.543696	-53.280216


868.003600	-38.923706
866.259948	-46.218204
864.516296	-53.512703


868.976200	-39.156193
867.232547	-46.450691
865.488895	-53.745189


869.948799	-39.388680
868.205147	-46.683178
866.461494	-53.977676


870.921398	-39.621166
869.177746	-46.915665
867.434094	-54.210163


871.893998	-39.853653
870.150346	-47.148152
868.406693	-54.442650


872.866597	-40.086140
871.122945	-47.380639
869.379293	-54.675137


873.839197	-40.318627
872.095544	-47.613126
870.351892	-54.907624


874.811796	-40.551114
873.068144	-47.845613
871.324491	-55.140111


875.784396	-40.783601
874.040743	-48.078100
872.297091	-55.372598


876.756995	-41.016088
875.013343	-48.310587
873.269690	-55.605085


877.729594	-41.248575
875.985942	-48.543074
874.242290	-55.837572


878.702194	-41.481062
876.958541	-48.775561
875.214889	-56.070059


879.674793	-41.713549
877.931141	-49.008048
876.187489	-56.302546


880.647393	-41.946036
878.903740	-49.240534
877.160088	-56.535033


881.619992	-42.178523
879.876340	-49.473021
878.132687	-56.767520


882.592591	-42.411010
880.848939	-49.705508
879.105287	-57.000007


883.565191	-42.643497
881.821539	-49.937995
880.077886	-57.232494


884.537790	-42.875984
882.794138	-50.170482
881.050486	-57.464981


885.510390	-43.108471
883.766737	-50.402969
882.023085	-57.697468


886.482989	-43.340958
884.739337	-50.635456
882.995684	-57.929955


887.455589	-43.573445
885.711936	-50.867943
883.968284	-58.162442


888.428188	-43.805932
886.684536	-51.100430
884.940883	-58.394929


889.400787	-44.038419
887.657135	-51.332917
885.913483	-58.627416


890.373387	-44.270906
888.629734	-51.565404
886.886082	-58.859902


891.345986	-44.503393
889.602334	-51.797891
887.858682	-59.092389


892.318586	-44.735880
890.574933	-52.030378
888.831281	-59.324876


893.291185	-44.968366
891.547533	-52.262865
889.803880	-59.557363


894.263784	-45.200853
892.520132	-52.495352
890.776480	-59.789850


895.236384	-45.433340
893.492732	-52.727839
891.749079	-60.022337


896.225030	-45.669892
894.465283	-52.960524
892.705536	-60.251157


897.282510	-45.931820
895.435945	-53.200948
893.589380	-60.470077


898.336791	-46.206340
896.403671	-53.452931
894.470551	-60.699522


899.387724	-46.493413
897.368323	-53.716436
895.348922	-60.939458


900.435158	-46.792999
898.329764	-53.991426
896.224370	-61.189852


901.478945	-47.105054
899.287857	-54.277861
897.096770	-61.450669


902.518937	-47.429535
900.242467	-54.575702
897.965997	-61.721870


903.554985	-47.766394
901.193456	-54.884906
898.831928	-62.003418


904.586942	-48.115585
902.140691	-55.205429
899.694440	-62.295273


905.614662	-48.477058
903.084036	-55.537225
900.553410	-62.597393


906.637998	-48.850760
904.023357	-55.880247
901.408717	-62.909734


907.656804	-49.236640
904.958521	-56.234447
902.260237	-63.232253


908.670937	-49.634642
905.889394	-56.599773
903.107851	-63.564904


909.680251	-50.044709
906.815844	-56.976175
903.951438	-63.907640


910.684603	-50.466784
907.737740	-57.363597
904.790878	-64.260411


911.683850	-50.900806
908.654950	-57.761987
905.626051	-64.623167


912.677850	-51.346713
909.567344	-58.171285
906.456838	-64.995857


913.666462	-51.804443
910.474792	-58.591436
907.283122	-65.378429


914.649546	-52.273929
911.377166	-59.022378
908.104786	-65.770826


